33 104 5
0 16
0 12
0 13
0 15
0 22
0 23
0 20
0 14
1 29
1 21
1 9
1 27
2 11
2 17
2 18
2 24
2 3
2 4
3 19
3 17
3 18
3 24
3 32
3 4
3 26
4 19
4 17
4 5
4 32
5 11
5 18
5 24
5 32
6 17
6 24
6 32
7 16
7 10
7 13
7 23
7 8
8 16
8 12
8 13
8 15
8 23
8 20
8 14
9 30
9 29
9 21
9 28
10 16
10 13
10 15
10 31
10 22
10 20
10 14
11 19
11 18
11 24
11 32
11 26
12 16
12 15
12 22
12 14
13 16
13 15
13 22
13 20
13 14
14 15
14 31
14 23
16 31
16 23
16 20
17 18
17 24
17 32
17 26
18 19
18 24
18 32
19 24
19 32
19 26
20 23
21 30
21 29
21 28
22 31
22 23
23 31
24 32
24 26
26 32
27 30
27 29
27 28
28 30
29 30
11 26
12 15
5 32
31 14
0 14
8 25
14 17
23 30
13 4
8 1
