35 135 5
0 6
0 29
0 30
1 19
1 22
1 13
1 28
1 26
1 24
1 3
1 12
1 7
1 16
1 25
1 27
1 11
2 31
2 10
2 18
2 9
2 14
2 23
2 33
2 32
3 19
3 21
3 22
3 28
3 26
3 24
3 12
3 7
3 16
3 25
3 27
3 11
4 17
5 8
5 9
5 23
5 32
6 29
6 15
7 19
7 22
7 28
7 26
7 24
7 12
7 16
7 25
7 27
8 31
8 10
8 18
8 14
8 23
8 33
8 32
9 31
9 10
9 18
9 14
9 23
9 32
10 31
10 18
10 14
10 23
10 33
10 32
11 19
11 21
11 22
11 13
11 28
11 26
11 12
11 16
11 27
12 22
12 13
12 24
12 16
12 25
12 27
13 19
13 22
13 28
13 26
13 24
13 16
13 25
14 31
14 18
14 23
14 33
14 32
15 34
15 30
16 21
16 22
16 25
16 27
17 20
18 31
18 23
18 32
19 21
19 22
19 28
19 26
19 24
19 25
21 22
21 28
21 26
21 24
21 25
21 27
22 28
22 27
23 31
23 33
23 32
24 28
24 26
24 27
25 28
25 26
25 27
26 28
26 27
30 34
31 33
11 26
8 2
14 5
21 22
33 9
31 20
12 8
2 26
8 16
34 26
