32 84 5
0 24
0 19
0 31
0 15
0 18
1 24
1 19
1 31
1 5
2 30
2 23
2 4
2 17
3 30
3 23
3 12
3 17
5 28
5 6
5 14
5 9
5 31
5 18
6 10
6 13
6 19
6 31
6 21
6 18
7 28
7 14
7 25
7 20
8 26
8 23
8 12
8 17
9 22
9 13
9 29
9 31
9 15
9 21
9 18
10 13
10 19
10 14
10 15
10 18
11 12
11 16
12 30
12 17
13 28
13 29
13 15
13 21
13 20
13 18
14 22
14 24
14 29
15 29
15 25
16 26
17 30
18 25
18 20
19 29
19 21
19 20
20 22
20 28
20 29
20 25
21 27
21 31
22 28
22 29
23 30
23 26
24 29
24 31
27 31
7 19
14 5
18 27
24 15
1 21
17 31
30 0
1 12
28 23
11 0
