29 170 5
0 27
0 6
0 23
0 8
1 24
1 12
1 5
1 22
1 26
1 18
1 9
1 7
1 15
1 19
1 11
1 16
1 2
1 3
1 10
2 24
2 13
2 5
2 22
2 21
2 26
2 18
2 9
2 14
2 19
2 20
2 28
2 10
3 13
3 12
3 5
3 22
3 21
3 26
3 18
3 7
3 14
3 15
3 19
3 11
3 16
3 17
3 28
3 10
4 25
4 27
4 6
4 23
5 13
5 22
5 21
5 26
5 18
5 7
5 15
5 19
5 11
5 20
5 16
5 10
6 25
6 27
6 23
7 13
7 12
7 21
7 26
7 18
7 14
7 15
7 11
7 17
7 10
8 25
8 27
8 23
9 24
9 12
9 21
9 14
9 15
9 19
9 16
10 24
10 22
10 26
10 15
10 20
10 28
11 24
11 13
11 12
11 22
11 21
11 26
11 15
11 20
11 17
12 13
12 22
12 21
12 18
12 14
12 15
12 19
12 20
12 28
13 24
13 22
13 21
13 26
13 18
13 14
13 15
13 19
13 16
13 17
13 28
14 24
14 21
14 26
14 18
14 15
14 19
14 16
14 28
15 22
15 21
15 18
15 20
15 16
15 17
15 28
16 22
16 21
16 26
16 19
16 28
17 22
17 21
17 26
17 19
17 20
18 22
18 26
18 20
19 22
19 21
19 20
19 28
20 24
20 22
20 21
20 28
21 24
21 22
21 26
21 28
22 24
22 26
22 28
23 25
23 27
24 26
24 28
25 27
1 15
2 9
19 5
11 9
26 21
21 23
11 25
24 4
25 14
28 25
