27 95 5
0 13
0 7
1 14
1 12
1 2
1 5
1 3
1 11
1 9
1 24
1 19
1 23
2 14
2 10
2 16
2 5
2 3
2 11
2 24
2 19
2 23
3 14
3 10
3 12
3 16
3 5
3 11
3 9
3 24
3 23
4 25
4 6
4 15
4 20
4 8
5 10
5 16
5 11
5 9
5 24
5 19
5 23
6 25
6 15
6 18
6 20
6 8
7 13
7 26
7 17
8 25
8 15
8 20
9 10
9 12
9 22
9 24
9 19
9 23
10 14
10 12
10 16
10 11
10 19
11 12
11 22
11 16
11 19
11 23
12 14
12 22
12 16
12 19
12 23
13 21
13 26
13 17
14 22
14 16
15 25
15 18
15 20
16 22
16 24
16 19
16 23
17 26
18 20
19 22
19 24
19 23
20 25
22 24
22 23
23 24
24 14
11 2
3 22
11 10
19 10
6 10
21 15
4 14
2 0
26 6
