33 199 5
0 5
0 6
0 16
0 18
0 29
0 24
0 21
0 28
0 11
0 14
0 9
0 8
0 25
1 23
1 26
1 19
1 17
1 12
1 22
1 13
1 7
1 15
2 23
2 26
2 19
2 12
2 7
2 15
2 30
2 3
3 23
3 26
3 19
3 17
3 12
3 22
3 13
3 7
3 15
3 30
4 5
4 27
4 6
4 16
4 18
4 29
4 24
4 10
4 20
4 21
4 28
4 31
4 32
4 25
5 27
5 16
5 18
5 29
5 10
5 11
5 14
5 31
5 9
5 8
5 32
5 25
6 27
6 16
6 18
6 24
6 10
6 20
6 21
6 28
6 11
6 31
6 9
6 8
7 23
7 26
7 19
7 12
7 15
7 30
8 27
8 18
8 29
8 10
8 20
8 21
8 28
8 11
8 9
9 16
9 18
9 29
9 24
9 10
9 21
9 28
9 11
9 14
9 32
9 25
10 16
10 18
10 29
10 24
10 11
10 32
10 25
11 27
11 16
11 18
11 29
11 24
11 20
11 21
11 14
11 31
11 25
12 23
12 26
12 19
12 17
12 22
12 13
12 15
12 30
13 23
13 26
13 19
13 17
13 22
13 15
13 30
14 27
14 29
14 24
14 21
14 28
14 31
14 25
15 23
15 19
15 17
15 22
16 27
16 18
16 29
16 24
16 20
16 21
16 28
16 31
16 32
16 25
17 26
17 19
17 30
18 27
18 29
18 28
18 31
18 25
19 30
20 27
20 24
20 21
20 28
20 31
20 32
20 25
21 27
21 29
21 24
21 28
21 31
21 32
21 25
22 30
23 26
23 30
24 27
24 29
24 28
24 31
24 32
24 25
25 27
25 32
26 30
27 29
27 31
27 32
28 29
28 32
29 31
29 32
1 13
4 9
4 29
0 5
25 6
15 21
7 31
7 24
26 24
11 13
