33 105 5
0 20
0 27
0 5
0 16
0 8
0 30
0 3
0 31
1 7
1 4
1 18
2 17
2 21
2 23
2 26
2 30
2 14
2 11
2 29
2 31
3 19
3 20
3 28
3 16
3 23
3 10
3 26
3 32
3 14
3 6
3 9
5 19
5 20
5 23
5 32
5 29
6 15
6 13
6 26
6 22
7 18
8 15
8 17
8 10
8 26
8 30
8 29
8 31
9 20
9 13
9 23
9 14
9 22
10 15
10 13
10 21
10 25
10 26
10 31
11 15
11 28
11 16
11 17
11 25
11 22
12 24
13 19
13 15
13 27
13 28
13 25
13 26
14 19
14 27
14 32
14 29
14 22
15 27
15 23
15 26
15 32
16 23
16 29
16 22
16 31
17 27
17 21
19 27
19 32
19 31
21 25
21 32
21 29
21 22
21 31
22 23
22 30
23 27
23 28
25 32
26 28
26 29
28 30
28 29
31 32
6 10
15 19
3 5
1 7
3 14
31 24
2 24
0 12
7 13
18 6
