27 116 5
0 18
0 14
0 16
0 12
0 2
0 22
0 1
0 21
1 18
1 14
1 16
1 21
2 18
2 14
2 5
2 12
2 22
2 21
3 7
3 9
3 15
3 25
3 23
3 26
3 19
4 7
4 10
4 20
4 13
4 15
4 17
4 25
4 23
4 26
4 6
4 11
4 24
5 18
5 14
5 16
5 22
5 21
6 13
6 8
6 15
6 17
6 25
6 26
6 19
6 24
7 9
7 10
7 20
7 13
7 17
7 25
7 23
7 26
7 19
7 11
8 9
8 10
8 17
8 23
8 26
8 11
8 24
9 10
9 20
9 15
9 17
9 23
9 24
10 15
10 25
10 26
11 20
11 15
11 17
11 25
11 23
12 18
12 16
12 22
13 15
13 17
13 25
13 26
13 19
13 24
14 16
15 20
15 17
15 25
15 23
15 26
15 19
16 18
16 21
17 20
17 23
17 26
17 24
18 22
18 21
19 25
19 23
19 26
19 24
20 25
20 26
20 24
21 22
23 24
24 25
25 26
24 23
26 10
19 23
16 0
21 5
24 16
19 14
18 25
16 3
22 23
