35 83 5
0 31
0 3
0 23
0 7
0 4
1 10
1 28
1 8
1 24
2 5
2 21
2 6
2 29
3 32
3 31
3 30
3 29
4 5
4 31
4 11
4 30
5 14
5 30
5 7
5 20
6 14
6 21
6 29
6 20
7 16
7 14
7 31
7 30
8 15
8 10
8 28
8 19
9 22
9 26
9 28
9 25
10 34
10 33
10 18
10 24
10 19
11 16
11 14
11 13
11 23
12 17
13 14
13 27
13 29
14 16
14 32
15 25
15 18
15 24
16 32
16 21
16 30
16 29
16 20
19 34
19 26
19 25
19 24
20 31
20 30
20 29
21 30
21 27
22 34
22 33
23 30
23 29
24 26
25 33
26 28
27 32
28 34
29 31
4 16
29 3
10 22
23 6
18 22
26 5
12 19
19 31
16 34
31 26
