33 182 5
0 3
0 18
0 20
0 22
0 10
0 26
0 2
0 13
0 29
0 30
0 12
0 23
1 3
1 18
1 24
1 5
1 7
1 22
1 6
1 10
1 26
1 2
1 29
1 30
1 12
2 18
2 24
2 5
2 7
2 22
2 6
2 10
2 26
2 13
2 29
2 30
2 12
2 23
3 18
3 20
3 22
3 6
3 10
3 26
3 29
3 30
3 12
3 23
4 28
4 21
4 32
4 27
4 8
4 25
4 17
4 19
4 9
4 11
5 18
5 20
5 22
5 6
5 26
5 13
5 29
5 12
5 23
6 7
6 20
6 10
6 26
6 29
6 30
6 23
7 24
7 22
7 10
7 26
7 29
7 30
7 12
7 23
8 28
8 21
8 15
8 32
8 27
8 17
8 16
8 19
8 9
8 11
9 28
9 21
9 31
9 15
9 32
9 16
9 14
10 24
10 20
10 22
10 26
10 29
10 12
10 23
11 28
11 21
11 31
11 15
11 32
11 27
11 25
11 16
11 19
12 18
12 24
12 20
12 22
12 26
12 29
12 23
13 18
13 24
13 20
13 22
13 29
13 30
14 28
14 21
14 15
14 32
14 19
15 28
15 21
15 31
15 27
15 25
15 17
15 16
16 28
16 21
16 32
16 27
17 28
17 21
17 32
17 27
17 25
17 19
18 24
18 22
18 26
18 29
18 23
19 28
19 31
19 25
20 24
20 22
20 29
20 30
20 23
21 28
21 31
21 27
21 25
22 29
22 30
22 23
23 24
24 26
24 29
25 28
25 31
26 29
26 30
27 31
27 32
28 31
28 32
31 32
0 6
12 6
31 17
4 11
18 7
1 11
15 29
31 29
26 31
29 27
