35 133 5
0 18
0 11
0 9
0 15
0 17
0 12
1 33
1 16
1 24
1 32
1 34
1 22
1 26
1 20
1 2
1 19
1 23
1 29
1 7
2 33
2 16
2 32
2 34
2 22
2 20
2 14
2 7
3 27
3 6
3 10
4 8
4 13
5 18
5 11
5 28
5 17
5 12
6 27
7 25
7 16
7 32
7 22
7 21
7 20
7 14
7 19
7 23
7 29
8 30
9 18
9 11
9 28
9 15
9 17
9 12
10 27
11 28
11 17
12 18
12 17
13 30
13 31
14 25
14 16
14 32
14 34
14 26
14 20
14 23
14 29
15 18
15 28
15 17
16 33
16 25
16 24
16 32
16 34
16 22
16 21
16 26
16 20
16 19
17 28
18 28
19 33
19 25
19 24
19 32
19 34
19 22
19 21
19 26
19 20
19 23
19 29
20 25
20 24
20 32
20 21
20 26
20 23
20 29
21 33
21 25
21 24
21 34
21 22
21 26
21 23
22 25
22 24
22 32
22 26
22 23
23 33
23 24
23 34
23 26
23 29
24 25
24 26
24 29
25 33
25 34
25 26
25 29
26 33
26 29
29 33
30 31
32 33
32 34
32 14
1 21
0 17
7 26
21 26
27 23
12 20
12 27
16 0
18 1
