34 281 5
0 17
0 4
0 11
0 9
0 3
0 13
0 16
0 31
0 23
0 6
0 14
0 30
0 27
0 5
0 2
0 24
0 10
0 28
0 7
0 26
1 15
1 22
1 8
2 17
2 4
2 3
2 13
2 12
2 16
2 18
2 32
2 31
2 6
2 14
2 19
2 24
2 21
2 10
2 28
2 7
2 26
2 25
2 29
3 17
3 11
3 9
3 12
3 18
3 20
3 32
3 31
3 6
3 14
3 19
3 30
3 5
3 21
3 7
3 25
4 11
4 9
4 16
4 18
4 20
4 31
4 23
4 6
4 14
4 19
4 30
4 27
4 5
4 24
4 21
4 28
4 7
4 25
4 29
5 11
5 9
5 13
5 12
5 16
5 18
5 32
5 31
5 14
5 19
5 28
5 7
5 25
5 29
6 11
6 12
6 16
6 20
6 31
6 23
6 14
6 19
6 30
6 24
6 21
6 10
6 28
6 7
6 25
6 29
7 11
7 13
7 18
7 20
7 32
7 31
7 23
7 14
7 19
7 30
7 27
7 24
7 21
7 10
7 25
7 29
8 15
9 17
9 16
9 32
9 31
9 23
9 14
9 19
9 30
9 27
9 21
9 10
9 28
9 26
10 17
10 11
10 12
10 18
10 20
10 32
10 30
10 24
10 28
10 26
10 25
11 17
11 13
11 12
11 18
11 31
11 23
11 19
11 30
11 27
11 24
11 28
11 26
11 25
11 29
12 17
12 13
12 16
12 20
12 32
12 31
12 23
12 19
12 24
12 21
12 28
12 26
12 25
12 29
13 16
13 18
13 20
13 32
13 31
13 14
13 19
13 30
13 24
13 26
13 29
14 17
14 16
14 18
14 20
14 31
14 19
14 30
14 24
14 21
14 26
14 25
14 29
15 22
16 17
16 18
16 20
16 32
16 31
16 23
16 19
16 30
16 21
16 28
16 26
16 29
17 20
17 23
17 19
17 27
17 24
17 21
17 28
17 29
18 27
18 24
18 28
18 26
19 20
19 31
19 23
19 21
19 28
19 26
19 25
20 32
20 23
20 24
20 21
20 28
20 25
20 29
21 32
21 31
21 23
21 30
21 27
21 24
21 28
21 25
21 29
22 33
23 30
23 27
23 24
23 28
23 25
24 32
24 31
24 30
24 27
24 28
24 26
24 29
25 32
25 30
25 26
25 29
26 32
26 31
26 30
26 27
27 32
27 30
27 28
27 29
28 32
28 31
28 30
28 29
29 32
30 32
30 31
31 32
27 28
23 6
12 29
30 29
20 5
33 16
22 6
8 21
4 1
0 8
