35 317 5
0 32
0 13
0 19
0 6
0 21
0 10
0 31
0 16
0 7
0 20
0 8
0 17
0 12
0 3
0 11
0 23
0 2
0 22
0 1
0 18
1 33
1 32
1 13
1 19
1 29
1 26
1 27
1 6
1 21
1 10
1 31
1 16
1 28
1 7
1 20
1 8
1 17
1 12
1 3
1 2
1 14
1 22
1 18
1 5
2 33
2 13
2 19
2 29
2 26
2 27
2 6
2 10
2 31
2 16
2 28
2 7
2 20
2 24
2 8
2 17
2 12
2 22
2 18
3 32
3 29
3 27
3 6
3 21
3 31
3 16
3 28
3 7
3 20
3 8
3 12
3 23
3 14
3 22
3 18
3 5
4 25
4 34
5 33
5 32
5 13
5 19
5 29
5 26
5 27
5 6
5 21
5 10
5 31
5 16
5 28
5 20
5 8
5 12
5 11
5 23
5 14
5 22
5 18
6 32
6 13
6 19
6 26
6 27
6 21
6 10
6 16
6 28
6 7
6 20
6 17
6 12
6 11
6 23
6 14
6 22
6 18
7 32
7 13
7 29
7 27
7 21
7 10
7 16
7 28
7 20
7 24
7 17
7 12
7 11
7 23
7 14
7 22
7 18
8 33
8 32
8 13
8 19
8 29
8 26
8 21
8 10
8 31
8 16
8 28
8 20
8 24
8 17
8 12
8 11
8 23
8 14
8 22
8 18
9 25
9 34
9 15
9 30
10 33
10 32
10 13
10 19
10 29
10 26
10 27
10 16
10 28
10 12
10 11
10 14
10 22
11 33
11 32
11 13
11 19
11 29
11 21
11 28
11 20
11 24
11 17
11 12
11 23
11 14
11 22
11 18
12 33
12 32
12 13
12 19
12 29
12 26
12 31
12 16
12 28
12 20
12 23
12 18
13 33
13 32
13 19
13 29
13 26
13 27
13 21
13 31
13 16
13 28
13 20
13 17
13 23
13 14
13 18
14 33
14 32
14 19
14 29
14 26
14 27
14 21
14 31
14 16
14 28
14 20
14 17
14 22
15 25
15 30
16 33
16 32
16 19
16 29
16 26
16 27
16 21
16 31
16 28
16 20
16 24
16 17
16 23
16 22
17 33
17 32
17 19
17 29
17 21
17 28
17 20
17 24
17 23
17 22
17 18
18 32
18 19
18 29
18 26
18 27
18 21
18 31
18 28
18 24
18 23
18 22
19 29
19 27
19 21
19 31
19 28
19 20
19 23
20 33
20 29
20 26
20 31
20 28
20 22
21 33
21 32
21 29
21 31
21 24
21 23
22 29
22 31
22 24
23 29
23 26
23 27
23 31
23 28
23 24
24 32
24 26
24 27
24 31
25 34
26 32
26 29
26 27
26 31
26 28
27 33
27 29
27 31
28 33
28 31
29 33
29 32
30 34
31 33
31 32
32 33
20 29
20 28
24 16
3 13
3 14
28 25
34 24
26 25
12 9
24 30
