35 352 5
0 29
0 8
0 16
0 1
0 28
0 4
0 33
0 21
0 3
0 18
0 17
0 23
0 14
0 27
0 25
0 30
0 11
0 19
0 7
0 26
0 5
0 12
1 8
1 28
1 33
1 3
1 18
1 17
1 23
1 27
1 25
1 30
1 15
1 32
1 19
1 9
1 5
1 20
1 2
1 12
1 34
2 29
2 24
2 8
2 16
2 4
2 33
2 3
2 18
2 17
2 23
2 27
2 25
2 11
2 15
2 32
2 19
2 9
2 26
2 5
2 12
2 34
3 29
3 24
3 8
3 16
3 28
3 4
3 33
3 18
3 17
3 27
3 30
3 11
3 6
3 32
3 9
3 7
3 12
4 29
4 24
4 16
4 33
4 21
4 18
4 17
4 14
4 27
4 25
4 30
4 11
4 15
4 32
4 31
4 19
4 9
4 7
4 26
4 5
4 12
5 29
5 24
5 8
5 16
5 28
5 33
5 18
5 23
5 14
5 27
5 25
5 30
5 15
5 6
5 31
5 19
5 9
5 7
5 26
5 20
5 12
6 24
6 8
6 16
6 28
6 21
6 17
6 14
6 27
6 11
6 15
6 32
6 19
6 9
6 7
6 26
6 20
6 34
7 24
7 8
7 33
7 21
7 18
7 23
7 14
7 25
7 30
7 11
7 15
7 31
7 9
7 26
7 20
7 12
7 34
8 29
8 24
8 16
8 17
8 23
8 14
8 25
8 30
8 32
8 31
8 9
8 20
8 12
9 29
9 24
9 16
9 28
9 21
9 18
9 17
9 23
9 27
9 25
9 15
9 32
9 31
9 19
9 26
9 20
9 12
9 34
10 13
11 29
11 24
11 28
11 33
11 21
11 18
11 23
11 14
11 27
11 25
11 30
11 32
11 31
11 26
11 12
11 34
12 24
12 16
12 28
12 33
12 21
12 18
12 14
12 27
12 25
12 15
12 32
12 26
12 20
12 34
14 29
14 24
14 16
14 28
14 33
14 21
14 17
14 23
14 27
14 25
14 15
14 31
14 26
14 20
14 34
15 29
15 24
15 28
15 18
15 17
15 23
15 27
15 25
15 30
15 31
15 19
15 26
15 34
16 29
16 24
16 28
16 33
16 17
16 27
16 30
16 31
16 26
16 20
16 34
17 24
17 28
17 33
17 18
17 23
17 27
17 30
17 31
17 19
17 20
17 34
18 29
18 28
18 33
18 21
18 23
18 27
18 25
18 30
18 32
18 31
18 19
18 34
19 33
19 21
19 23
19 27
19 25
19 31
19 26
19 20
19 34
20 21
20 23
20 27
20 25
20 30
20 32
20 26
20 34
21 29
21 24
21 33
21 23
21 31
23 24
23 28
23 27
23 25
23 30
23 32
23 31
23 26
23 34
24 29
24 30
24 32
24 31
24 26
24 34
25 29
25 28
25 33
25 27
25 31
25 34
26 28
26 27
26 32
26 31
26 34
27 29
27 33
27 30
27 32
27 31
28 29
28 33
28 30
28 32
28 31
28 34
29 33
29 30
29 32
29 31
29 34
30 33
30 32
30 31
30 34
31 33
31 34
32 33
32 34
33 34
0 28
0 27
28 11
21 33
14 20
10 15
10 31
24 22
22 27
15 22
