33 132 5
0 30
0 12
0 17
0 11
0 31
0 25
0 27
0 28
0 8
0 16
1 23
1 3
1 15
1 10
2 18
2 24
2 19
2 4
2 5
2 26
2 6
2 7
2 32
3 23
3 15
3 10
4 18
4 22
4 20
4 6
4 7
4 32
5 18
5 29
5 22
5 24
5 19
5 20
5 13
5 6
5 7
6 24
6 13
6 7
7 18
7 29
7 24
7 32
8 14
8 12
8 21
8 17
8 31
8 25
8 9
9 30
9 14
9 12
9 21
9 17
9 11
9 31
9 27
9 28
9 16
10 23
10 15
11 14
11 21
11 17
11 31
11 25
11 27
11 28
12 30
12 31
12 16
13 18
13 22
13 24
13 19
13 20
13 32
14 30
14 21
14 17
14 27
14 28
14 16
15 23
16 21
16 17
16 31
16 27
16 28
17 21
17 25
17 27
17 28
18 22
18 19
18 20
18 26
18 32
19 22
19 24
19 20
19 26
19 32
20 29
20 24
20 26
20 32
21 31
21 25
21 27
21 28
22 29
22 26
22 32
24 32
25 30
25 27
25 28
26 29
26 32
27 30
27 31
27 28
28 30
29 32
30 31
32 20
13 26
31 8
16 25
20 18
24 31
3 16
3 0
27 6
13 17
