35 284 5
0 18
0 15
0 33
0 8
0 1
0 24
0 17
0 4
0 31
0 12
0 26
0 14
0 30
0 32
0 29
0 2
1 25
1 19
1 33
1 8
1 21
1 24
1 17
1 4
1 31
1 12
1 27
1 10
1 26
1 14
1 30
1 29
1 5
1 3
1 22
2 18
2 15
2 19
2 33
2 8
2 24
2 17
2 4
2 27
2 7
2 10
2 26
2 14
2 34
2 30
2 16
2 29
2 3
2 22
3 18
3 33
3 8
3 21
3 17
3 4
3 31
3 12
3 27
3 7
3 10
3 26
3 14
3 34
3 30
3 29
4 18
4 25
4 19
4 33
4 8
4 21
4 17
4 27
4 7
4 10
4 14
4 30
4 32
4 16
4 29
4 5
4 22
5 15
5 25
5 8
5 21
5 17
5 31
5 26
5 34
5 30
5 32
5 16
5 29
6 23
6 28
6 9
6 13
7 18
7 15
7 25
7 8
7 21
7 24
7 17
7 27
7 10
7 34
7 30
7 32
7 16
7 29
7 22
8 18
8 15
8 19
8 21
8 24
8 17
8 31
8 27
8 10
8 26
8 34
8 30
8 32
8 16
8 29
8 22
9 28
9 20
9 13
9 11
10 18
10 15
10 19
10 21
10 31
10 12
10 27
10 26
10 14
10 30
10 16
10 29
11 23
11 28
12 18
12 15
12 25
12 19
12 33
12 24
12 31
12 27
12 14
12 34
12 30
12 32
12 29
12 22
13 23
13 28
13 20
14 18
14 15
14 25
14 19
14 21
14 24
14 17
14 31
14 27
14 26
14 30
14 32
14 16
14 29
14 22
15 18
15 25
15 24
15 17
15 31
15 27
15 26
15 30
15 32
15 16
15 29
16 18
16 25
16 19
16 33
16 21
16 17
16 27
16 26
16 30
16 32
16 29
16 22
17 18
17 25
17 19
17 33
17 24
17 31
17 27
17 26
17 30
17 32
17 29
18 25
18 19
18 33
18 21
18 31
18 27
18 26
18 34
18 30
18 32
18 29
19 33
19 21
19 31
19 27
19 26
19 34
19 30
19 32
19 22
20 23
20 28
21 25
21 24
21 31
21 27
21 26
21 34
21 32
21 29
22 33
22 31
22 26
22 34
22 32
22 29
24 25
24 31
24 26
24 34
24 30
24 29
25 33
25 31
25 27
25 34
25 30
25 32
25 29
26 31
26 34
26 30
27 33
27 34
29 33
29 31
29 34
29 30
30 33
30 31
30 34
30 32
31 34
31 32
32 33
33 34
12 22
0 21
7 32
27 12
14 12
24 6
28 25
30 20
11 27
9 22
