34 88 5
0 9
0 27
0 18
0 16
0 5
0 21
0 29
0 24
1 10
1 7
1 15
2 31
2 14
2 25
2 23
2 11
2 20
3 33
3 4
4 33
4 13
4 32
5 9
5 27
5 12
5 26
5 21
5 29
5 24
6 31
6 14
6 19
6 20
7 10
7 8
8 28
8 10
8 15
9 27
9 18
9 12
9 16
9 29
9 24
10 28
10 15
11 25
11 19
11 20
12 16
12 26
12 21
12 24
13 22
13 33
14 31
14 25
14 20
16 26
16 21
16 29
16 24
17 22
17 33
17 32
18 27
18 26
18 21
18 29
18 24
19 31
19 23
19 20
20 31
20 25
20 23
21 26
21 29
21 24
22 30
22 32
25 31
26 27
26 29
27 29
30 33
30 32
32 33
26 18
25 19
0 5
31 19
4 22
30 21
12 23
31 32
10 14
30 25
