30 163 5
0 4
0 19
0 29
0 8
0 20
0 3
0 17
0 26
0 18
0 23
0 28
0 24
0 14
1 15
1 11
1 9
1 16
1 5
1 2
1 6
1 12
2 15
2 21
2 25
2 16
2 5
2 7
2 12
3 10
3 4
3 27
3 29
3 8
3 13
3 20
3 26
3 18
3 23
3 24
3 22
3 14
4 10
4 27
4 29
4 8
4 20
4 17
4 26
4 18
4 23
4 28
4 22
4 14
5 21
5 11
5 9
5 16
5 6
5 7
6 15
6 11
6 25
6 9
6 16
6 7
6 12
7 21
7 11
7 25
7 9
7 12
8 10
8 27
8 19
8 13
8 20
8 17
8 18
8 23
8 28
8 24
8 22
9 15
9 11
9 16
10 27
10 19
10 29
10 13
10 17
10 26
10 23
10 28
10 24
10 22
10 14
11 15
11 25
11 16
11 12
12 15
12 25
12 16
13 19
13 29
13 20
13 17
13 18
13 28
13 24
13 22
13 14
14 27
14 19
14 29
14 17
14 26
14 18
14 23
14 22
15 21
15 25
15 16
16 21
16 25
17 27
17 19
17 26
17 18
17 23
17 28
18 29
18 26
18 28
18 24
18 22
19 27
19 26
19 23
19 22
20 27
20 29
20 26
20 23
20 28
20 24
21 25
22 27
22 29
22 26
22 23
22 28
22 24
23 27
23 26
23 28
24 27
24 29
24 26
26 28
27 29
27 28
28 29
10 17
20 13
19 26
13 24
14 0
5 3
20 6
15 8
13 9
9 0
