34 154 5
0 23
0 14
1 10
1 13
1 30
1 17
1 33
1 21
1 15
1 29
1 12
1 11
3 20
3 22
3 7
3 5
3 8
3 25
3 31
3 27
3 6
3 9
3 24
3 26
4 20
4 22
4 18
4 7
4 16
4 5
4 8
4 25
4 32
4 31
4 24
5 20
5 18
5 8
5 32
5 31
5 27
5 6
5 9
5 24
5 26
6 22
6 16
6 8
6 9
6 26
7 22
7 18
7 8
7 25
7 32
7 27
7 9
7 24
7 26
8 20
8 18
8 16
8 25
8 32
8 27
8 9
8 26
9 20
9 22
9 18
9 25
9 32
9 27
9 24
9 26
10 30
10 17
10 33
10 21
10 15
10 19
10 12
10 11
11 28
11 13
11 17
11 33
11 21
11 15
11 19
11 29
11 12
12 13
12 15
12 19
12 29
13 28
13 30
13 17
13 33
13 21
13 15
13 29
14 23
15 30
15 33
16 20
16 25
16 32
16 31
16 27
16 24
16 26
17 30
17 21
17 19
18 22
18 25
18 32
18 31
18 27
18 24
18 26
19 28
20 22
20 31
20 27
20 24
21 28
21 30
21 33
21 29
22 25
22 27
22 24
22 26
24 25
24 32
24 31
24 27
24 26
25 31
25 27
26 32
26 31
27 32
27 31
28 30
28 33
28 29
29 30
29 33
30 33
31 32
31 25
1 33
3 9
3 27
26 6
8 14
21 5
30 27
30 7
3 15
