33 133 5
0 19
0 6
0 15
0 2
0 10
0 20
0 13
0 30
0 17
0 32
0 22
0 24
1 31
1 8
1 4
2 19
2 15
2 27
2 10
2 11
2 20
2 13
2 17
2 32
2 22
2 7
3 18
3 31
3 8
3 4
4 18
4 8
5 25
5 9
6 19
6 16
6 15
6 11
6 13
6 30
6 17
6 32
6 24
6 7
7 19
7 16
7 15
7 10
7 20
7 13
7 30
7 17
7 32
7 22
7 24
8 18
8 31
9 25
9 23
9 28
10 19
10 16
10 27
10 11
10 20
10 13
10 30
10 32
10 22
10 24
11 19
11 16
11 15
11 27
11 13
11 30
11 17
11 32
11 24
12 18
13 19
13 16
13 27
13 20
13 30
13 17
13 22
13 24
14 29
14 26
15 19
15 16
15 27
15 20
15 30
15 17
15 32
15 24
16 19
16 27
16 20
16 30
16 17
16 32
16 24
17 19
17 20
17 30
17 22
17 24
18 31
19 27
19 20
19 30
19 32
19 24
20 27
20 32
20 22
20 24
21 29
21 26
22 27
22 30
22 32
22 24
23 25
23 28
24 27
24 30
24 32
26 29
27 30
20 19
15 20
30 15
11 22
30 22
26 10
11 12
26 1
21 24
32 12
