30 108 5
0 26
0 1
0 17
0 6
0 27
0 11
0 2
1 16
1 26
1 17
1 6
1 27
1 11
1 2
2 17
2 27
2 11
3 5
3 23
3 22
3 4
4 23
4 14
5 23
5 14
5 18
6 16
6 17
6 27
7 8
7 24
7 19
7 10
7 9
7 12
7 21
7 25
7 28
7 15
8 24
8 19
8 10
8 9
8 21
8 13
8 28
8 15
9 24
9 19
9 10
9 20
9 12
9 13
9 29
9 15
10 24
10 19
10 20
10 21
10 25
10 29
10 28
10 15
11 16
11 26
11 27
12 24
12 19
12 20
12 21
12 25
12 29
12 28
13 19
13 20
13 21
13 25
13 28
13 15
14 23
14 18
15 24
15 19
15 25
15 28
16 26
16 17
16 27
17 27
18 22
19 24
19 20
19 29
19 28
20 24
20 29
20 28
21 24
21 25
21 29
21 28
22 23
24 25
24 29
24 28
25 28
26 27
28 29
18 5
24 21
9 12
21 25
25 21
8 23
28 17
14 29
18 8
25 23
