33 115 5
0 5
0 27
0 21
0 12
0 24
0 16
0 13
0 20
0 23
0 22
0 31
0 29
1 32
2 25
3 5
3 24
3 19
3 13
3 18
3 15
3 10
3 22
3 7
3 17
4 5
4 13
4 18
4 15
4 31
4 17
4 26
5 21
5 14
5 19
5 15
5 22
5 26
6 28
7 19
7 13
7 18
7 10
7 29
7 17
8 12
8 24
8 20
8 18
8 15
8 26
9 27
9 24
9 16
9 13
9 20
9 18
9 10
9 26
10 27
10 12
10 19
10 18
10 15
10 23
10 22
10 11
10 31
10 29
10 30
11 27
11 12
11 24
11 16
11 20
11 18
11 22
11 30
12 18
12 15
12 31
12 29
12 17
13 19
13 16
13 20
13 23
14 21
14 16
14 15
14 30
15 18
15 22
15 30
15 26
16 19
16 29
16 30
17 18
18 24
18 23
18 22
19 20
19 23
20 24
20 22
21 27
21 23
21 30
22 23
23 31
23 26
24 27
24 26
25 28
29 31
16 9
15 16
10 11
12 31
10 29
2 21
3 32
28 16
6 20
28 9
