35 121 5
0 11
0 24
0 27
0 26
0 2
0 33
2 19
2 15
2 7
2 18
2 24
2 32
2 26
2 6
2 16
2 34
2 21
3 29
4 19
4 15
4 7
4 8
4 18
4 5
4 31
4 10
4 13
4 34
4 20
5 15
5 11
5 24
5 27
5 21
6 18
6 27
6 26
6 28
6 23
6 12
6 21
6 22
7 27
7 26
7 34
7 23
7 22
8 14
8 26
8 33
8 22
10 11
10 24
10 27
10 28
10 23
10 12
10 21
10 22
11 15
11 30
11 31
11 26
11 16
11 33
12 14
12 15
12 18
12 24
12 33
12 21
13 24
13 33
13 20
13 21
13 22
14 24
14 27
14 16
14 20
14 21
14 22
15 16
15 23
15 21
15 22
16 24
16 34
16 20
17 29
18 19
18 21
19 24
19 31
19 32
19 26
19 28
19 34
20 31
20 26
20 28
20 21
20 22
21 26
21 28
21 34
21 23
22 30
22 27
22 34
22 33
23 27
23 33
24 30
24 27
24 26
25 29
26 33
27 28
27 33
32 34
33 27
13 24
4 11
22 27
4 20
6 9
11 9
27 29
18 29
14 17
