33 110 5
0 6
0 1
0 4
0 30
0 11
0 19
0 17
0 2
1 6
1 4
1 30
1 3
1 22
2 31
2 23
2 22
2 11
2 19
2 17
3 28
3 5
3 18
3 23
3 21
3 11
3 20
3 10
3 32
4 6
4 5
4 31
4 9
4 25
4 20
4 10
5 28
5 23
5 16
5 26
5 9
5 25
5 11
5 17
5 29
5 12
5 32
6 14
6 18
6 21
6 22
6 25
6 17
6 20
7 24
8 13
8 27
9 23
9 26
10 14
10 31
10 23
10 26
10 30
10 25
10 19
11 14
11 31
11 18
11 23
11 30
11 19
12 14
12 30
13 15
14 31
14 18
14 30
14 17
16 28
16 31
16 18
16 21
16 30
16 22
16 25
16 17
16 29
16 32
17 31
17 18
18 23
18 26
18 19
18 20
19 23
19 21
20 28
20 31
20 30
20 25
20 29
21 23
21 22
22 26
23 26
23 30
24 27
25 29
28 31
28 32
6 29
12 32
12 1
28 2
2 0
32 13
19 27
19 15
24 0
15 1
