27 159 5
0 7
0 24
0 8
1 10
1 22
1 4
1 5
1 11
1 13
1 12
1 14
1 18
1 20
1 25
1 6
1 15
1 26
1 3
2 10
2 22
2 4
2 5
2 11
2 21
2 12
2 14
2 18
2 20
2 25
2 23
2 6
2 15
2 26
2 3
3 19
3 16
3 22
3 4
3 5
3 11
3 25
3 23
3 15
3 26
4 19
4 16
4 22
4 5
4 11
4 13
4 12
4 14
4 15
4 26
5 19
5 10
5 16
5 21
5 13
5 14
5 18
5 20
5 25
5 23
5 6
6 19
6 10
6 16
6 22
6 18
6 20
6 25
6 23
6 15
7 17
7 9
7 24
7 8
8 17
8 9
9 17
9 24
10 19
10 16
10 22
10 11
10 21
10 13
10 12
10 18
10 20
10 23
10 15
11 19
11 16
11 13
11 12
11 14
11 18
11 20
11 25
11 23
12 19
12 16
12 21
12 13
12 14
12 20
12 25
12 23
13 19
13 16
13 22
13 18
13 20
13 15
13 26
14 19
14 22
14 21
14 18
14 20
14 15
15 16
15 22
15 21
15 20
15 23
15 26
16 19
16 21
16 18
16 20
16 25
16 23
16 26
17 24
18 19
18 22
18 21
18 20
18 23
19 22
19 21
19 20
19 25
19 23
20 22
20 21
20 25
20 23
20 26
21 22
21 23
22 25
22 23
22 26
23 26
25 26
3 26
2 1
2 18
21 10
4 20
12 17
17 12
17 11
21 17
9 2
