34 152 5
0 15
0 4
0 8
0 20
0 25
0 27
0 18
0 22
0 19
0 6
0 12
1 15
1 16
1 20
1 18
1 22
1 3
1 19
1 6
1 12
1 29
2 14
2 24
2 28
2 31
2 26
3 4
3 8
3 27
3 7
3 19
3 12
3 29
4 33
4 8
4 16
4 20
4 25
4 18
4 22
4 19
4 6
4 29
5 14
5 24
5 11
5 28
5 17
5 31
5 26
5 32
6 33
6 16
6 20
6 25
6 27
6 22
6 7
6 12
6 29
7 15
7 33
7 8
7 20
7 27
7 18
7 22
7 19
7 29
8 15
8 33
8 16
8 18
8 22
8 19
8 12
8 29
9 14
9 24
9 23
9 11
9 26
9 32
10 21
11 14
11 24
11 23
11 28
11 17
11 31
11 26
11 32
12 15
12 33
12 16
12 20
12 25
12 27
13 21
14 23
14 28
14 26
14 32
15 20
15 18
15 29
16 33
16 20
16 27
16 18
16 22
16 29
17 24
17 23
17 30
17 26
17 32
18 33
18 20
18 25
18 27
18 29
19 33
19 27
19 22
19 29
20 33
20 27
20 22
20 29
22 33
22 25
22 27
22 29
23 24
23 28
23 30
23 31
23 32
24 28
24 30
24 31
24 32
25 33
25 27
26 28
26 30
26 31
28 30
28 32
29 33
30 31
32 31
15 16
20 8
26 2
30 24
5 16
11 33
25 32
13 5
24 1
