35 211 5
0 19
0 3
0 23
0 8
0 1
0 28
0 27
0 9
0 11
0 32
1 3
1 26
1 8
1 15
1 28
1 27
1 9
1 11
1 32
2 29
2 20
2 12
2 5
2 33
2 6
2 18
2 21
2 25
2 31
2 14
2 24
2 16
3 19
3 23
3 26
3 8
3 34
3 27
3 11
3 32
3 30
4 20
4 12
4 5
4 6
4 18
4 21
4 7
4 25
4 13
4 14
4 16
4 22
5 29
5 20
5 12
5 6
5 17
5 7
5 25
5 31
5 24
5 22
6 29
6 12
6 33
6 17
6 7
6 25
6 13
6 31
6 24
6 16
6 22
7 29
7 18
7 13
7 14
7 24
8 19
8 23
8 26
8 28
8 9
8 11
8 32
8 30
9 19
9 26
9 34
9 15
9 28
9 27
9 11
9 32
10 29
10 12
10 33
10 21
10 25
10 13
10 31
10 14
10 24
10 16
11 23
11 26
11 34
11 15
11 28
11 27
11 32
12 29
12 20
12 33
12 17
12 18
12 21
12 25
12 13
12 24
12 16
12 22
13 29
13 20
13 33
13 17
13 18
13 25
13 31
13 24
13 16
14 20
14 18
14 21
14 25
14 31
14 24
14 16
14 22
15 19
15 23
15 34
15 28
15 27
15 32
15 30
16 29
16 20
16 33
16 17
16 31
16 24
17 29
17 33
17 18
17 21
17 31
17 24
17 22
18 29
18 20
18 25
18 31
18 24
18 22
19 26
19 34
19 28
19 27
19 32
19 30
20 21
20 25
20 31
20 24
20 22
21 29
21 33
21 31
21 24
21 22
22 29
22 33
22 25
22 31
22 24
23 26
23 28
23 27
23 30
24 33
24 25
24 31
25 29
25 33
25 31
26 34
26 28
26 27
26 30
27 34
27 30
28 32
28 30
29 33
29 31
30 34
30 32
31 33
32 34
26 30
3 26
13 22
1 8
32 3
0 5
3 18
23 21
8 18
32 7
