27 136 5
0 14
0 7
0 20
0 17
0 19
0 8
0 11
0 18
0 10
0 23
0 15
0 25
0 24
1 14
1 7
1 9
1 17
1 19
1 5
1 8
1 11
1 18
1 10
1 3
1 23
1 25
1 24
2 4
2 26
2 13
2 12
2 21
2 22
3 14
3 7
3 9
3 17
3 19
3 5
3 8
3 6
3 10
3 23
3 25
3 24
4 21
4 16
5 14
5 20
5 9
5 17
5 8
5 6
5 18
5 10
5 15
5 25
5 24
6 7
6 20
6 8
6 18
6 10
6 23
6 15
6 25
6 24
7 14
7 20
7 9
7 19
7 11
7 10
7 15
8 20
8 17
8 19
8 11
8 18
8 10
8 23
8 24
9 20
9 19
9 11
9 18
9 10
9 23
9 25
10 14
10 17
10 19
10 11
10 18
10 23
10 15
10 24
11 14
11 20
11 18
11 23
11 15
11 25
12 26
12 16
12 22
13 26
13 16
13 22
14 20
14 17
14 19
14 18
14 23
14 25
15 20
15 19
15 18
15 25
16 21
16 22
17 20
17 19
17 23
18 20
18 19
18 23
18 24
19 20
19 23
19 25
20 23
20 25
20 24
21 22
22 26
5 10
7 14
18 19
23 25
25 0
11 4
13 6
2 1
16 8
18 21
