34 265 5
0 19
0 16
0 14
0 22
0 3
0 21
0 28
0 1
0 10
0 8
0 30
0 18
0 4
0 25
0 26
0 23
0 6
0 24
0 20
0 11
0 29
0 33
1 16
1 14
1 3
1 21
1 8
1 30
1 18
1 4
1 26
1 23
1 6
1 24
1 20
1 32
1 11
1 29
1 33
1 12
2 19
2 14
2 22
2 28
2 10
2 8
2 30
2 18
2 4
2 25
2 5
2 26
2 23
2 6
2 24
2 20
2 32
2 29
2 33
2 9
2 12
3 19
3 16
3 10
3 8
3 30
3 18
3 4
3 25
3 5
3 26
3 23
3 6
3 32
3 11
3 29
4 16
4 22
4 21
4 28
4 10
4 18
4 25
4 26
4 20
4 11
4 29
4 33
4 9
4 12
5 19
5 16
5 14
5 22
5 21
5 28
5 10
5 8
5 30
5 18
5 25
5 26
5 6
5 24
5 20
5 32
5 11
5 33
5 9
5 12
6 16
6 14
6 21
6 10
6 30
6 18
6 25
6 24
6 20
6 32
6 11
6 12
7 17
7 13
8 19
8 16
8 22
8 10
8 18
8 23
8 24
8 32
8 11
8 29
8 33
8 9
9 16
9 14
9 28
9 10
9 30
9 18
9 25
9 26
9 11
9 29
9 33
10 19
10 16
10 14
10 22
10 28
10 30
10 18
10 25
10 26
10 32
10 11
10 29
10 12
11 19
11 16
11 22
11 21
11 28
11 18
11 26
11 23
11 24
11 20
11 32
11 29
11 12
12 16
12 14
12 22
12 21
12 28
12 30
12 18
12 25
12 23
12 24
12 32
12 33
14 16
14 22
14 21
14 28
14 18
14 25
14 26
14 20
14 32
14 33
15 31
15 27
16 19
16 22
16 28
16 30
16 18
16 26
16 23
16 24
16 20
16 32
16 33
18 19
18 22
18 21
18 28
18 25
18 26
18 20
18 32
18 33
19 22
19 21
19 28
19 30
19 25
19 26
19 20
19 33
20 22
20 28
20 25
20 26
20 24
20 32
20 33
21 22
21 28
21 30
21 25
21 26
21 24
21 32
21 29
21 33
22 26
22 23
22 24
22 32
23 30
23 25
23 24
23 29
23 33
24 28
24 32
24 29
25 28
25 26
25 33
26 30
26 29
26 33
27 31
28 30
28 32
28 29
29 30
30 32
3 32
21 3
21 1
23 22
10 0
8 27
17 15
17 16
15 3
10 17
