35 125 5
0 17
0 1
0 20
0 5
0 16
0 34
1 17
1 9
1 5
1 16
1 34
2 30
2 26
2 25
2 24
3 18
3 12
3 4
3 32
3 7
3 33
3 22
3 13
3 15
3 6
3 10
3 27
4 12
4 11
4 7
4 22
4 19
4 13
4 15
4 6
4 21
4 27
5 17
5 9
5 20
5 34
6 18
6 32
6 11
6 7
6 33
6 22
6 19
6 15
6 21
7 18
7 11
7 33
7 22
7 19
7 13
7 10
7 27
8 31
8 29
9 17
9 20
9 16
9 34
10 12
10 32
10 19
10 13
10 15
10 27
11 12
11 32
11 33
11 22
11 19
11 13
11 27
12 22
12 19
12 13
12 15
12 27
13 18
13 32
13 33
13 19
13 15
13 21
13 27
14 28
14 30
14 25
14 24
15 18
15 33
15 22
15 19
15 21
15 27
16 20
17 20
18 33
18 19
18 27
19 32
19 33
19 21
19 27
20 34
21 32
21 27
22 32
22 33
22 27
23 31
23 29
24 28
24 25
25 28
25 26
26 28
26 30
28 30
29 31
32 33
21 7
17 20
17 1
4 18
10 11
25 5
28 20
28 31
8 27
0 2
