35 346 5
0 5
0 7
0 9
0 30
0 26
0 11
0 28
0 22
0 34
0 14
0 20
0 17
0 29
0 21
0 25
0 24
1 5
1 10
1 9
1 30
1 26
1 18
1 11
1 28
1 22
1 4
1 34
1 32
1 17
1 16
1 29
1 19
1 21
1 23
1 24
2 7
2 10
2 9
2 26
2 33
2 18
2 11
2 28
2 3
2 22
2 4
2 34
2 6
2 8
2 31
2 12
2 20
2 17
2 16
2 29
2 19
2 25
2 24
3 5
3 7
3 10
3 9
3 30
3 26
3 33
3 18
3 11
3 28
3 22
3 34
3 6
3 8
3 32
3 31
3 14
3 12
3 17
3 16
3 29
3 25
3 23
4 10
4 26
4 33
4 18
4 28
4 22
4 34
4 6
4 32
4 14
4 12
4 20
4 17
4 16
4 29
4 19
4 21
4 25
4 24
5 10
5 9
5 30
5 18
5 11
5 28
5 34
5 6
5 8
5 32
5 14
5 20
5 16
5 19
5 21
5 25
5 23
6 7
6 10
6 9
6 33
6 18
6 11
6 28
6 22
6 8
6 17
6 29
6 19
6 21
6 25
6 24
7 10
7 9
7 33
7 18
7 11
7 28
7 22
7 34
7 32
7 31
7 14
7 12
7 17
7 16
7 29
7 21
7 25
7 23
7 24
8 10
8 9
8 30
8 26
8 33
8 18
8 34
8 14
8 12
8 16
8 19
8 21
8 23
9 10
9 30
9 26
9 33
9 18
9 11
9 28
9 22
9 34
9 32
9 14
9 20
9 17
9 29
9 19
9 21
9 25
9 23
9 24
10 26
10 18
10 11
10 28
10 34
10 32
10 31
10 14
10 20
10 29
10 19
10 21
10 25
10 23
10 24
11 26
11 33
11 18
11 28
11 22
11 34
11 31
11 14
11 20
11 16
11 29
11 21
11 25
11 24
12 30
12 26
12 33
12 28
12 22
12 31
12 14
12 20
12 19
12 25
12 23
12 24
13 15
13 27
14 30
14 26
14 28
14 34
14 31
14 17
14 29
14 25
15 27
16 30
16 26
16 18
16 22
16 34
16 31
16 17
16 29
16 19
16 21
16 25
16 23
16 24
17 30
17 26
17 33
17 18
17 28
17 31
17 20
17 29
17 19
17 21
17 25
17 23
17 24
18 30
18 26
18 33
18 28
18 32
18 31
18 29
18 21
18 25
18 23
18 24
19 30
19 33
19 32
19 20
19 29
19 21
19 23
19 24
20 30
20 26
20 33
20 28
20 22
20 34
20 32
20 31
20 21
20 25
20 23
20 24
21 26
21 33
21 28
21 22
21 34
21 31
21 29
21 25
21 24
22 26
22 33
22 28
22 32
22 31
22 23
22 24
23 26
23 28
23 32
23 31
23 29
24 30
24 26
24 33
24 28
24 34
24 32
24 31
24 29
24 25
25 30
25 26
25 33
25 28
25 31
25 29
26 33
26 28
26 34
26 32
26 29
28 34
28 31
29 33
29 32
29 31
30 33
30 34
30 32
30 31
31 34
31 32
32 33
33 34
3 19
17 29
26 32
26 16
26 3
13 24
17 27
14 13
5 15
14 27
