31 113 5
0 27
0 3
0 14
0 23
0 10
0 25
1 22
1 28
1 8
1 30
1 2
1 4
1 21
1 29
1 9
2 22
2 28
2 8
2 30
2 4
2 9
3 27
3 6
3 14
3 15
3 7
3 5
3 20
3 10
3 25
4 28
4 30
4 21
4 29
4 9
4 13
5 27
5 6
5 15
5 7
5 23
5 20
5 10
6 27
6 14
6 15
6 23
6 20
6 10
7 27
7 14
7 15
7 10
7 25
8 22
8 30
8 21
8 9
9 22
9 28
9 30
9 29
9 13
10 27
10 23
10 20
10 25
11 24
11 19
11 26
11 18
11 12
11 17
11 16
12 19
12 26
12 18
12 17
12 16
13 22
13 28
13 30
13 21
13 29
14 27
14 15
14 23
14 25
15 27
15 23
15 20
16 24
16 26
16 17
17 24
17 19
17 26
17 18
18 26
19 24
20 27
20 23
20 25
21 22
21 28
22 28
22 30
22 29
23 27
24 26
25 27
28 30
28 29
8 13
6 7
5 27
4 29
14 7
17 9
30 6
15 1
12 30
27 21
