34 235 5
0 16
0 31
0 29
0 28
0 7
0 26
0 22
0 1
0 33
0 13
0 12
0 24
0 17
0 30
0 20
0 2
0 4
0 25
1 16
1 31
1 28
1 7
1 26
1 11
1 12
1 18
1 6
1 24
1 17
1 20
1 3
1 4
1 25
1 21
2 16
2 10
2 31
2 29
2 7
2 26
2 33
2 12
2 18
2 6
2 24
2 30
2 20
2 23
2 3
2 4
2 25
2 21
3 10
3 31
3 29
3 28
3 7
3 26
3 33
3 13
3 12
3 18
3 30
3 20
3 23
3 25
3 21
4 16
4 29
4 28
4 26
4 33
4 11
4 12
4 18
4 6
4 24
4 17
4 30
4 20
4 25
4 21
5 27
5 8
5 15
5 14
5 9
6 10
6 31
6 22
6 33
6 18
6 24
6 20
6 21
7 16
7 10
7 31
7 29
7 22
7 13
7 11
7 12
7 18
7 24
7 17
7 30
7 20
7 23
7 21
8 15
8 9
9 14
10 16
10 31
10 29
10 28
10 22
10 33
10 13
10 11
10 17
10 30
10 20
10 25
10 21
11 16
11 31
11 29
11 28
11 26
11 22
11 33
11 13
11 12
11 18
11 30
11 20
11 23
11 25
11 21
12 31
12 29
12 26
12 22
12 33
12 13
12 24
12 17
12 20
12 23
12 25
12 21
13 31
13 29
13 26
13 24
13 17
13 30
13 20
13 23
13 25
14 27
14 15
15 27
16 29
16 26
16 22
16 33
16 18
16 17
16 30
16 20
16 23
16 25
17 31
17 24
17 30
17 23
17 25
18 31
18 28
18 22
18 33
18 24
18 20
18 23
18 25
19 32
20 28
20 22
20 24
20 30
20 23
20 25
20 21
21 31
21 29
21 22
21 33
21 24
22 31
22 29
22 28
22 26
22 33
22 24
22 30
22 23
22 25
23 31
23 29
23 28
23 26
23 33
23 24
23 30
23 25
24 31
24 29
24 28
24 33
24 30
24 25
25 29
25 28
26 31
26 29
26 28
26 33
28 31
28 29
28 33
29 30
30 31
27 15
11 2
4 2
11 12
18 33
14 28
2 9
19 28
32 15
20 32
