34 102 5
0 17
0 8
0 6
0 1
0 22
0 25
0 11
0 2
1 10
1 8
1 22
1 25
1 11
1 32
1 29
1 7
1 3
2 10
2 18
2 25
2 30
2 11
2 15
2 28
2 7
3 33
3 8
3 20
3 30
3 15
3 19
4 14
4 12
4 13
5 33
5 17
5 21
5 18
5 22
5 28
5 7
6 20
6 30
6 32
6 27
7 33
7 21
7 18
7 22
7 30
7 15
7 27
7 28
7 29
8 21
8 25
8 20
8 11
8 27
10 17
10 20
10 32
10 27
11 22
11 25
11 15
11 27
12 31
12 16
12 23
13 16
13 23
14 31
14 26
15 25
15 20
15 27
17 22
17 20
17 32
17 29
18 32
19 25
19 30
19 32
19 27
20 33
20 25
20 30
20 32
20 27
21 22
21 29
22 28
23 31
23 24
24 31
25 29
26 31
28 33
29 30
32 33
2 22
30 22
5 30
14 24
1 2
3 26
14 7
18 9
8 23
17 9
