32 192 5
0 23
0 2
0 30
0 21
0 10
0 18
0 28
0 12
0 24
0 19
0 3
0 14
0 13
1 26
1 16
1 11
1 20
1 8
1 6
1 25
2 15
2 29
2 23
2 7
2 21
2 10
2 18
2 12
2 24
2 27
2 19
2 14
2 17
2 13
3 29
3 23
3 30
3 7
3 10
3 24
3 27
3 19
3 14
3 31
3 17
3 4
3 13
4 23
4 21
4 10
4 12
4 27
4 19
4 14
4 31
4 17
4 13
5 26
5 16
5 20
5 8
5 6
5 25
6 9
6 16
6 11
6 8
7 29
7 23
7 30
7 21
7 10
7 18
7 28
7 12
7 24
7 27
7 19
7 17
7 22
7 13
8 9
8 26
8 16
8 11
8 20
8 25
9 26
9 11
9 20
9 25
10 15
10 29
10 28
10 12
10 24
10 27
10 31
10 13
11 16
11 20
11 25
12 15
12 29
12 21
12 24
12 27
12 19
12 14
12 31
12 22
13 15
13 23
13 30
13 21
13 18
13 28
13 24
13 27
13 19
13 14
13 22
14 15
14 29
14 30
14 21
14 18
14 24
14 27
14 19
14 31
14 22
15 29
15 23
15 30
15 21
15 24
15 19
15 17
16 26
16 25
17 21
17 18
17 28
17 24
17 27
17 19
17 31
17 22
18 23
18 30
18 21
18 28
18 27
18 19
18 31
18 22
19 23
19 21
19 28
19 24
19 27
19 31
19 22
20 26
20 25
21 29
21 23
21 28
21 24
21 27
21 22
22 29
22 23
22 30
22 24
22 27
22 31
23 28
23 31
24 30
24 27
24 31
25 26
27 29
27 28
27 31
28 29
28 30
28 31
29 30
29 31
24 29
11 6
29 15
31 19
27 22
12 6
14 11
21 1
25 18
13 11
