34 150 5
0 15
0 8
0 32
0 26
0 11
1 29
1 6
1 23
1 31
1 18
1 30
1 4
1 24
1 22
1 16
1 33
1 5
1 25
2 10
2 14
2 28
2 12
2 20
2 27
3 29
3 6
3 23
3 31
3 9
3 4
3 22
3 16
3 33
3 5
3 25
4 29
4 6
4 23
4 31
4 30
4 9
4 24
4 22
4 33
4 25
5 6
5 23
5 31
5 18
5 30
5 9
5 24
5 7
5 16
5 33
5 25
6 29
6 31
6 18
6 30
6 9
6 7
6 22
6 16
6 33
6 25
7 23
7 31
7 18
7 30
7 9
7 24
7 22
7 16
7 25
8 15
8 19
8 26
9 29
9 23
9 18
9 30
9 16
9 25
10 21
10 17
10 28
10 20
10 27
10 13
11 15
11 32
11 19
11 26
12 21
12 17
12 28
12 20
12 27
12 13
13 21
13 17
13 20
13 27
14 21
14 17
14 28
14 27
15 26
16 29
16 23
16 18
16 30
16 24
16 33
16 25
17 21
17 28
17 20
18 31
18 30
18 22
18 33
18 25
19 32
19 26
20 21
20 28
20 27
21 28
22 29
22 30
22 33
22 25
23 31
23 30
23 33
24 29
24 31
24 30
24 33
24 25
25 29
25 31
26 32
27 28
29 31
29 33
30 33
31 33
22 3
23 24
1 7
17 13
23 22
30 8
31 27
31 17
33 19
5 0
