34 323 5
0 21
0 19
0 9
0 2
0 10
0 23
0 18
0 7
0 20
0 27
0 24
0 12
0 6
0 8
0 25
0 3
0 14
0 33
0 31
0 22
0 26
1 21
1 19
1 10
1 23
1 7
1 29
1 5
1 24
1 12
1 6
1 4
1 8
1 25
1 3
1 14
1 13
1 33
1 31
1 28
1 26
2 21
2 19
2 9
2 16
2 10
2 23
2 18
2 7
2 20
2 5
2 27
2 24
2 12
2 4
2 8
2 11
2 3
2 14
2 17
2 33
2 28
2 22
2 26
3 16
3 10
3 18
3 7
3 29
3 5
3 24
3 12
3 6
3 8
3 25
3 33
3 31
3 28
3 22
3 26
4 21
4 19
4 16
4 23
4 18
4 7
4 5
4 24
4 11
4 17
4 13
4 33
4 31
4 28
4 22
5 21
5 9
5 16
5 10
5 7
5 29
5 20
5 24
5 12
5 8
5 11
5 14
5 17
5 13
5 22
5 26
6 21
6 19
6 16
6 23
6 18
6 7
6 29
6 27
6 12
6 25
6 14
6 17
6 33
6 28
6 22
6 26
7 21
7 19
7 9
7 10
7 23
7 18
7 29
7 20
7 27
7 24
7 12
7 8
7 25
7 11
7 14
7 17
7 13
7 33
7 22
7 26
8 21
8 19
8 10
8 23
8 29
8 20
8 27
8 24
8 12
8 25
8 14
8 17
8 31
8 28
9 21
9 23
9 18
9 20
9 27
9 24
9 12
9 25
9 11
9 14
9 17
9 28
9 22
9 26
10 21
10 23
10 18
10 29
10 20
10 27
10 24
10 12
10 11
10 13
10 28
10 22
10 26
11 19
11 16
11 23
11 18
11 29
11 27
11 24
11 12
11 25
11 17
11 13
11 33
11 31
11 28
11 22
11 26
12 19
12 23
12 18
12 20
12 27
12 24
12 14
12 13
12 31
12 28
12 22
12 26
13 16
13 23
13 29
13 20
13 27
13 24
13 25
13 14
13 17
13 33
13 31
13 28
13 22
14 21
14 19
14 16
14 23
14 18
14 29
14 20
14 27
14 24
14 25
14 17
14 33
14 28
14 26
15 30
15 32
16 19
16 23
16 29
16 20
16 27
16 25
16 17
16 33
16 31
16 22
17 19
17 18
17 29
17 24
17 33
17 22
17 26
18 21
18 19
18 23
18 29
18 20
18 27
18 25
18 33
18 28
18 22
18 26
19 29
19 20
19 24
19 25
19 31
19 28
19 22
19 26
20 21
20 29
20 27
20 24
20 22
21 23
21 29
21 24
21 31
21 22
22 23
22 29
22 24
22 25
22 31
22 28
22 26
23 29
23 27
23 24
23 31
24 27
24 25
24 33
24 31
24 28
25 29
25 27
25 33
25 31
25 28
25 26
26 29
26 27
26 33
26 31
26 28
27 31
27 28
28 29
28 33
29 33
16 25
6 5
9 20
19 21
9 28
15 21
1 30
6 15
32 18
21 32
