33 256 5
0 18
0 25
0 20
0 19
0 9
0 5
0 30
0 4
0 7
0 6
0 21
0 24
0 22
0 31
0 23
0 8
0 17
0 3
0 32
0 15
0 26
0 12
1 2
1 29
1 27
1 28
2 27
2 28
3 18
3 16
3 25
3 20
3 10
3 13
3 9
3 30
3 7
3 21
3 22
3 31
3 11
3 8
3 17
3 32
3 15
3 26
4 18
4 16
4 25
4 20
4 10
4 19
4 13
4 9
4 5
4 30
4 7
4 6
4 21
4 22
4 31
4 11
4 23
4 8
4 17
4 15
5 18
5 16
5 25
5 20
5 10
5 19
5 13
5 9
5 30
5 7
5 21
5 24
5 11
5 23
5 8
5 17
5 32
5 15
5 26
6 16
6 25
6 10
6 19
6 13
6 9
6 7
6 21
6 8
6 17
6 32
6 26
6 12
7 16
7 25
7 10
7 19
7 13
7 30
7 21
7 24
7 31
7 11
7 8
7 32
7 12
8 18
8 16
8 25
8 20
8 10
8 19
8 13
8 9
8 21
8 22
8 31
8 17
8 12
9 18
9 25
9 10
9 19
9 13
9 22
9 11
9 23
9 17
9 32
9 15
9 26
9 12
10 25
10 20
10 19
10 13
10 21
10 24
10 22
10 31
10 32
10 26
11 18
11 16
11 24
11 22
11 31
11 23
11 17
11 32
11 15
11 12
12 25
12 19
12 13
12 21
12 24
12 22
12 23
12 17
12 32
12 15
12 26
13 16
13 20
13 19
13 21
13 24
13 22
13 23
13 17
13 32
13 15
13 26
15 16
15 25
15 20
15 19
15 30
15 21
15 22
15 31
15 23
15 17
15 32
15 26
16 18
16 20
16 19
16 30
16 21
16 22
16 23
16 26
17 18
17 25
17 19
17 24
17 31
17 32
17 26
18 20
18 19
18 30
18 21
18 24
18 22
18 31
18 23
18 32
18 26
19 25
19 30
19 21
19 24
19 22
19 31
19 23
19 26
20 30
20 21
20 24
20 31
20 23
20 32
20 26
21 25
21 22
21 31
21 23
21 32
21 26
22 25
22 30
22 24
22 31
22 23
22 26
23 30
23 31
23 32
23 26
24 32
24 26
25 30
25 32
26 31
26 32
27 29
27 28
31 32
10 13
26 16
30 10
7 4
6 25
14 23
23 28
0 1
11 27
30 28
