32 149 5
0 18
0 1
0 24
0 3
0 16
0 17
0 30
0 27
0 19
0 11
0 23
0 31
1 10
1 24
1 2
1 17
1 30
1 29
1 4
1 27
1 21
1 11
2 10
2 18
2 3
2 15
2 17
2 29
2 27
2 19
2 21
2 26
2 31
3 10
3 18
3 24
3 16
3 17
3 29
3 4
3 19
3 21
3 26
3 31
4 18
4 15
4 16
4 17
4 30
4 27
4 19
4 21
4 31
6 22
7 12
7 8
7 28
7 20
7 9
8 13
8 12
8 20
8 9
9 13
9 12
9 25
9 28
10 18
10 24
10 15
10 17
10 30
10 27
10 19
10 21
10 11
10 23
10 31
11 18
11 24
11 15
11 16
11 30
11 27
11 19
11 21
11 23
11 26
11 31
12 13
12 25
12 28
13 25
13 28
13 20
15 17
15 29
15 27
15 19
15 23
15 31
16 24
16 17
16 29
16 19
16 21
16 23
16 26
17 18
17 24
17 30
17 29
17 27
17 19
17 23
17 26
17 31
18 24
18 30
18 27
18 19
18 23
19 30
19 29
19 27
19 21
19 23
19 26
20 28
21 29
21 27
21 26
21 31
23 24
23 26
23 31
24 30
24 27
24 26
25 28
26 30
26 29
26 27
26 31
27 30
27 31
29 30
29 31
30 31
4 19
13 25
23 1
27 24
18 10
9 11
10 12
23 9
30 22
9 10
