34 104 5
0 7
0 25
0 10
0 9
0 17
0 16
0 1
0 15
1 28
1 8
1 16
1 3
1 29
1 31
2 5
2 4
3 28
3 32
3 15
3 20
4 21
4 14
5 21
5 14
6 7
6 28
6 24
6 19
6 33
6 23
6 8
6 29
6 31
7 25
7 22
7 15
8 28
8 25
8 33
8 10
8 22
8 17
8 23
8 26
8 15
9 28
9 33
9 10
9 32
9 17
9 12
9 29
10 11
10 25
10 18
10 19
10 17
10 26
10 12
10 20
10 29
10 31
11 30
11 20
12 22
12 32
12 15
12 20
12 31
13 14
15 32
15 17
15 29
16 19
16 33
16 17
16 20
16 29
17 25
17 18
17 32
18 33
18 32
18 29
19 28
19 30
19 23
19 29
19 31
20 30
22 28
22 30
23 28
23 25
23 31
24 28
24 30
25 28
25 33
25 29
28 32
29 33
29 31
31 33
1 0
4 13
12 11
30 6
11 10
20 21
17 27
27 7
14 12
7 2
