31 244 5
0 21
0 16
0 11
0 5
0 14
0 8
0 23
0 15
0 10
0 7
0 27
0 6
0 29
0 19
0 18
0 22
0 28
0 2
0 1
0 9
0 4
1 26
1 16
1 11
1 5
1 14
1 8
1 10
1 7
1 6
1 3
1 29
1 19
1 17
1 18
1 28
1 20
1 9
1 4
2 26
2 11
2 5
2 8
2 15
2 10
2 7
2 29
2 19
2 17
2 18
2 22
2 28
2 20
2 4
3 26
3 21
3 16
3 11
3 8
3 15
3 10
3 27
3 6
3 29
3 19
3 17
3 18
3 22
3 28
3 30
3 9
3 4
4 26
4 16
4 11
4 5
4 23
4 15
4 7
4 27
4 29
4 20
5 26
5 16
5 11
5 8
5 23
5 10
5 6
5 29
5 19
5 17
5 18
5 22
5 28
5 30
5 9
6 16
6 11
6 8
6 23
6 15
6 10
6 27
6 29
6 19
6 17
6 18
6 28
6 20
6 30
6 9
7 26
7 21
7 11
7 8
7 23
7 15
7 10
7 27
7 29
7 19
7 18
7 22
7 20
7 30
8 16
8 23
8 17
8 18
8 28
8 20
8 30
8 9
9 21
9 16
9 15
9 10
9 27
9 29
9 19
9 17
9 18
9 22
9 28
9 20
9 30
10 26
10 21
10 16
10 11
10 15
10 29
10 19
10 17
10 18
10 22
10 28
10 20
10 30
11 26
11 21
11 16
11 14
11 23
11 29
11 17
11 18
11 28
11 20
12 24
13 24
13 25
14 26
14 16
14 23
14 27
14 19
14 22
14 28
15 23
15 29
15 19
15 17
15 18
15 22
15 28
15 20
16 26
16 21
16 27
16 19
16 17
16 18
16 20
17 26
17 23
17 19
17 22
17 28
17 20
18 26
18 21
18 23
18 27
18 19
18 28
18 30
19 21
19 23
19 27
19 29
19 22
19 20
19 30
20 26
20 21
20 23
20 27
20 22
20 30
21 26
21 23
21 27
21 29
21 28
21 30
22 26
22 23
22 29
22 28
22 30
23 26
23 27
23 29
23 30
26 27
26 30
27 29
27 28
27 30
28 29
28 30
29 30
20 5
26 8
8 1
26 6
4 5
25 16
6 12
24 22
29 13
13 6
