34 152 5
0 28
0 18
0 19
0 2
0 15
0 26
0 8
0 1
0 33
0 17
0 16
1 28
1 6
1 19
1 2
1 15
1 26
1 8
1 33
1 5
1 23
1 17
1 16
1 7
2 28
2 6
2 18
2 19
2 15
2 26
2 8
2 33
2 5
2 17
2 16
2 24
3 11
3 21
3 22
3 4
3 12
4 11
4 12
5 28
5 6
5 19
5 15
5 26
5 33
5 23
5 16
5 24
5 7
6 28
6 18
6 19
6 15
6 26
6 8
6 33
6 23
6 17
6 16
6 24
7 18
7 19
7 26
7 23
7 17
7 16
7 24
8 28
8 15
8 33
8 23
8 17
8 16
8 24
9 31
9 27
9 25
9 10
9 32
9 29
9 14
10 20
10 31
10 27
10 13
10 32
10 30
11 21
11 12
12 21
13 20
13 31
13 27
13 32
13 30
13 29
14 20
14 31
14 27
14 25
14 32
14 30
14 29
15 28
15 18
15 33
15 16
15 24
16 18
16 26
16 33
16 23
16 17
17 28
17 18
17 26
17 23
18 28
18 19
18 33
18 23
18 24
19 28
19 33
19 23
19 24
20 31
20 27
20 32
20 30
20 29
23 28
23 26
23 33
24 26
24 33
25 31
25 27
25 29
26 28
26 33
27 31
27 32
27 30
29 32
29 30
30 31
31 32
14 13
24 5
18 26
17 33
27 32
21 13
14 17
20 22
10 3
9 18
