30 93 5
0 29
0 15
0 3
0 14
0 27
0 1
0 25
0 12
0 26
1 22
1 15
1 3
1 14
1 27
1 16
1 5
1 12
2 10
2 23
3 29
3 22
3 15
3 14
3 25
3 5
3 12
4 19
4 11
4 18
4 28
4 17
5 7
5 25
5 16
5 12
6 9
6 18
6 20
6 28
6 13
7 29
7 22
7 15
7 25
7 16
7 26
8 24
8 10
9 21
9 20
9 17
10 23
11 19
11 20
11 28
12 29
12 22
12 14
12 27
12 25
12 26
13 21
13 18
13 17
14 29
14 22
14 15
14 27
14 25
14 16
14 26
15 29
15 25
15 16
15 26
16 29
16 25
17 18
17 28
18 19
18 21
18 20
19 21
20 21
21 28
22 25
22 26
23 24
25 27
25 26
26 29
26 27
27 29
15 3
27 22
6 4
19 20
6 13
17 26
29 11
21 24
9 24
24 15
