32 165 5
0 9
0 16
0 20
0 21
0 24
0 6
0 31
0 26
0 2
0 7
0 14
0 27
0 11
0 1
1 16
1 21
1 24
1 31
1 18
1 25
1 26
1 2
1 7
1 14
1 27
1 11
1 10
2 16
2 20
2 21
2 24
2 6
2 31
2 14
2 27
2 10
3 15
3 29
3 4
3 13
3 8
3 19
3 5
3 22
4 30
4 12
4 17
4 29
4 13
4 5
4 22
5 30
5 12
5 15
5 28
5 29
5 19
5 22
5 23
6 9
6 16
6 24
6 31
6 25
6 7
6 27
6 11
7 16
7 21
7 24
7 18
7 14
7 11
7 10
8 12
8 17
8 15
8 13
8 19
8 22
8 23
9 20
9 21
9 24
9 31
9 18
9 26
9 14
10 21
10 31
10 18
10 25
10 26
10 14
10 27
10 11
11 16
11 20
11 21
11 31
11 18
11 25
11 26
11 14
12 28
12 29
12 13
12 23
13 30
13 17
13 15
13 28
13 19
13 23
14 20
14 21
14 31
14 18
14 25
14 26
14 27
15 17
15 28
15 19
15 23
16 20
16 21
16 24
16 18
16 26
17 30
17 22
17 23
18 21
18 31
18 25
18 27
19 30
19 28
19 22
19 23
20 21
20 31
20 26
20 27
21 24
21 31
21 25
21 26
21 27
22 30
22 29
23 30
23 28
23 29
24 31
24 25
24 26
25 31
25 26
25 27
26 27
27 31
28 30
28 29
17 8
6 20
13 30
0 16
2 1
17 26
6 29
13 31
0 30
1 19
