29 145 5
0 17
0 11
0 6
0 9
1 23
1 21
1 3
1 19
1 15
1 22
1 24
1 5
1 14
1 25
1 27
1 18
2 28
2 13
2 6
3 23
3 21
3 12
3 19
3 15
3 22
3 24
3 10
3 14
3 26
3 25
3 27
4 21
4 12
4 15
4 22
4 24
4 5
4 14
4 26
4 25
4 16
4 27
5 23
5 21
5 19
5 15
5 24
5 10
5 26
5 8
5 27
6 28
6 13
6 17
6 11
7 28
7 13
7 11
7 20
8 21
8 12
8 19
8 15
8 22
8 14
8 26
8 25
8 16
8 27
9 17
9 11
9 20
10 23
10 12
10 15
10 22
10 24
10 14
10 26
10 25
10 16
10 18
11 28
11 13
11 17
11 20
12 23
12 21
12 15
12 22
12 24
12 16
12 18
13 28
13 17
13 20
14 23
14 21
14 19
14 15
14 24
14 25
14 16
14 27
15 23
15 19
15 26
15 25
15 16
15 27
15 18
16 23
16 21
16 19
16 24
16 26
16 27
16 18
17 28
18 23
18 21
18 19
18 22
18 24
18 26
18 25
19 23
19 22
19 24
19 26
19 25
19 27
20 28
21 23
21 22
21 24
21 26
21 25
21 27
22 24
22 25
23 24
24 26
24 25
24 27
19 5
10 12
0 2
8 5
13 6
0 5
19 6
21 7
14 28
27 6
