32 202 5
0 14
0 23
0 24
0 12
0 15
0 27
0 25
0 29
0 8
0 9
0 21
0 18
0 13
0 6
1 2
1 5
1 7
1 14
1 23
1 16
1 17
1 24
1 27
1 29
1 8
1 31
1 9
1 18
1 13
1 6
1 10
2 7
2 14
2 16
2 17
2 12
2 27
2 29
2 8
2 31
2 9
2 21
2 13
2 6
2 10
3 20
3 11
3 30
3 28
3 4
4 20
4 11
4 26
4 22
5 14
5 16
5 17
5 24
5 15
5 25
5 29
5 8
5 31
5 9
5 21
5 6
6 14
6 23
6 16
6 17
6 24
6 19
6 12
6 25
6 29
6 8
6 9
6 21
6 18
6 13
6 10
7 17
7 24
7 15
7 27
7 25
7 29
7 8
7 31
7 9
7 21
7 13
8 16
8 24
8 19
8 15
8 25
8 29
8 31
8 9
8 18
8 10
9 14
9 16
9 17
9 19
9 12
9 15
9 27
9 29
9 21
9 18
9 13
9 10
10 16
10 24
10 19
10 15
10 27
10 25
10 29
10 31
10 18
10 13
11 20
11 28
12 14
12 23
12 19
12 27
12 25
12 29
12 31
12 21
13 14
13 17
13 24
13 19
13 27
13 25
13 31
13 18
14 24
14 19
14 27
14 25
14 29
14 21
14 18
15 23
15 17
15 27
15 25
15 29
15 21
15 18
16 23
16 17
16 19
16 27
16 25
16 29
16 21
16 18
17 23
17 24
17 27
17 25
17 31
17 18
18 23
18 24
18 19
18 27
18 29
18 31
18 21
19 23
19 27
19 21
20 28
20 22
21 23
21 29
21 31
22 26
22 30
22 28
23 24
23 25
23 29
23 31
24 27
24 29
24 31
25 27
25 31
26 30
26 28
27 29
27 31
28 30
15 29
19 21
13 14
23 0
11 20
17 11
21 20
12 11
23 22
20 6
