34 128 5
0 20
0 12
0 16
1 29
1 2
1 14
1 15
1 5
1 6
1 13
2 3
2 6
2 13
3 29
3 13
4 20
4 21
4 7
4 25
4 26
4 31
5 14
5 6
6 14
7 20
7 16
7 24
7 25
8 23
8 30
8 32
8 27
8 22
8 9
8 33
8 11
8 28
9 23
9 19
9 30
9 17
9 10
9 27
9 18
9 22
9 33
9 11
9 28
10 19
10 30
10 27
10 18
10 22
10 33
10 11
10 28
11 23
11 19
11 30
11 17
11 32
11 27
11 18
11 22
11 33
11 28
12 20
12 21
12 16
12 24
12 25
12 26
12 31
13 29
14 29
14 15
15 29
16 20
16 21
16 24
16 26
16 31
17 23
17 30
17 18
17 22
17 28
18 23
18 19
18 30
18 32
18 27
18 22
18 33
18 28
19 23
19 30
19 32
19 27
19 33
19 28
20 21
20 24
20 25
20 31
21 24
21 25
21 31
22 23
22 30
22 27
22 33
22 28
23 30
23 32
23 28
24 26
24 31
25 31
26 31
27 32
27 33
27 28
28 30
28 33
30 32
30 33
32 33
2 3
5 15
7 16
6 3
1 2
13 7
16 2
10 24
5 8
7 14
