33 309 5
0 13
1 19
1 11
1 30
1 32
1 15
1 25
1 22
1 14
1 12
1 10
1 4
1 26
1 24
1 9
1 18
1 16
1 28
1 21
1 31
1 27
1 17
1 8
1 3
1 7
1 5
1 6
2 19
2 11
2 30
2 32
2 15
2 25
2 22
2 12
2 10
2 4
2 26
2 9
2 16
2 28
2 21
2 31
2 27
2 3
2 7
2 6
3 19
3 11
3 32
3 25
3 22
3 10
3 4
3 29
3 26
3 9
3 16
3 28
3 21
3 31
3 27
3 8
3 7
3 5
3 6
4 19
4 11
4 32
4 14
4 12
4 10
4 29
4 26
4 24
4 9
4 18
4 28
4 21
4 31
4 27
4 20
4 8
4 7
4 5
5 19
5 30
5 15
5 22
5 14
5 29
5 26
5 24
5 9
5 18
5 16
5 28
5 27
5 20
5 6
6 19
6 11
6 30
6 32
6 25
6 22
6 14
6 12
6 10
6 29
6 24
6 9
6 18
6 16
6 28
6 21
6 27
6 7
7 19
7 11
7 30
7 32
7 25
7 22
7 12
7 29
7 26
7 24
7 9
7 18
7 16
7 28
7 31
7 20
7 17
7 8
8 19
8 11
8 30
8 25
8 14
8 12
8 10
8 29
8 24
8 18
8 16
8 28
8 21
8 27
9 19
9 30
9 15
9 25
9 22
9 14
9 12
9 10
9 29
9 24
9 18
9 16
9 28
9 21
9 31
9 20
9 17
10 19
10 11
10 25
10 14
10 12
10 29
10 24
10 18
10 16
10 28
10 27
10 20
11 19
11 30
11 22
11 14
11 12
11 29
11 24
11 18
11 16
11 28
11 21
11 31
12 19
12 32
12 15
12 25
12 22
12 14
12 26
12 24
12 18
12 21
12 31
12 27
12 17
14 19
14 30
14 15
14 25
14 22
14 26
14 24
14 28
14 21
14 31
14 27
14 20
14 17
15 19
15 32
15 25
15 22
15 29
15 24
15 18
15 16
15 28
15 21
15 31
15 27
15 20
15 17
16 19
16 25
16 22
16 26
16 21
16 31
16 27
16 20
17 19
17 32
17 25
17 29
17 26
17 18
17 28
17 31
17 27
17 20
18 19
18 30
18 25
18 22
18 26
18 24
18 21
18 27
18 20
19 30
19 32
19 25
19 26
19 28
19 21
19 31
20 32
20 25
20 22
20 29
20 26
20 24
20 28
20 21
20 27
21 30
21 32
21 25
21 29
21 26
21 24
21 28
22 32
22 25
22 29
22 26
22 24
22 31
24 30
24 32
24 25
24 29
24 26
24 28
24 31
26 30
26 32
26 29
26 28
26 31
27 30
27 31
28 30
28 32
28 29
28 31
29 30
29 32
29 31
31 32
17 15
26 24
14 7
17 19
8 19
20 23
21 0
13 28
0 2
32 23
