31 148 5
0 2
0 5
0 10
0 18
0 14
0 28
0 25
0 7
0 17
0 13
0 22
0 20
0 11
1 9
1 3
1 6
1 24
1 4
1 21
1 27
1 16
2 5
2 14
2 26
2 25
2 7
2 20
2 11
3 9
3 6
3 24
3 4
3 21
3 30
3 15
3 16
3 8
4 12
4 6
4 24
4 23
4 21
4 27
4 15
4 16
4 8
5 10
5 29
5 26
5 19
5 17
5 13
5 20
6 9
6 24
6 23
6 16
7 18
7 14
7 29
7 28
7 25
7 19
7 17
7 20
8 9
8 24
8 27
8 30
9 12
9 23
9 21
9 27
9 30
9 16
10 18
10 14
10 26
10 28
10 13
10 22
10 20
10 11
11 18
11 29
11 26
11 28
11 25
11 19
11 17
11 13
12 24
12 21
12 30
12 15
13 18
13 14
13 29
13 26
13 19
13 17
13 22
13 20
14 18
14 29
14 26
14 28
14 25
14 19
14 22
14 20
15 24
15 30
15 16
16 24
16 23
16 21
16 27
17 18
17 26
17 25
17 20
18 29
18 28
18 25
18 19
18 22
19 26
19 28
19 25
20 29
20 28
20 25
20 22
21 24
21 23
21 27
22 26
22 25
23 24
23 27
23 30
24 30
25 29
25 28
26 28
27 30
28 29
13 25
28 29
8 4
6 15
20 14
13 21
15 20
12 28
6 25
18 12
