33 149 5
0 10
0 25
0 7
0 12
0 23
0 14
0 17
0 20
0 19
0 4
0 28
0 27
0 2
0 31
1 22
1 5
1 32
2 16
2 7
2 20
2 18
2 9
2 4
2 28
2 27
2 31
3 29
3 26
4 16
4 10
4 7
4 12
4 23
4 14
4 15
4 20
4 18
4 19
4 9
4 28
4 27
5 22
5 6
5 32
6 22
6 24
6 32
7 16
7 25
7 12
7 23
7 14
7 17
7 15
7 21
7 19
7 9
7 28
7 27
7 31
8 13
8 26
9 16
9 10
9 25
9 12
9 23
9 14
9 15
9 21
9 20
9 19
9 31
10 16
10 12
10 23
10 17
10 15
10 21
10 18
10 19
10 28
10 27
11 24
11 32
12 23
12 14
12 15
12 21
12 20
12 18
12 19
12 28
12 31
13 29
13 26
14 16
14 23
14 17
14 20
14 18
14 19
14 28
14 27
14 31
15 16
15 25
15 23
15 17
15 18
15 28
15 27
15 31
16 25
16 23
16 17
16 20
16 18
16 19
16 27
17 20
17 18
17 28
17 27
18 25
18 21
18 20
18 28
18 31
19 25
19 21
19 20
19 27
19 31
20 23
20 21
20 28
21 25
21 23
21 27
21 31
22 32
23 25
23 28
23 31
24 32
25 28
27 28
28 31
9 7
3 8
21 20
14 9
10 14
32 7
21 3
5 3
10 5
30 13
