31 223 5
0 21
0 7
0 14
0 5
0 10
0 4
0 22
0 1
0 26
0 9
0 23
0 30
0 17
0 15
0 8
0 25
0 3
1 27
1 21
1 11
1 16
1 7
1 14
1 13
1 5
1 4
1 22
1 26
1 9
1 2
1 17
1 8
1 25
1 3
2 27
2 21
2 11
2 16
2 14
2 5
2 19
2 4
2 22
2 26
2 9
2 23
2 17
2 15
2 8
2 25
2 3
3 27
3 21
3 11
3 14
3 13
3 5
3 10
3 19
3 4
3 22
3 24
3 23
3 30
3 8
4 27
4 11
4 16
4 13
4 5
4 10
4 19
4 22
4 26
4 24
4 9
4 17
4 15
4 8
5 27
5 11
5 16
5 7
5 14
5 13
5 10
5 22
5 26
5 9
5 23
5 30
5 15
5 8
5 25
6 28
6 29
6 20
7 27
7 21
7 11
7 16
7 10
7 22
7 26
7 9
7 23
7 30
7 17
7 25
8 21
8 11
8 16
8 14
8 13
8 10
8 19
8 22
8 26
8 24
8 9
8 23
8 30
8 17
9 27
9 21
9 11
9 13
9 22
9 26
9 24
9 23
9 30
9 17
9 15
9 25
10 27
10 21
10 11
10 14
10 13
10 22
10 26
10 23
10 30
10 15
11 27
11 21
11 16
11 13
11 19
11 22
11 23
11 30
11 15
12 28
12 29
12 20
13 27
13 21
13 16
13 14
13 24
13 23
13 17
13 15
13 25
14 27
14 21
14 19
14 22
14 26
14 24
14 23
14 30
14 17
14 15
14 25
15 27
15 21
15 22
15 26
15 24
15 30
15 17
16 27
16 21
16 19
16 22
16 24
16 23
16 25
17 27
17 19
17 23
17 30
17 25
19 27
19 21
19 22
19 26
19 23
19 25
20 28
20 29
21 27
21 26
21 23
21 30
21 25
22 27
22 23
22 30
22 25
23 27
23 26
23 25
24 30
24 25
25 26
25 30
26 27
26 30
28 29
19 1
19 0
9 16
19 30
3 1
12 16
12 17
29 27
12 21
2 28
