30 209 5
0 28
0 3
0 20
0 27
0 24
0 12
0 5
0 17
0 26
0 10
0 11
0 7
0 1
0 19
0 9
0 14
1 28
1 16
1 3
1 15
1 20
1 21
1 27
1 24
1 12
1 25
1 5
1 17
1 6
1 26
1 11
1 2
1 19
1 14
1 23
2 28
2 16
2 15
2 20
2 21
2 27
2 24
2 12
2 25
2 5
2 17
2 26
2 10
2 9
2 23
3 28
3 16
3 20
3 27
3 25
3 5
3 6
3 11
3 7
3 9
3 14
4 18
4 29
4 22
4 8
5 16
5 20
5 21
5 27
5 24
5 12
5 25
5 17
5 6
5 26
5 10
5 11
5 19
5 9
5 14
5 23
6 28
6 16
6 15
6 20
6 21
6 27
6 12
6 17
6 26
6 10
6 11
6 7
6 19
6 9
6 23
7 28
7 16
7 20
7 24
7 25
7 17
7 10
7 11
7 19
7 9
7 23
8 18
8 29
8 22
9 15
9 20
9 27
9 24
9 17
9 19
9 14
9 23
10 16
10 15
10 27
10 24
10 12
10 17
10 26
10 11
10 19
10 23
11 28
11 16
11 15
11 20
11 21
11 24
11 25
11 17
11 26
11 14
11 23
12 16
12 15
12 20
12 21
12 27
12 25
12 26
12 19
12 14
12 23
13 18
14 16
14 15
14 20
14 21
14 27
14 25
14 26
14 19
14 23
15 21
15 27
15 24
15 25
15 17
15 26
15 23
16 20
16 27
16 24
16 17
16 19
16 23
17 28
17 20
17 21
17 27
17 24
17 25
17 19
18 29
18 22
19 28
19 20
19 21
19 27
19 24
19 23
20 21
20 27
20 25
20 26
20 23
21 28
21 24
21 25
21 26
21 23
22 29
23 28
23 25
23 26
24 27
24 25
24 26
25 27
25 26
26 28
26 27
27 28
3 27
28 27
17 6
28 23
23 7
22 14
29 6
6 13
29 21
0 4
