26 111 5
0 22
0 7
0 18
0 14
0 20
0 13
0 24
0 17
1 25
1 9
1 21
1 15
1 23
1 19
1 16
1 8
2 9
2 21
2 23
2 19
2 6
2 3
2 8
2 5
3 25
3 21
3 15
3 23
3 4
3 19
4 25
4 10
4 9
4 21
4 23
4 19
4 6
4 5
5 25
5 10
5 9
5 23
5 16
5 8
6 9
6 21
6 15
6 19
6 16
7 22
7 14
7 13
7 24
7 17
8 25
8 10
8 9
8 21
8 15
8 23
8 19
8 16
9 10
9 15
9 19
9 16
10 23
10 16
11 22
11 18
11 14
11 20
11 12
11 13
11 24
11 17
12 22
12 18
12 20
12 24
12 17
13 18
13 14
13 20
13 24
13 17
14 22
14 18
14 20
14 24
14 17
15 25
15 21
15 19
15 16
16 25
16 21
16 23
17 18
17 20
17 24
18 22
18 20
18 24
19 25
19 21
20 22
20 24
21 25
21 23
23 25
15 25
3 1
9 16
21 1
20 18
15 11
0 2
25 20
21 18
20 23
