34 244 5
0 13
0 30
0 32
0 15
0 8
0 17
0 21
0 19
0 14
0 26
0 3
0 4
0 18
0 11
0 10
0 7
0 28
0 31
1 13
1 30
1 32
1 23
1 15
1 8
1 17
1 21
1 19
1 33
1 26
1 9
1 4
1 11
1 7
2 20
2 13
2 30
2 32
2 23
2 17
2 22
2 19
2 33
2 14
2 26
2 3
2 18
2 11
2 7
2 28
2 31
3 20
3 13
3 30
3 32
3 23
3 15
3 8
3 17
3 21
3 14
3 26
3 9
3 18
3 11
3 28
3 31
4 20
4 13
4 30
4 32
4 23
4 15
4 33
4 26
4 18
4 11
4 10
4 7
4 28
4 31
5 12
5 27
6 29
6 24
6 12
6 27
7 20
7 13
7 30
7 23
7 15
7 8
7 17
7 22
7 19
7 14
7 26
7 18
7 10
7 28
7 31
8 20
8 30
8 15
8 17
8 22
8 21
8 19
8 33
8 14
8 26
8 9
8 18
8 10
9 13
9 30
9 32
9 23
9 22
9 21
9 33
9 14
9 26
9 18
9 11
9 10
9 28
9 31
10 13
10 30
10 32
10 15
10 22
10 21
10 19
10 33
10 26
10 18
10 11
10 28
11 20
11 13
11 30
11 32
11 23
11 15
11 17
11 22
11 21
11 19
11 26
11 28
11 31
12 29
12 24
12 16
12 27
13 20
13 32
13 15
13 17
13 22
13 21
13 33
13 14
13 28
13 31
14 20
14 32
14 15
14 17
14 22
14 18
14 28
14 31
15 20
15 30
15 32
15 17
15 22
15 21
15 19
15 33
15 26
15 18
15 31
16 29
16 27
17 20
17 30
17 22
17 21
17 19
17 33
17 26
17 18
17 28
17 31
18 20
18 30
18 23
18 22
18 21
18 28
18 31
19 20
19 32
19 21
19 26
19 28
20 30
20 32
20 23
20 22
20 21
20 28
21 30
21 32
21 23
21 22
21 33
21 26
21 31
22 32
22 28
22 31
23 30
23 32
23 33
23 26
23 31
24 29
24 27
26 30
26 32
26 33
26 28
27 29
28 31
30 32
30 33
30 31
31 32
32 33
11 21
32 9
32 23
21 32
4 30
22 27
22 25
16 19
13 24
12 19
