31 155 5
0 12
0 22
0 14
0 30
0 18
0 17
0 16
0 10
0 1
0 11
0 9
0 7
0 21
0 2
1 14
1 30
1 17
1 6
1 29
1 16
1 11
1 9
1 7
1 8
1 2
2 12
2 22
2 14
2 30
2 18
2 17
2 6
2 16
2 10
2 11
2 7
2 21
3 24
3 25
3 5
3 19
4 24
4 28
4 25
4 5
4 19
4 13
4 20
4 26
5 28
5 25
5 19
5 23
5 20
5 26
6 22
6 14
6 17
6 29
6 10
6 11
6 9
6 7
6 8
7 22
7 14
7 30
7 17
7 29
7 9
7 21
8 12
8 22
8 14
8 30
8 18
8 17
8 29
8 10
9 22
9 14
9 18
9 17
9 29
9 10
9 21
10 12
10 22
10 14
10 18
10 29
10 16
10 11
10 21
11 12
11 22
11 14
11 30
11 18
11 16
11 21
12 22
12 14
12 30
12 17
12 29
12 16
12 21
13 24
13 28
13 25
13 19
13 23
13 20
14 22
14 17
14 29
15 27
15 28
15 19
15 20
15 26
16 22
16 30
16 18
16 17
17 22
17 21
18 22
18 30
18 29
18 21
19 24
19 28
19 25
19 23
19 26
20 24
20 27
20 28
20 23
20 26
21 22
21 30
21 29
22 30
22 29
23 24
23 28
23 25
24 28
24 25
25 28
26 27
26 28
21 8
30 14
21 16
27 3
0 1
8 28
17 26
21 28
27 6
0 26
