35 245 5
0 4
0 1
0 27
0 25
0 8
0 34
0 6
0 14
0 28
0 5
0 29
0 9
0 2
0 17
0 21
0 12
0 10
0 7
1 4
1 15
1 33
1 27
1 34
1 20
1 6
1 14
1 28
1 13
1 5
1 29
1 2
1 17
1 12
1 10
1 7
2 15
2 33
2 27
2 25
2 8
2 20
2 32
2 6
2 14
2 13
2 19
2 29
2 9
2 17
2 12
3 22
3 26
3 16
3 31
3 18
3 24
3 30
4 15
4 33
4 27
4 25
4 8
4 20
4 32
4 6
4 14
4 28
4 19
4 5
4 17
4 21
5 15
5 33
5 25
5 8
5 34
5 32
5 6
5 14
5 13
5 19
5 29
5 9
5 17
5 21
5 12
5 10
6 33
6 27
6 25
6 8
6 20
6 13
6 19
6 29
6 9
6 17
6 12
6 10
6 7
7 15
7 33
7 27
7 25
7 34
7 20
7 14
7 28
7 29
7 9
7 21
7 10
8 27
8 25
8 34
8 20
8 14
8 28
8 13
8 9
8 17
8 12
8 10
9 15
9 33
9 27
9 25
9 34
9 20
9 32
9 28
9 13
9 19
9 29
9 17
9 21
9 12
9 10
10 15
10 33
10 27
10 34
10 20
10 32
10 28
10 13
10 19
10 29
10 17
10 21
10 12
11 22
11 23
11 31
11 30
12 15
12 33
12 27
12 34
12 20
12 28
12 13
12 19
12 29
12 17
13 15
13 27
13 14
13 28
13 19
13 29
13 17
13 21
14 34
14 20
14 32
14 19
14 29
14 17
14 21
15 27
15 25
15 20
15 32
15 19
15 29
15 17
15 21
16 22
16 26
16 23
16 31
16 24
16 30
17 33
17 25
17 34
17 32
17 28
17 19
17 21
18 22
18 26
18 31
18 24
18 30
19 27
19 25
19 34
19 32
19 28
20 33
20 27
20 34
20 32
20 29
20 21
21 33
21 27
21 25
21 34
21 32
22 26
22 31
22 24
22 30
23 26
23 31
23 24
23 30
24 26
24 31
25 27
25 34
25 32
25 29
26 31
27 34
27 32
27 28
27 29
28 33
28 34
29 33
32 34
4 29
28 5
4 2
6 19
12 34
2 3
31 34
21 26
23 9
29 26
