29 110 5
0 24
0 8
0 18
0 26
0 14
0 15
0 9
0 25
0 17
0 4
0 2
1 27
1 16
1 5
1 22
1 19
2 26
2 13
2 14
2 3
2 15
2 25
2 4
2 21
3 8
3 13
3 23
3 15
3 17
3 6
3 21
4 24
4 8
4 18
4 26
4 13
4 14
4 25
4 6
4 21
5 16
5 10
5 19
6 24
6 8
6 13
6 23
6 14
6 15
6 9
6 17
6 21
7 28
7 20
7 11
8 24
8 18
8 13
8 23
8 14
8 9
8 21
9 24
9 26
9 23
9 14
9 25
10 27
10 16
10 22
10 19
12 27
12 16
12 22
13 24
13 26
13 23
13 14
13 15
13 25
13 17
13 21
14 26
14 15
14 25
15 26
15 23
15 25
15 17
15 21
16 27
16 22
16 19
17 24
17 18
17 23
18 24
18 26
18 21
19 27
19 22
20 28
21 24
21 23
21 25
23 26
23 25
24 26
24 25
25 26
25 0
0 3
26 25
3 4
3 26
20 3
6 12
27 28
12 0
12 20
