32 206 5
0 26
0 12
0 24
0 31
0 15
0 27
1 26
1 24
1 31
1 27
1 19
2 25
2 20
2 23
2 8
2 9
2 4
2 29
2 7
2 14
2 5
2 11
2 6
2 3
2 13
2 10
3 25
3 30
3 23
3 9
3 4
3 29
3 21
3 28
3 7
3 14
3 5
3 11
3 6
3 10
4 25
4 20
4 30
4 23
4 18
4 17
4 21
4 16
4 14
4 11
4 6
4 13
4 22
5 25
5 20
5 30
5 23
5 18
5 17
5 8
5 9
5 29
5 28
5 16
5 14
5 11
5 13
5 22
5 10
6 25
6 20
6 23
6 18
6 17
6 9
6 29
6 21
6 7
6 13
6 22
7 25
7 20
7 30
7 23
7 18
7 8
7 9
7 29
7 21
7 28
7 16
7 14
7 11
7 13
7 10
8 20
8 30
8 23
8 18
8 9
8 21
8 28
8 16
8 14
8 11
8 13
8 10
9 20
9 30
9 23
9 18
9 29
9 28
9 11
9 13
9 22
9 10
10 25
10 30
10 23
10 17
10 28
10 16
10 14
10 11
10 13
10 22
11 25
11 20
11 30
11 23
11 18
11 29
11 21
11 28
11 22
12 26
12 24
12 19
13 25
13 23
13 18
13 17
13 29
13 21
13 28
13 16
13 22
14 25
14 20
14 23
14 29
14 21
14 28
14 16
15 26
15 31
15 27
16 25
16 20
16 30
16 17
16 29
16 21
16 28
16 22
17 25
17 30
17 23
17 18
17 29
17 28
17 22
18 25
18 20
18 30
18 23
18 29
18 21
18 22
19 26
19 31
19 27
20 30
20 29
20 21
20 28
21 25
21 30
21 23
21 29
21 22
22 25
22 30
22 23
22 29
22 28
23 25
23 30
23 29
24 26
25 29
25 28
28 30
28 29
29 30
18 13
11 28
5 22
5 21
28 14
27 9
8 12
5 19
5 15
24 6
