33 123 5
0 24
0 12
0 29
0 23
0 2
0 20
0 30
0 26
0 3
0 1
0 6
0 4
0 7
1 24
1 2
1 30
1 18
1 26
1 6
1 14
2 12
2 29
2 20
2 13
2 3
2 14
2 7
3 12
3 29
3 23
3 30
3 18
3 26
3 6
3 14
4 12
4 23
4 20
4 13
4 30
4 18
4 26
4 6
4 14
4 7
5 11
5 17
5 8
5 25
6 12
6 29
6 20
6 30
6 18
6 14
6 7
7 12
7 23
7 20
7 13
7 30
7 18
7 14
8 17
8 25
9 15
9 31
9 21
9 28
9 16
9 19
10 22
11 17
11 25
12 29
12 20
12 13
12 30
12 14
13 24
13 29
13 23
13 20
13 30
13 18
13 26
14 29
14 23
14 20
14 30
14 26
15 28
15 32
15 16
15 27
15 19
16 31
16 21
16 28
17 25
18 29
18 26
19 31
19 21
19 32
19 27
20 29
20 23
20 30
21 31
21 32
23 24
23 30
23 26
24 29
24 30
26 29
26 30
27 31
27 28
27 32
28 31
28 32
0 1
8 11
12 26
28 27
26 23
5 28
25 28
23 21
25 2
28 25
