35 179 5
0 32
0 20
0 22
0 9
0 29
0 7
0 8
1 3
1 26
1 2
1 19
1 6
1 27
1 18
1 25
1 17
1 16
1 31
1 12
1 21
1 34
2 23
2 28
2 19
2 6
2 5
2 27
2 24
2 11
2 18
2 17
2 33
2 12
2 4
2 21
3 26
3 19
3 27
3 24
3 11
3 18
3 25
3 17
3 16
3 31
3 12
3 4
3 21
4 28
4 5
4 27
4 24
4 18
4 25
4 17
4 34
5 23
5 28
5 26
5 19
5 6
5 25
5 17
5 16
5 31
5 34
6 28
6 19
6 24
6 11
6 18
6 17
6 31
6 12
6 21
7 32
7 22
7 9
7 29
8 32
8 20
8 9
9 20
10 13
10 15
10 14
11 28
11 19
11 27
11 18
11 17
11 16
11 31
11 12
12 28
12 19
12 27
12 24
12 18
12 25
12 17
12 31
12 34
13 30
13 15
13 14
14 30
14 15
16 23
16 28
16 26
16 24
16 25
16 33
16 31
16 21
16 34
17 23
17 26
17 19
17 27
17 24
17 18
17 25
17 33
17 31
17 21
17 34
18 23
18 28
18 26
18 27
18 24
18 25
18 33
18 34
19 23
19 28
19 27
19 24
19 25
19 33
19 21
19 34
20 29
21 23
21 27
21 25
21 33
21 31
22 32
22 29
23 28
23 26
23 27
23 24
23 25
23 33
23 31
23 34
24 26
24 25
24 33
24 31
25 26
25 34
26 28
26 33
26 31
26 34
27 28
27 33
27 31
27 34
28 33
28 31
28 34
29 32
33 34
21 16
33 5
12 3
28 19
31 21
14 16
32 16
15 28
27 32
30 19
