32 153 5
0 4
0 5
0 30
0 29
0 17
0 3
0 22
0 12
0 15
0 27
1 2
1 9
1 31
1 13
1 16
1 20
1 18
1 25
2 9
2 31
2 13
2 21
2 16
2 10
2 20
3 23
3 4
3 5
3 24
3 17
3 7
3 22
3 19
3 15
3 27
3 14
4 23
4 24
4 30
4 29
4 7
4 22
4 26
4 19
4 28
4 15
4 27
4 14
5 23
5 24
5 29
5 7
5 26
5 19
5 12
5 28
5 15
5 27
6 9
6 31
6 13
6 21
6 16
6 10
6 18
6 25
7 23
7 24
7 30
7 29
7 17
7 22
7 28
7 15
7 27
8 11
9 13
9 21
9 16
9 10
9 18
9 25
10 31
10 13
10 21
10 16
12 23
12 30
12 17
12 22
12 26
12 19
12 28
12 27
13 31
13 21
13 25
14 24
14 30
14 29
14 17
14 22
14 19
14 28
14 15
14 27
15 23
15 24
15 17
15 22
15 26
15 28
15 27
16 31
16 18
16 25
17 23
17 24
17 30
17 22
17 28
18 31
18 20
18 25
19 23
19 24
19 29
19 22
19 27
20 31
21 25
22 23
22 30
22 29
22 26
22 28
22 27
23 30
23 29
23 26
23 28
24 30
24 29
24 28
24 27
25 31
26 30
26 29
26 28
26 27
27 28
28 30
28 29
22 15
19 4
30 28
24 14
14 24
31 3
9 23
4 31
26 21
15 20
