35 354 5
0 24
0 27
0 32
0 33
0 29
0 9
0 21
0 5
0 31
0 14
0 12
0 26
0 11
0 17
0 16
0 34
0 23
0 30
0 7
0 6
1 24
1 32
1 4
1 20
1 9
1 21
1 22
1 12
1 26
1 25
1 11
1 17
1 34
1 23
1 7
1 6
1 8
2 27
2 4
2 29
2 9
2 21
2 5
2 15
2 31
2 22
2 12
2 26
2 25
2 11
2 17
2 18
2 34
2 23
2 30
3 24
3 27
3 32
3 33
3 4
3 20
3 5
3 15
3 31
3 14
3 22
3 25
3 11
3 17
3 16
3 18
3 34
3 30
3 7
3 28
3 6
3 8
4 24
4 27
4 33
4 29
4 20
4 9
4 21
4 5
4 15
4 31
4 14
4 22
4 12
4 25
4 17
4 16
4 18
4 30
4 28
4 6
4 8
5 27
5 29
5 20
5 21
5 15
5 31
5 14
5 12
5 26
5 25
5 11
5 17
5 16
5 30
5 7
5 28
5 8
6 24
6 32
6 33
6 29
6 20
6 9
6 21
6 15
6 14
6 22
6 12
6 26
6 25
6 11
6 16
6 18
6 7
6 28
6 8
7 24
7 27
7 33
7 9
7 21
7 15
7 31
7 14
7 22
7 12
7 26
7 25
7 18
7 23
7 28
7 8
8 24
8 32
8 20
8 9
8 15
8 31
8 14
8 22
8 12
8 17
8 16
8 34
8 23
8 30
8 28
9 27
9 32
9 33
9 29
9 20
9 21
9 31
9 14
9 12
9 26
9 16
9 34
9 23
9 30
9 28
10 19
10 13
11 24
11 32
11 29
11 20
11 21
11 15
11 14
11 22
11 12
11 26
11 17
11 18
11 34
11 23
11 30
11 28
12 24
12 27
12 32
12 33
12 20
12 21
12 31
12 22
12 26
12 25
12 17
12 16
12 18
12 34
12 30
12 28
13 19
14 32
14 29
14 21
14 31
14 26
14 25
14 17
14 16
14 18
14 23
14 30
15 24
15 27
15 32
15 33
15 20
15 31
15 22
15 26
15 25
15 17
15 16
15 34
15 23
15 30
16 27
16 33
16 29
16 20
16 21
16 31
16 22
16 26
16 25
16 17
16 18
16 34
16 23
16 30
17 24
17 32
17 33
17 29
17 20
17 31
17 22
17 26
17 25
17 34
17 23
17 28
18 24
18 32
18 33
18 20
18 31
18 22
18 26
18 34
18 23
18 28
20 24
20 33
20 29
20 31
20 22
20 26
20 34
20 23
20 30
20 28
21 24
21 32
21 26
21 25
21 34
21 23
21 30
21 28
22 24
22 32
22 33
22 29
22 31
22 26
22 25
22 34
22 28
23 27
23 32
23 33
23 29
23 31
23 34
23 30
23 28
24 27
24 33
24 29
24 31
24 26
24 25
24 34
24 30
24 28
25 27
25 32
25 33
25 29
25 26
25 34
25 30
25 28
26 27
26 32
26 33
26 29
26 31
26 28
27 32
27 33
27 29
27 31
27 30
28 32
28 31
28 34
28 30
29 32
29 33
29 34
30 32
30 31
30 34
31 32
31 33
32 33
32 34
33 34
15 5
18 32
11 27
22 15
11 22
19 14
3 10
6 13
28 10
10 26
