35 192 5
0 16
0 9
0 7
0 30
0 29
1 34
1 19
1 6
1 18
2 8
2 15
2 31
2 24
2 12
2 20
2 14
2 3
2 25
2 32
2 4
2 23
2 28
3 8
3 33
3 15
3 12
3 5
3 14
3 26
3 25
3 17
3 22
3 11
4 8
4 24
4 12
4 20
4 5
4 14
4 26
4 25
4 32
4 17
4 23
4 28
4 11
5 8
5 15
5 31
5 14
5 26
5 25
5 32
5 10
5 28
5 11
6 13
6 19
6 18
7 16
7 9
7 30
7 21
7 29
8 33
8 15
8 31
8 24
8 12
8 20
8 14
8 26
8 25
8 32
8 17
8 22
8 23
8 28
9 16
9 30
10 33
10 15
10 31
10 24
10 12
10 14
10 26
10 25
10 17
10 22
10 23
10 28
11 33
11 15
11 24
11 12
11 26
11 25
11 32
11 22
11 23
11 28
11 27
12 15
12 24
12 20
12 14
12 26
12 25
12 32
12 17
12 22
13 34
13 19
13 18
14 33
14 15
14 31
14 24
14 26
14 25
14 32
14 17
14 22
14 28
14 27
15 31
15 24
15 20
15 25
15 32
15 17
15 28
15 27
17 31
17 24
17 20
17 25
17 32
17 23
17 27
18 34
18 19
19 34
20 31
20 24
20 26
20 25
20 22
20 23
20 28
20 27
21 29
22 33
22 31
22 24
22 26
22 32
22 23
22 28
22 27
23 33
23 31
23 24
23 26
23 25
23 32
23 27
24 33
24 26
24 25
24 32
24 27
25 31
25 32
25 28
25 27
26 33
26 31
26 32
26 28
26 27
27 31
27 32
27 28
28 33
28 31
28 32
29 30
31 33
31 32
32 33
27 15
24 33
12 24
4 8
14 25
12 9
13 15
23 21
33 6
13 11
