32 118 5
0 18
0 10
0 4
0 3
0 16
0 24
0 17
0 25
0 8
1 18
1 10
1 4
1 30
1 16
1 24
1 17
2 21
2 14
2 29
2 11
2 9
2 5
2 13
3 18
3 4
3 23
3 7
3 16
3 24
3 20
3 17
3 8
4 10
4 30
4 24
4 20
4 17
4 8
5 14
5 11
5 28
5 9
6 22
6 19
6 12
7 18
7 10
7 23
7 16
7 24
7 20
7 17
7 8
8 18
8 10
8 23
8 30
8 16
8 20
9 26
9 14
9 29
9 11
9 28
9 13
10 18
10 23
10 30
10 16
10 24
10 20
10 17
11 26
11 21
11 14
11 29
11 28
11 13
12 22
12 27
12 19
12 31
13 26
13 21
13 14
13 29
14 26
14 21
14 29
14 28
15 27
15 19
15 31
16 18
16 23
16 30
16 24
16 20
16 17
17 30
17 20
18 30
18 24
18 20
18 25
19 22
19 27
19 31
20 25
21 29
22 27
23 30
23 25
24 25
25 30
26 28
27 31
28 29
23 16
10 7
30 20
23 8
18 20
30 29
1 14
29 4
30 6
17 31
