34 91 5
0 16
1 3
1 28
1 21
1 29
1 27
1 26
3 28
3 20
3 26
4 31
4 8
4 23
4 17
4 29
4 33
4 13
4 26
4 18
4 9
5 16
6 11
7 20
7 29
7 9
7 12
7 25
8 30
8 17
8 14
8 13
8 18
9 19
9 21
9 27
9 26
9 12
12 30
12 22
12 19
12 17
12 14
12 33
13 20
13 14
13 27
14 19
14 21
14 33
14 25
17 24
17 21
17 29
17 27
17 33
17 26
17 18
18 31
18 24
18 27
18 33
18 25
19 30
19 23
20 31
20 24
20 29
20 27
20 26
21 31
21 24
21 28
21 29
22 30
22 23
22 28
22 27
23 30
23 24
23 25
25 31
25 27
25 33
26 29
27 31
27 28
27 33
28 31
28 29
29 31
29 30
33 21
1 28
24 20
30 17
17 24
25 5
8 6
6 0
11 19
5 9
