33 231 5
0 30
0 23
0 29
0 31
0 6
0 24
0 27
0 20
0 16
0 10
0 25
0 26
0 8
0 9
0 7
0 18
0 1
1 30
1 23
1 15
1 29
1 6
1 24
1 27
1 20
1 5
1 25
1 8
1 12
1 9
1 7
1 21
2 23
2 15
2 29
2 6
2 24
2 27
2 20
2 16
2 5
2 25
2 8
2 12
2 9
2 11
2 7
2 21
2 18
3 30
3 23
3 15
3 29
3 31
3 6
3 24
3 27
3 20
3 16
3 10
3 25
3 26
3 8
3 12
3 11
3 7
3 21
4 28
4 22
4 32
4 13
4 14
5 30
5 29
5 31
5 6
5 20
5 16
5 10
5 8
5 12
5 9
5 7
5 21
5 18
6 23
6 15
6 29
6 31
6 27
6 20
6 10
6 25
6 26
6 12
6 9
6 7
6 21
6 18
7 30
7 23
7 29
7 27
7 20
7 16
7 26
7 9
7 11
7 21
7 18
8 23
8 15
8 29
8 24
8 16
8 10
8 25
8 12
8 9
8 11
8 21
8 18
9 30
9 23
9 15
9 31
9 24
9 27
9 20
9 16
9 10
9 26
9 12
9 11
9 21
10 30
10 15
10 31
10 24
10 27
10 16
10 25
10 26
10 12
10 11
10 21
10 18
11 30
11 15
11 31
11 24
11 26
11 12
11 21
12 15
12 29
12 31
12 24
12 27
12 25
12 21
12 18
13 28
13 22
13 32
13 14
14 28
14 32
14 19
15 30
15 23
15 31
15 24
15 27
15 20
15 16
15 25
15 26
15 21
16 30
16 29
16 24
16 21
18 30
18 23
18 29
18 24
18 27
18 20
18 25
19 28
19 22
20 23
20 29
20 31
20 24
20 25
20 26
20 21
21 30
21 23
21 31
21 24
21 27
21 25
22 28
22 32
23 30
23 29
23 31
23 24
23 25
23 26
24 29
24 31
24 27
24 25
24 26
25 30
25 29
25 31
25 27
26 30
26 29
26 31
26 27
27 30
27 29
28 32
29 31
30 31
2 11
2 12
3 23
5 7
26 15
1 19
1 13
6 32
15 22
32 27
