33 232 5
0 12
0 15
0 27
0 11
0 32
0 23
0 17
0 21
0 19
0 14
0 22
0 29
0 16
0 5
0 4
0 2
0 1
1 15
1 27
1 32
1 23
1 21
1 3
1 14
1 20
1 7
1 29
1 16
1 5
1 4
1 2
1 13
2 12
2 15
2 11
2 18
2 32
2 23
2 3
2 19
2 14
2 28
2 22
2 7
2 29
2 16
2 4
2 13
3 27
3 11
3 32
3 23
3 21
3 10
3 19
3 14
3 28
3 7
3 29
3 16
3 4
4 15
4 27
4 11
4 18
4 32
4 23
4 17
4 21
4 10
4 19
4 14
4 20
4 29
4 5
4 8
4 13
5 12
5 15
5 27
5 11
5 18
5 32
5 23
5 17
5 21
5 10
5 28
5 29
5 16
5 8
6 25
7 12
7 15
7 27
7 11
7 18
7 32
7 23
7 17
7 21
7 10
7 19
7 20
7 29
7 16
7 13
8 15
8 11
8 18
8 32
8 23
8 17
8 28
8 22
8 20
8 13
9 31
9 26
9 30
10 27
10 32
10 23
10 17
10 21
10 19
10 14
10 28
10 22
10 20
10 29
10 16
11 12
11 15
11 27
11 18
11 32
11 23
11 21
11 14
11 28
11 22
11 29
11 16
11 13
12 18
12 32
12 23
12 17
12 21
12 19
12 22
12 29
12 13
13 15
13 27
13 18
13 32
13 23
13 14
13 28
13 22
13 20
13 29
13 16
14 15
14 18
14 32
14 17
14 21
14 19
14 22
14 29
15 27
15 18
15 32
15 21
15 28
15 16
16 27
16 18
16 32
16 23
16 17
16 21
16 28
16 29
17 23
17 21
17 19
17 22
17 20
17 29
18 27
18 32
18 23
18 21
18 19
18 28
18 22
19 32
19 23
19 21
19 28
19 20
19 29
20 27
20 21
20 22
20 29
21 27
21 32
21 23
21 28
21 22
21 29
22 27
22 23
22 28
22 29
23 27
23 32
23 28
24 26
26 31
26 30
27 32
27 28
27 29
28 29
29 32
30 31
0 22
19 21
10 17
15 12
27 10
25 23
31 15
6 19
0 25
8 26
