35 140 5
0 1
0 13
0 27
0 17
0 25
0 30
0 26
0 21
0 7
1 8
1 28
1 30
1 19
1 6
1 23
2 3
4 18
4 15
4 13
4 31
4 9
4 26
4 6
4 11
5 8
5 24
5 13
5 31
5 16
5 23
6 8
6 14
6 20
6 16
6 22
6 25
6 9
6 7
7 32
7 15
7 20
7 25
7 29
7 19
7 23
8 28
8 17
8 11
8 23
9 34
9 24
9 17
9 31
9 22
9 19
9 11
10 12
11 34
11 18
11 27
11 17
11 31
11 25
11 29
11 21
13 24
13 15
13 17
13 29
13 21
13 23
14 18
14 31
14 16
14 25
14 29
14 21
15 34
15 32
15 16
15 22
15 19
16 34
16 32
16 20
16 31
16 25
16 30
16 23
17 18
17 32
17 20
17 29
17 21
17 23
18 27
18 22
18 25
18 30
18 29
18 21
19 24
19 27
19 20
20 32
20 27
20 22
20 26
20 21
21 34
21 24
21 32
21 28
21 22
21 25
21 30
21 29
21 23
22 28
22 31
22 25
22 30
22 26
23 24
23 25
23 29
24 34
24 26
25 32
25 31
25 30
25 29
26 31
26 29
27 32
28 34
28 30
28 29
30 32
33 34
33 34
18 5
0 25
9 15
18 30
20 2
33 3
2 21
25 10
9 12
