31 81 5
0 17
0 11
0 7
0 15
0 30
0 25
1 14
1 6
1 8
2 26
2 28
3 11
3 5
3 15
3 23
3 16
3 19
3 10
4 17
4 22
4 15
4 16
4 19
4 30
4 10
5 9
5 13
5 22
5 24
5 19
5 27
5 21
6 29
7 17
7 20
7 16
8 14
9 17
9 20
9 15
9 24
9 30
9 21
10 16
10 24
10 30
10 21
10 25
11 17
11 12
11 27
11 21
12 17
12 20
12 21
13 17
13 20
15 24
15 27
15 30
16 22
16 21
17 19
17 30
17 21
17 25
18 26
19 20
20 24
20 27
20 21
21 24
21 27
21 30
21 25
22 23
22 30
25 27
25 30
26 28
27 30
11 12
24 15
30 7
15 16
27 25
11 6
14 0
14 26
6 22
5 18
