31 124 5
0 20
0 12
0 25
0 2
0 23
0 17
0 28
0 5
0 10
0 19
1 30
1 9
1 15
1 6
1 10
1 18
2 20
2 12
2 8
2 21
2 28
2 22
2 10
2 3
2 4
2 18
3 25
3 13
3 21
3 28
3 29
3 4
3 18
4 25
4 30
4 13
4 23
4 17
4 28
4 5
4 15
4 14
4 7
4 18
5 20
5 12
5 30
5 13
5 9
5 28
5 16
5 14
5 11
6 12
6 25
6 13
6 21
6 29
6 19
7 13
7 8
7 23
7 28
7 29
8 27
8 21
8 23
8 28
8 22
8 18
9 20
9 12
9 18
10 13
10 22
10 14
10 29
11 20
11 13
11 17
11 15
12 25
12 23
12 28
12 18
13 30
13 27
13 21
13 16
13 14
14 30
14 21
14 16
14 29
14 19
15 20
15 30
15 23
16 20
16 25
16 21
16 28
17 20
17 30
17 28
18 30
18 27
18 23
18 22
18 29
19 23
19 29
20 30
20 23
20 29
21 28
22 29
23 25
23 30
23 28
25 29
27 28
28 30
29 30
7 11
28 0
7 19
27 14
7 14
24 29
26 14
18 26
24 17
22 26
