28 156 5
0 4
0 12
0 27
0 10
0 21
0 22
0 8
0 15
0 19
0 20
0 23
0 25
0 14
0 5
0 18
1 2
1 17
1 3
2 24
2 26
2 3
3 17
3 26
3 16
4 12
4 10
4 7
4 9
4 22
4 8
4 19
4 11
4 14
4 13
4 5
4 18
5 12
5 10
5 21
5 7
5 9
5 22
5 8
5 15
5 19
5 11
5 14
5 18
6 12
6 10
6 21
6 9
6 22
6 8
6 15
6 19
6 20
6 25
6 11
6 13
6 18
7 12
7 21
7 9
7 22
7 8
7 15
7 19
7 20
7 25
7 11
7 14
7 13
7 18
8 10
8 21
8 9
8 22
8 15
8 23
8 25
8 11
8 14
8 13
8 18
9 12
9 10
9 22
9 19
9 20
9 23
9 11
9 14
10 12
10 27
10 19
10 23
10 11
10 14
10 13
10 18
11 27
11 21
11 22
11 20
11 18
12 27
12 22
12 15
12 20
12 13
12 18
13 21
13 22
13 15
13 19
13 20
13 23
13 25
13 18
14 22
14 15
14 19
14 20
14 23
14 25
14 18
15 22
15 19
15 20
15 25
15 18
16 24
16 17
16 26
17 24
17 26
18 21
18 22
18 20
18 23
19 27
19 21
19 22
19 23
19 25
20 21
20 22
20 23
20 25
21 27
21 22
21 23
22 27
22 23
24 26
22 13
14 4
0 25
22 12
25 4
23 24
2 23
11 3
17 25
17 18
