35 199 5
0 12
0 4
0 34
0 32
0 13
0 20
0 11
0 14
0 6
0 3
1 12
1 17
1 33
1 20
1 23
1 11
1 6
1 3
2 31
2 30
2 21
2 27
2 7
2 29
2 15
2 19
2 5
2 9
2 16
2 18
2 24
2 26
3 12
3 33
3 4
3 34
3 32
3 20
3 11
3 6
4 33
4 13
4 14
5 25
5 10
5 21
5 27
5 7
5 29
5 8
5 16
5 18
5 22
5 24
6 34
6 13
6 23
6 11
6 14
7 31
7 25
7 30
7 27
7 29
7 9
7 8
7 18
7 22
7 24
7 26
8 25
8 30
8 21
8 27
8 19
8 9
8 16
8 22
8 28
8 24
9 31
9 25
9 30
9 21
9 27
9 29
9 16
9 22
9 28
9 24
10 31
10 25
10 30
10 21
10 29
10 15
10 19
10 16
10 18
10 22
10 26
11 33
11 34
11 32
11 23
11 14
12 17
12 32
12 23
12 14
13 17
13 33
13 34
13 32
13 20
13 23
13 14
14 17
14 34
14 32
14 20
15 25
15 21
15 29
15 19
15 16
15 18
15 28
15 24
16 31
16 25
16 21
16 27
16 29
16 19
16 22
16 28
16 24
16 26
17 33
17 34
17 32
17 20
18 31
18 25
18 30
18 21
18 27
18 29
18 19
18 22
18 28
18 24
18 26
19 31
19 25
19 21
19 28
19 26
20 33
20 34
20 32
20 23
21 31
21 25
21 30
21 27
21 24
22 31
22 25
22 30
22 27
22 29
22 28
22 24
22 26
23 34
23 32
24 31
24 25
24 30
24 29
24 28
25 31
25 30
25 29
25 28
25 26
26 27
26 29
26 28
27 31
27 29
27 28
28 30
29 31
29 30
30 31
33 34
31 29
21 26
0 13
9 29
21 30
24 34
8 33
21 34
1 16
21 32
