32 119 5
0 25
0 1
0 26
0 12
0 4
0 31
0 30
0 15
0 3
0 2
1 25
1 26
1 31
1 3
1 2
2 25
2 26
2 12
2 4
2 31
2 15
2 3
3 25
3 26
3 12
3 4
3 31
3 30
3 15
4 12
4 30
4 15
5 27
5 6
5 28
5 24
5 10
5 13
5 19
6 7
6 27
6 17
6 24
6 13
7 27
7 17
7 14
7 28
7 24
7 10
7 13
7 19
8 18
8 22
8 20
8 16
8 23
9 21
9 18
9 11
9 20
9 16
10 17
10 14
10 28
10 24
10 13
10 19
11 21
11 18
11 22
11 20
11 16
11 23
12 25
12 26
12 31
12 30
12 15
13 17
13 14
13 28
13 24
13 19
14 27
14 24
14 19
15 25
15 26
15 31
15 30
16 21
16 18
16 22
16 20
16 23
16 29
17 27
17 24
17 19
18 21
18 20
18 23
18 29
19 27
19 24
20 21
20 22
20 23
20 29
21 23
22 23
22 29
23 29
25 31
25 30
26 31
26 30
30 31
2 31
30 4
4 0
10 17
8 29
12 5
6 20
19 30
20 25
3 24
