35 210 5
0 25
0 17
0 1
0 33
0 7
0 3
0 18
0 13
0 22
0 19
0 24
0 21
0 11
1 4
1 10
1 25
1 17
1 32
1 33
1 7
1 3
1 13
1 22
1 31
1 6
1 24
1 21
1 5
1 27
3 4
3 10
3 7
3 18
3 13
3 22
3 19
3 31
3 6
3 24
3 21
3 5
3 11
3 27
4 15
4 17
4 33
4 7
4 13
4 19
4 31
4 6
4 24
4 21
4 5
4 27
5 10
5 25
5 17
5 33
5 7
5 18
5 13
5 22
5 31
5 21
5 11
6 15
6 25
6 17
6 32
6 33
6 22
6 19
6 31
6 21
6 11
6 27
7 15
7 17
7 18
7 31
7 24
7 21
7 27
8 9
8 12
8 16
8 30
8 28
8 20
8 14
8 34
8 29
8 23
8 26
9 12
9 16
9 30
9 28
9 20
9 14
9 34
9 29
9 23
10 15
10 25
10 17
10 32
10 33
10 18
10 13
10 22
10 19
10 24
10 11
11 15
11 17
11 32
11 33
11 13
11 22
11 31
11 21
11 27
12 16
12 30
12 28
12 20
12 14
12 34
12 29
12 23
13 15
13 25
13 32
13 18
13 22
13 31
13 24
13 21
13 27
14 16
14 28
14 20
14 34
14 29
14 23
14 26
15 25
15 32
15 33
15 18
15 22
15 19
15 24
15 27
16 28
16 20
16 29
16 23
17 25
17 33
17 18
17 22
17 31
17 24
17 21
17 27
18 33
18 31
18 24
18 21
18 27
19 25
19 32
19 22
19 31
19 21
19 27
20 30
20 29
20 23
20 26
21 25
21 33
21 22
21 31
21 24
21 27
22 25
22 32
22 33
22 31
22 24
23 30
23 28
23 34
24 31
24 27
25 32
25 33
25 31
26 28
26 29
27 32
27 31
28 30
29 34
30 34
31 33
18 21
1 3
7 32
5 17
13 19
2 27
18 14
12 11
33 26
9 18
