35 233 5
0 24
0 29
0 23
0 13
0 14
0 33
0 21
0 20
0 19
0 28
0 31
0 27
0 22
0 34
1 11
1 32
1 8
1 7
1 3
1 2
1 9
2 11
2 17
2 32
2 5
2 8
2 7
2 16
2 3
2 9
2 6
3 11
3 17
3 32
3 8
3 16
3 9
4 24
4 10
4 29
4 23
4 13
4 25
4 14
4 33
4 20
4 19
4 31
4 18
4 27
4 22
4 15
4 34
4 26
4 30
4 12
5 17
5 32
5 8
5 7
5 16
5 9
6 11
6 17
6 8
6 7
6 16
7 11
7 32
7 8
7 9
8 11
8 17
8 32
8 16
8 9
9 17
9 32
9 16
10 24
10 13
10 25
10 14
10 33
10 21
10 20
10 19
10 28
10 31
10 27
10 22
10 34
10 26
11 17
11 32
11 16
12 29
12 13
12 14
12 33
12 20
12 28
12 31
12 18
12 27
12 22
12 15
12 34
12 26
13 24
13 29
13 14
13 33
13 21
13 20
13 19
13 28
13 18
13 22
13 26
13 30
14 24
14 25
14 33
14 21
14 20
14 19
14 28
14 31
14 27
14 22
14 15
14 34
14 26
15 24
15 29
15 23
15 21
15 20
15 19
15 28
15 31
15 18
15 27
15 22
15 26
16 17
17 32
18 24
18 29
18 25
18 33
18 21
18 19
18 28
18 31
18 22
18 34
18 26
18 30
19 24
19 23
19 33
19 20
19 28
19 31
19 27
19 34
19 30
20 29
20 23
20 25
20 21
20 28
20 31
20 27
20 22
20 34
20 30
21 29
21 33
21 28
21 27
21 22
21 26
21 30
22 24
22 29
22 23
22 25
22 33
22 28
22 27
22 34
22 26
23 29
23 33
23 27
23 34
23 26
23 30
24 29
24 33
24 28
24 27
24 34
24 30
25 29
25 31
25 27
25 34
25 26
25 30
26 29
26 33
26 31
26 34
26 30
27 33
27 28
27 31
27 34
28 29
28 33
28 31
28 30
29 33
29 31
29 30
30 31
30 34
31 34
33 34
4 18
5 32
20 15
13 10
10 23
11 15
1 23
16 30
7 28
2 31
