31 180 5
0 3
0 15
0 14
0 1
0 10
0 29
0 20
0 26
0 22
0 18
0 7
0 4
0 2
1 27
1 14
1 10
1 12
1 20
1 26
1 22
1 18
1 11
1 7
1 4
1 2
2 3
2 27
2 15
2 10
2 12
2 20
2 26
2 22
2 18
2 11
2 7
2 4
2 25
2 21
2 19
3 27
3 15
3 14
3 10
3 29
3 20
3 22
3 18
3 11
3 4
3 25
3 21
3 19
4 15
4 14
4 10
4 29
4 12
4 20
4 26
4 18
4 25
4 21
4 19
5 17
5 6
5 30
5 16
5 13
5 24
5 9
6 23
6 30
6 16
6 13
6 8
6 24
6 9
7 27
7 15
7 10
7 29
7 12
7 20
7 26
7 22
7 11
7 25
7 19
8 17
8 28
8 23
8 30
8 16
8 13
8 24
8 9
9 28
9 23
9 30
9 16
10 15
10 14
10 12
10 20
10 26
10 22
10 18
10 11
10 25
10 19
11 27
11 15
11 14
11 12
11 20
11 26
11 22
11 18
11 25
11 21
12 27
12 15
12 14
12 20
12 26
12 22
12 21
13 17
13 28
13 23
13 30
13 16
14 27
14 15
14 20
14 26
14 22
14 18
14 25
14 21
14 19
15 20
15 26
15 22
15 18
15 21
16 17
16 28
16 23
16 24
17 28
17 23
17 30
18 27
18 29
18 20
18 21
18 19
19 29
19 20
19 25
19 21
20 27
20 26
20 22
20 25
20 21
21 29
21 26
21 22
21 25
22 29
22 25
23 28
23 30
24 28
26 27
26 29
27 29
11 15
24 23
4 10
19 26
12 10
14 16
23 14
26 8
30 22
12 30
