35 94 5
0 26
0 6
0 1
0 8
0 13
0 32
0 2
1 33
1 34
1 30
1 8
1 10
1 19
1 31
1 2
2 15
2 34
2 18
2 8
2 3
2 16
2 32
2 4
3 5
3 26
3 15
3 11
3 16
3 4
3 14
4 5
4 26
4 12
4 33
4 34
4 30
4 13
4 19
5 34
5 21
5 6
5 8
5 19
5 32
5 31
6 33
6 15
6 34
6 13
6 31
7 23
7 20
8 33
8 15
8 34
8 21
8 11
9 24
10 33
10 21
10 27
10 13
10 11
10 19
11 26
11 33
11 13
11 32
12 30
12 16
13 33
13 34
13 19
13 14
15 33
15 34
15 27
16 34
16 30
16 27
16 32
17 29
18 27
18 32
19 30
19 21
19 32
20 28
21 27
21 32
26 33
26 30
26 31
27 34
12 11
2 4
8 5
15 0
18 11
22 7
1 17
0 20
31 24
4 24
