29 184 5
0 20
0 27
0 23
0 28
0 10
0 16
0 22
0 2
0 6
0 14
0 25
0 26
0 4
0 21
1 20
1 27
1 23
1 28
1 16
1 22
1 17
1 2
1 12
1 14
1 25
1 26
1 15
1 4
1 21
1 9
1 5
2 20
2 27
2 23
2 10
2 7
2 16
2 22
2 17
2 6
2 14
2 26
2 15
2 4
2 21
2 9
2 5
3 8
3 19
3 24
4 20
4 27
4 23
4 10
4 16
4 22
4 17
4 12
4 6
4 14
4 25
4 26
4 15
4 21
4 5
5 20
5 27
5 23
5 28
5 10
5 16
5 22
5 17
5 12
5 6
5 26
5 15
5 21
6 20
6 27
6 23
6 28
6 10
6 7
6 16
6 22
6 17
6 12
6 14
6 25
6 26
6 15
6 9
7 20
7 23
7 28
7 10
7 16
7 22
7 17
7 15
7 21
7 9
8 19
8 24
8 11
8 13
8 18
9 28
9 10
9 22
9 17
9 26
9 15
10 20
10 27
10 23
10 28
10 16
10 22
10 17
10 12
10 14
10 25
10 26
10 15
10 21
11 19
11 18
12 20
12 27
12 23
12 28
12 17
12 26
12 15
12 21
13 19
13 24
13 18
14 20
14 23
14 16
14 22
14 25
14 26
14 15
14 21
15 20
15 27
15 22
15 17
15 25
15 26
16 20
16 27
16 17
16 25
16 26
17 27
17 23
17 28
17 22
17 25
17 26
17 21
18 24
19 24
20 28
20 22
20 25
20 26
21 23
21 25
21 26
22 28
22 26
23 26
25 27
25 28
25 26
26 27
26 28
27 28
4 14
0 27
4 25
7 26
23 26
24 25
16 8
3 7
15 19
19 21
