35 219 5
0 21
0 22
0 25
0 23
0 10
0 16
0 3
0 4
0 7
0 34
0 27
0 28
0 19
0 1
0 20
1 14
1 6
1 12
1 25
1 8
1 16
1 4
1 7
1 34
1 27
1 28
1 26
2 5
2 17
2 18
2 15
2 11
3 14
3 13
3 6
3 21
3 12
3 25
3 33
3 8
3 10
3 4
3 7
3 34
3 28
3 19
3 26
4 13
4 6
4 21
4 22
4 12
4 8
4 23
4 10
4 16
4 34
4 29
4 28
4 20
5 30
5 24
5 9
5 31
5 15
5 11
6 14
6 13
6 21
6 25
6 23
6 16
6 7
6 34
6 27
6 29
6 28
6 19
7 14
7 22
7 12
7 33
7 23
7 10
7 16
7 28
7 19
7 26
7 20
8 14
8 13
8 22
8 12
8 25
8 33
8 23
8 10
8 16
8 34
8 27
8 19
8 26
8 20
9 30
9 24
9 18
9 31
9 32
10 14
10 21
10 22
10 12
10 23
10 34
10 27
10 28
10 19
10 26
11 30
11 24
11 17
11 18
11 31
11 15
11 32
12 14
12 13
12 22
12 25
12 33
12 23
12 34
12 27
12 29
12 28
12 19
12 26
13 21
13 22
13 25
13 33
13 23
13 16
13 34
13 27
13 26
13 20
14 21
14 33
14 16
14 34
14 27
14 29
14 26
14 20
15 30
15 24
15 31
16 25
16 33
16 23
16 27
16 19
16 26
16 20
18 30
18 24
18 31
18 32
19 25
19 33
19 23
19 34
19 27
19 29
19 26
19 20
20 22
20 25
20 33
20 23
20 34
20 27
20 28
20 26
21 33
21 23
21 34
21 27
21 29
22 33
22 23
22 27
22 28
23 25
23 33
23 34
23 29
23 28
23 26
24 31
25 33
25 34
25 27
25 28
25 26
26 33
26 34
26 27
26 28
27 33
27 34
27 29
27 28
28 33
28 34
29 33
29 34
30 32
29 27
26 7
33 0
5 18
10 28
5 19
17 0
9 10
26 24
0 5
