33 93 5
0 16
0 24
0 18
0 29
0 9
0 4
0 14
0 3
0 13
1 21
1 24
1 20
1 9
1 3
2 10
2 26
2 28
3 20
3 6
3 8
3 5
3 27
4 21
4 24
4 29
4 6
4 9
4 8
4 17
4 15
4 27
4 32
4 13
5 21
5 16
5 24
5 9
5 27
6 24
6 9
6 17
6 15
6 32
7 31
8 16
8 24
8 11
8 9
8 27
9 21
9 16
9 24
9 11
9 15
9 14
9 13
11 16
12 25
13 16
13 20
13 30
13 27
14 16
14 24
14 18
14 27
15 24
15 18
15 20
15 17
16 21
16 30
16 27
17 21
17 20
17 29
18 20
18 29
18 30
18 27
19 25
19 26
19 22
20 24
21 24
21 29
22 26
22 28
23 25
24 30
26 28
27 32
29 32
3 6
4 30
30 3
11 0
0 9
28 6
1 25
29 23
12 5
7 16
