31 131 5
0 21
0 13
0 15
0 6
0 18
0 26
0 20
0 23
0 10
0 30
0 8
1 24
2 3
2 6
2 18
2 30
2 25
2 8
3 21
3 15
3 6
3 18
3 26
3 10
3 14
3 25
3 7
4 12
4 19
4 29
4 16
4 11
4 22
5 12
5 17
5 29
5 16
5 11
6 21
6 13
6 28
6 15
6 18
6 26
6 20
6 10
6 30
6 25
6 7
7 13
7 15
7 18
7 26
7 20
7 23
7 10
7 14
7 25
7 8
8 21
8 13
8 28
8 15
8 26
8 23
8 30
9 24
10 21
10 13
10 28
10 15
10 26
10 20
10 23
10 14
10 30
11 12
11 27
11 19
11 16
12 29
12 22
13 21
13 15
13 18
13 26
13 20
13 14
14 28
14 15
14 18
14 26
14 20
14 23
14 30
14 25
15 28
15 18
15 26
15 20
15 25
16 17
16 22
17 27
17 19
17 29
17 22
18 21
18 28
18 26
18 20
18 23
18 30
18 25
19 29
19 22
20 21
20 28
20 30
20 25
21 28
21 23
22 29
23 26
23 30
23 25
25 28
25 30
26 28
26 30
27 29
23 3
7 14
28 25
15 21
18 14
11 21
20 27
28 16
5 1
29 23
