28 94 5
0 22
0 11
0 10
0 23
0 4
0 9
0 19
1 17
1 27
1 15
1 23
1 24
1 5
1 18
2 15
2 10
2 23
2 5
2 6
2 16
4 17
4 27
4 16
4 25
5 27
5 11
5 24
5 7
5 16
5 25
5 21
5 18
6 17
6 13
6 27
6 11
6 10
6 14
6 16
6 8
6 19
7 20
7 15
7 10
7 24
7 16
7 8
7 19
7 25
7 21
8 20
8 17
8 27
8 11
8 24
8 16
9 20
9 27
9 11
9 16
9 25
10 13
10 27
10 15
10 16
11 20
11 13
11 14
11 24
11 21
13 20
13 14
13 16
14 22
14 15
14 23
14 19
15 24
15 19
15 25
16 22
16 17
16 23
17 22
17 23
17 25
18 19
18 21
19 27
19 24
19 25
21 25
23 27
25 27
4 6
10 9
4 7
4 11
13 0
1 26
26 3
26 5
13 12
8 3
