33 142 5
0 28
0 30
0 13
0 15
0 2
0 1
0 9
0 21
1 25
1 13
1 3
1 29
1 23
1 14
1 12
2 20
2 25
2 30
2 13
2 3
2 29
2 23
2 18
2 9
2 21
3 20
3 25
3 13
3 29
3 18
3 15
3 9
3 12
3 21
4 7
5 6
5 10
5 8
5 19
5 16
5 27
5 26
5 31
5 11
6 10
6 8
6 19
6 27
6 26
6 31
6 22
6 11
7 17
8 32
8 19
8 16
8 27
8 26
8 31
8 22
8 11
9 28
9 20
9 29
9 23
9 15
9 14
9 21
10 32
10 24
10 31
10 22
10 11
11 32
11 19
11 24
11 27
11 31
11 22
12 25
12 30
12 29
12 18
12 15
12 14
12 21
13 20
13 25
13 30
13 23
13 18
13 14
14 28
14 25
14 23
14 15
14 21
15 20
15 25
15 30
15 29
15 23
15 18
15 21
16 19
16 27
16 26
16 22
18 28
18 20
18 25
18 30
18 29
18 23
18 21
19 32
19 27
19 31
20 30
20 29
20 23
21 28
21 25
21 29
21 23
22 32
22 24
22 27
22 26
22 31
23 25
23 30
24 32
24 27
24 26
25 28
25 29
26 32
27 32
28 30
28 29
31 32
0 25
15 25
5 22
11 27
25 3
21 4
26 1
5 20
4 24
25 22
