28 131 5
0 1
0 16
0 23
0 12
1 20
1 18
1 23
1 12
1 6
2 24
2 7
2 15
2 11
2 25
2 26
2 14
2 27
2 10
2 8
2 21
2 17
2 4
3 7
3 9
3 15
3 11
3 25
3 14
3 21
3 17
3 5
3 4
4 24
4 7
4 9
4 15
4 11
4 26
4 14
4 27
4 10
4 8
4 5
5 15
5 11
5 25
5 14
5 27
5 10
5 21
5 13
5 17
6 16
6 12
7 19
7 9
7 15
7 25
7 14
7 21
7 13
7 17
8 24
8 9
8 15
8 25
8 26
8 27
8 10
8 13
8 17
9 24
9 15
9 25
9 26
9 14
9 10
9 21
9 13
10 19
10 15
10 11
10 25
10 26
10 21
10 13
10 17
11 19
11 24
11 15
11 26
11 14
11 21
11 13
12 20
12 16
12 18
13 19
13 15
13 14
13 21
13 17
14 15
14 25
14 26
14 27
14 17
15 19
15 24
15 25
15 26
15 21
15 17
16 23
17 24
17 25
17 27
18 20
18 23
19 24
19 25
19 26
19 27
20 23
21 24
21 26
21 27
24 25
24 27
25 27
26 27
11 27
18 12
13 7
7 14
0 6
26 18
6 22
23 13
5 20
18 13
