29 109 5
0 17
0 2
0 12
0 1
0 8
0 10
0 28
1 3
1 7
1 18
1 6
1 15
1 23
2 3
2 10
2 18
2 5
2 28
2 9
3 16
3 12
3 7
3 8
3 19
3 21
3 24
3 6
3 20
5 16
5 17
5 8
5 14
5 24
5 6
5 15
5 9
6 12
6 25
6 10
6 21
6 24
6 23
7 16
7 17
7 12
7 25
7 26
7 10
7 21
7 24
8 17
8 27
8 25
8 10
8 19
8 21
8 23
9 17
9 27
9 12
9 19
9 18
9 24
9 20
9 28
9 15
10 16
10 27
10 18
10 13
10 23
12 17
12 25
12 26
12 19
12 20
13 16
13 27
13 26
13 21
13 18
13 24
14 26
15 18
16 18
16 24
16 28
17 26
17 21
17 18
17 23
18 26
18 21
18 24
18 20
19 26
19 24
19 20
20 21
20 24
20 28
20 23
21 25
23 25
23 24
24 27
24 28
25 26
26 28
17 25
6 1
6 2
14 9
6 3
23 11
22 24
24 22
16 11
17 11
