33 131 5
0 1
0 5
0 6
0 2
0 23
0 3
0 26
0 7
1 5
1 6
1 24
1 30
1 2
1 3
1 17
1 26
1 18
1 21
2 5
2 6
2 24
2 30
2 13
2 23
2 18
3 5
3 6
3 24
3 30
3 13
3 23
3 17
3 7
4 28
4 27
4 31
5 6
5 30
5 13
5 17
5 26
6 24
6 30
6 13
6 23
6 18
6 7
7 24
7 30
7 23
7 17
7 26
8 22
8 10
8 25
8 12
8 11
8 15
8 16
8 32
8 19
8 9
8 14
8 20
9 10
9 25
9 12
9 11
9 16
9 32
9 19
9 20
10 22
10 25
10 12
10 11
10 15
10 16
10 32
10 20
11 14
11 20
12 22
12 15
12 16
12 20
13 24
13 17
13 26
13 18
13 21
14 25
14 15
14 16
14 32
14 19
15 25
15 16
15 32
15 19
15 20
16 22
16 25
16 19
16 20
17 30
17 23
17 26
18 24
18 30
18 26
18 21
19 22
19 32
20 25
21 24
21 23
21 26
22 25
22 32
23 24
23 30
24 30
24 26
25 32
26 30
27 28
27 31
28 29
28 31
29 31
32 20
23 18
18 3
13 30
30 0
1 11
17 9
24 25
0 4
23 27
