34 96 5
0 17
0 31
0 6
0 29
0 16
2 21
2 22
2 5
2 24
2 31
2 18
3 17
3 24
3 27
3 32
3 30
3 31
3 7
3 6
4 13
4 11
4 27
4 32
4 26
4 7
4 18
4 10
5 13
5 11
5 27
5 18
5 6
6 23
6 32
6 7
6 12
7 22
7 27
7 26
7 30
7 9
8 33
9 21
9 22
9 17
9 23
9 12
9 25
10 11
10 17
10 23
10 31
10 20
10 12
10 25
10 29
11 24
11 31
11 20
11 25
11 16
12 24
12 20
12 18
12 29
13 22
13 17
13 24
15 33
15 19
16 22
16 24
17 25
18 21
18 24
18 27
18 30
19 33
19 28
20 22
20 27
20 29
21 31
22 27
22 23
22 32
22 26
23 25
23 29
24 25
24 29
25 29
26 27
26 31
27 32
28 33
13 23
29 20
21 27
10 0
12 21
24 28
1 6
14 19
28 17
19 30
