33 112 5
0 5
0 16
0 12
0 2
0 27
0 30
0 19
0 28
0 21
0 13
0 18
1 5
1 7
1 4
1 30
1 24
1 3
2 5
2 6
2 22
2 29
2 19
2 24
2 21
2 3
3 31
3 5
3 16
3 6
3 12
3 22
3 29
3 28
3 24
3 21
3 18
4 31
4 16
4 7
4 23
5 17
5 22
5 13
6 32
6 25
6 19
6 23
6 15
7 31
7 25
7 21
7 13
7 18
8 26
8 11
10 12
10 19
10 13
10 18
11 20
12 16
12 27
12 22
12 30
12 28
12 21
12 13
12 15
13 25
13 27
13 30
13 19
13 24
13 18
15 16
15 22
15 21
15 18
16 31
16 32
16 25
16 22
16 29
16 24
17 32
17 19
17 28
17 21
17 23
18 32
18 22
18 19
18 28
18 21
19 31
19 27
19 22
19 29
19 24
19 21
20 26
21 32
21 24
22 31
22 32
23 31
23 25
23 27
23 29
24 25
28 30
31 32
7 18
21 16
19 15
30 25
5 10
3 26
4 26
26 12
7 14
8 1
