35 228 5
0 32
0 16
0 18
0 5
0 29
0 21
0 22
0 7
0 2
0 13
0 27
0 26
0 14
0 33
0 8
0 10
1 32
1 16
1 18
1 29
1 17
1 2
1 13
1 26
1 14
1 31
1 33
1 10
2 23
2 32
2 16
2 18
2 5
2 29
2 17
2 21
2 7
2 13
2 27
2 9
2 31
2 33
2 8
3 12
3 15
3 19
3 20
3 34
3 4
3 11
4 12
4 28
4 6
4 15
4 19
4 34
4 30
4 11
5 16
5 18
5 17
5 21
5 22
5 13
5 24
5 9
5 26
5 31
5 33
5 10
6 12
6 28
6 15
6 19
6 20
6 30
6 11
6 25
7 32
7 16
7 18
7 22
7 13
7 24
7 27
7 9
7 26
7 14
7 31
7 33
7 8
7 10
8 23
8 16
8 18
8 29
8 17
8 21
8 22
8 13
8 24
8 26
8 14
8 31
8 33
8 10
9 23
9 32
9 16
9 18
9 17
9 21
9 22
9 13
9 24
9 27
9 26
9 14
9 31
9 33
9 10
10 23
10 32
10 16
10 18
10 17
10 21
10 13
10 24
10 27
10 26
10 14
11 28
11 15
11 34
11 30
11 25
12 28
12 15
12 20
12 30
12 25
13 23
13 32
13 16
13 18
13 29
13 17
13 22
13 24
13 27
13 26
13 14
13 33
14 23
14 29
14 17
14 21
14 22
14 27
14 26
15 20
15 30
16 23
16 29
16 17
16 21
16 22
16 24
16 27
16 26
16 31
17 23
17 32
17 18
17 21
17 24
17 27
17 31
18 23
18 29
18 21
18 27
18 26
18 31
18 33
19 20
19 34
19 30
19 25
20 28
20 34
20 30
20 25
21 32
21 22
21 24
21 27
21 26
21 31
22 23
22 32
22 29
22 24
22 26
22 31
22 33
23 32
23 29
23 24
23 26
23 31
24 29
24 27
24 26
24 33
25 28
25 34
25 30
26 32
26 29
27 29
27 33
28 30
29 32
30 34
31 32
32 33
16 29
34 20
9 8
7 1
26 18
18 20
14 11
9 30
11 29
7 28
