28 111 5
0 26
0 12
0 14
0 10
0 17
0 18
0 1
0 13
0 11
0 23
0 4
1 19
1 12
1 14
1 6
1 17
1 18
1 13
1 7
1 27
1 23
2 5
2 8
3 21
3 20
3 15
3 25
4 19
4 22
4 10
4 6
4 17
4 18
4 13
4 7
4 27
5 8
6 22
6 12
6 14
6 10
6 17
6 18
6 13
6 11
6 23
7 22
7 26
7 14
7 10
7 17
7 18
7 9
9 26
9 14
9 10
9 17
9 13
9 11
9 27
9 23
10 19
10 26
10 14
10 17
10 18
10 13
10 27
10 23
11 19
11 22
11 26
11 12
11 14
11 17
11 13
11 27
12 19
12 22
12 14
12 17
12 18
12 27
13 19
13 26
13 14
13 17
13 18
14 19
14 18
14 23
15 21
15 16
15 20
15 25
16 21
17 23
18 19
18 22
18 26
19 27
20 21
20 24
21 25
22 26
22 27
22 23
23 26
23 27
24 25
26 27
0 19
22 23
4 1
14 0
4 13
10 8
17 3
25 11
8 3
25 2
