27 125 5
0 18
0 16
0 11
0 20
0 22
0 14
0 23
0 25
0 4
0 5
0 2
1 19
1 17
1 21
1 9
1 3
2 10
2 16
2 7
2 20
2 22
2 6
2 8
2 23
2 25
3 19
3 12
3 21
3 9
4 10
4 18
4 16
4 11
4 20
4 22
4 14
4 8
4 13
4 23
4 25
4 5
5 11
5 7
5 20
5 22
5 14
5 8
5 25
6 10
6 18
6 16
6 11
6 7
6 14
6 8
6 13
6 23
6 25
7 10
7 18
7 11
7 20
7 14
7 8
7 13
7 23
7 25
8 10
8 16
8 11
8 20
8 22
8 14
8 13
8 23
8 25
9 15
9 19
9 17
9 21
10 18
10 16
10 11
10 20
10 14
10 13
10 23
10 25
11 18
11 16
11 22
11 13
12 15
12 26
12 21
13 16
13 20
13 22
13 14
13 23
14 18
14 16
14 20
14 22
14 23
14 25
15 26
15 19
15 17
15 21
16 18
16 20
16 22
16 23
16 25
17 19
18 20
18 22
18 23
19 26
20 22
20 23
21 26
22 25
23 25
4 0
26 3
14 7
18 8
16 20
13 15
24 9
1 10
15 24
21 23
