32 182 5
0 5
0 21
0 7
0 6
0 3
0 17
0 20
0 22
0 16
0 23
0 25
0 27
1 5
1 21
1 4
1 7
1 15
1 18
1 2
1 24
1 20
1 11
1 16
1 25
1 27
2 14
2 5
2 21
2 4
2 15
2 24
2 22
2 11
2 23
2 25
2 27
3 14
3 13
3 21
3 7
3 15
3 6
3 17
3 24
3 22
3 11
3 16
3 23
4 14
4 13
4 5
4 19
4 7
4 18
4 17
4 22
4 11
4 23
4 25
4 27
5 13
5 19
5 15
5 18
5 24
5 20
5 22
5 11
5 23
5 27
6 14
6 21
6 19
6 7
6 15
6 18
6 17
6 24
6 20
6 11
6 16
6 25
6 27
7 14
7 13
7 21
7 19
7 15
7 18
7 17
7 20
7 22
7 11
7 23
7 27
8 30
8 28
9 31
9 10
9 26
9 29
10 31
10 26
10 29
11 13
11 21
11 19
11 15
11 24
11 22
11 25
11 27
12 28
13 14
13 21
13 15
13 18
13 17
13 24
13 20
13 16
13 23
13 25
13 27
14 21
14 19
14 24
14 20
14 22
14 16
14 23
14 25
15 21
15 18
15 17
15 24
15 20
15 22
15 16
15 25
15 27
16 21
16 18
16 17
16 24
16 20
16 22
16 25
17 21
17 19
17 18
17 24
17 20
17 22
17 23
17 25
17 27
18 21
18 24
18 20
18 25
18 27
19 21
19 20
19 22
19 27
20 21
20 24
20 22
20 23
20 27
21 24
21 22
21 25
21 27
22 25
23 25
23 27
25 27
26 31
26 29
29 31
4 15
5 23
19 16
11 22
19 6
15 31
11 28
30 10
29 30
30 16
