31 106 5
0 29
0 27
0 23
0 4
0 20
0 17
0 6
1 5
1 22
1 11
1 19
1 24
1 2
1 15
1 8
1 30
1 9
1 28
1 18
2 5
2 22
2 24
2 15
2 8
2 30
2 9
2 28
2 18
3 26
3 13
4 21
4 29
4 23
4 20
4 17
4 6
5 22
5 19
5 24
5 14
5 30
5 28
5 18
6 21
6 29
6 27
6 23
6 20
6 17
7 26
7 10
7 13
7 16
7 12
8 11
8 24
8 14
8 30
8 9
8 28
8 18
9 22
9 11
9 19
9 15
9 28
10 16
10 12
11 15
11 30
11 28
11 18
12 13
12 16
13 26
13 16
13 25
14 22
14 19
14 15
14 30
15 19
15 30
15 28
15 18
16 26
16 25
17 29
17 23
18 19
18 24
18 28
19 30
19 28
20 21
20 27
21 29
21 27
21 23
22 24
22 28
23 27
24 30
24 28
25 26
28 30
13 7
24 15
11 19
21 17
13 26
15 27
0 26
19 26
16 20
15 20
