35 131 5
0 6
0 17
0 8
0 34
0 14
0 16
0 5
0 22
0 9
0 25
0 3
0 32
1 10
2 21
2 33
2 30
2 20
3 6
3 17
3 26
3 8
3 14
3 23
3 16
3 5
3 22
3 25
4 11
4 28
4 15
4 13
4 19
4 12
5 6
5 26
5 8
5 14
5 23
5 16
5 27
5 25
6 26
6 34
6 16
6 27
6 22
6 9
6 25
6 32
7 33
7 18
7 29
7 30
7 20
8 26
8 34
8 23
8 16
8 27
8 9
8 25
8 32
9 17
9 26
9 34
9 16
9 25
9 32
11 28
11 15
11 13
11 19
11 12
12 28
12 24
12 15
12 19
13 28
13 24
13 19
14 17
14 26
14 34
14 16
14 27
14 25
14 32
15 24
15 19
16 17
16 34
16 23
16 27
16 25
16 32
17 26
17 23
17 27
17 22
17 25
18 21
18 33
18 30
18 20
19 28
19 24
20 21
20 33
21 33
21 29
21 30
21 31
22 26
22 34
22 27
23 26
23 34
23 27
23 32
24 28
25 26
25 34
25 32
26 27
26 32
27 32
29 33
29 31
30 33
30 31
32 34
3 25
25 6
9 6
20 29
8 0
30 19
20 27
12 25
21 8
13 2
