31 213 5
0 3
0 14
0 17
0 2
0 25
0 8
0 21
0 10
0 18
0 19
0 26
0 4
0 29
0 20
0 13
0 12
1 3
1 14
1 17
1 25
1 8
1 21
1 16
1 15
1 10
1 19
1 9
1 4
1 5
1 29
1 30
1 27
1 13
1 12
2 3
2 17
2 24
2 8
2 16
2 15
2 26
2 4
2 29
2 30
2 27
2 13
3 14
3 17
3 24
3 25
3 8
3 21
3 16
3 10
3 9
3 26
3 29
3 30
3 27
3 20
3 13
3 12
4 25
4 8
4 21
4 16
4 10
4 18
4 19
4 9
4 5
4 30
4 27
4 20
5 14
5 17
5 24
5 8
5 21
5 16
5 15
5 10
5 18
5 19
5 9
5 26
5 30
5 27
5 20
6 22
6 7
6 23
8 14
8 17
8 25
8 16
8 15
8 18
8 19
8 9
8 26
8 29
8 30
8 27
8 13
9 14
9 17
9 24
9 25
9 16
9 15
9 10
9 26
9 30
9 20
9 13
10 14
10 17
10 24
10 25
10 21
10 18
10 29
10 30
10 27
10 20
10 13
10 12
11 28
12 14
12 25
12 21
12 16
12 18
12 19
12 29
12 27
13 14
13 17
13 24
13 16
13 15
13 19
13 29
13 30
13 27
14 17
14 25
14 21
14 18
14 19
14 26
14 29
14 27
14 20
15 17
15 24
15 25
15 16
15 18
15 19
15 26
15 29
15 30
15 20
16 17
16 24
16 19
16 26
16 29
16 30
16 27
16 20
17 24
17 21
17 19
17 30
17 27
18 24
18 25
18 21
18 19
18 26
18 29
18 30
18 27
19 25
19 26
19 29
19 27
19 20
20 24
20 25
20 26
20 29
20 30
20 27
21 25
21 26
21 29
21 30
21 27
24 25
24 26
24 29
24 27
25 26
25 30
25 27
26 30
26 27
27 29
29 30
14 20
12 10
14 3
8 21
9 27
17 6
5 7
17 28
28 30
27 6
