31 184 5
0 13
0 28
0 2
0 25
0 9
0 3
0 1
0 19
0 23
0 29
0 16
0 8
0 27
0 14
0 22
1 28
1 2
1 25
1 9
1 11
1 3
1 10
1 20
1 19
1 29
1 16
1 8
1 14
1 26
1 22
1 4
2 28
2 25
2 11
2 10
2 20
2 19
2 23
2 29
2 8
2 21
2 22
3 13
3 25
3 9
3 11
3 20
3 23
3 29
3 27
3 26
3 21
3 22
3 4
4 25
4 9
4 11
4 10
4 20
4 23
4 29
4 16
4 14
4 21
4 22
5 24
6 12
6 15
6 18
7 12
7 18
8 13
8 28
8 25
8 9
8 11
8 10
8 20
8 23
8 29
8 16
8 27
8 26
9 13
9 28
9 25
9 10
9 20
9 19
9 23
9 29
9 16
9 27
9 14
9 26
9 21
9 22
10 13
10 28
10 25
10 11
10 20
10 19
10 23
10 29
10 16
10 27
10 14
10 21
10 22
11 13
11 25
11 20
11 19
11 23
11 29
11 16
11 27
11 14
11 26
11 21
11 22
12 15
12 18
13 28
13 25
13 20
13 19
13 29
13 14
13 26
13 22
14 20
14 19
14 23
14 29
14 27
14 26
14 22
15 18
16 28
16 25
16 20
16 23
16 27
16 26
16 22
17 30
17 24
19 28
19 25
19 23
19 27
19 26
19 21
19 22
20 28
20 25
20 29
20 26
20 21
20 22
21 25
21 23
21 27
21 22
22 28
22 29
22 27
22 26
23 28
23 25
23 29
23 27
24 30
25 28
25 29
25 27
25 26
26 28
26 29
27 28
27 29
28 29
14 16
10 4
4 16
26 8
9 2
24 12
21 30
17 1
30 29
17 6
