34 341 5
0 7
0 19
0 33
0 32
0 27
0 10
0 9
0 16
0 8
0 25
0 17
0 3
0 13
0 18
0 15
0 2
0 4
1 22
1 30
1 7
1 20
1 6
1 23
1 33
1 32
1 27
1 10
1 9
1 16
1 17
1 21
1 5
1 14
1 2
1 28
1 12
1 4
2 22
2 30
2 7
2 20
2 6
2 19
2 23
2 26
2 27
2 10
2 8
2 25
2 17
2 21
2 13
2 18
2 5
2 14
2 12
2 4
3 7
3 20
3 19
3 23
3 26
3 33
3 24
3 27
3 10
3 16
3 25
3 17
3 21
3 13
3 18
3 29
3 5
3 14
3 15
3 28
3 12
4 22
4 30
4 7
4 20
4 6
4 19
4 23
4 33
4 32
4 24
4 10
4 9
4 16
4 25
4 17
4 21
4 13
4 18
4 29
4 5
5 30
5 7
5 6
5 19
5 23
5 33
5 24
5 9
5 16
5 8
5 13
5 18
5 29
5 14
5 28
6 22
6 7
6 20
6 26
6 32
6 24
6 10
6 8
6 25
6 29
6 14
6 15
7 22
7 30
7 19
7 26
7 32
7 24
7 27
7 10
7 16
7 8
7 25
7 21
7 13
7 18
7 29
7 14
7 12
8 30
8 20
8 23
8 26
8 33
8 32
8 27
8 10
8 9
8 16
8 17
8 21
8 13
8 18
8 29
8 14
8 15
8 28
8 12
9 30
9 20
9 19
9 23
9 26
9 33
9 32
9 24
9 27
9 16
9 25
9 17
9 13
9 29
9 14
10 30
10 20
10 23
10 26
10 32
10 24
10 27
10 16
10 21
10 13
10 18
10 14
10 15
10 12
12 30
12 19
12 23
12 33
12 32
12 16
12 25
12 17
12 21
12 29
12 14
12 15
12 28
13 22
13 20
13 19
13 23
13 26
13 33
13 32
13 24
13 27
13 16
13 17
13 21
13 29
13 14
13 15
14 19
14 23
14 26
14 33
14 32
14 24
14 27
14 16
14 25
14 17
14 21
14 18
14 29
14 15
15 22
15 30
15 20
15 23
15 33
15 24
15 25
15 17
15 21
16 30
16 20
16 19
16 23
16 33
16 27
16 21
16 28
17 22
17 30
17 20
17 19
17 23
17 33
17 32
17 24
17 25
17 21
17 29
17 28
18 22
18 30
18 23
18 26
18 32
18 24
18 27
18 25
18 21
18 28
19 20
19 23
19 33
19 32
19 25
19 21
19 29
20 22
20 30
20 26
20 33
20 32
20 24
20 27
20 25
20 21
20 29
20 28
21 22
21 30
21 26
21 33
21 32
21 24
21 27
21 29
21 28
22 23
22 26
22 33
22 32
22 24
22 27
22 25
22 29
22 28
23 26
23 33
23 27
23 25
23 29
24 30
24 26
24 33
24 32
24 27
24 25
24 29
25 30
25 26
25 33
25 32
25 27
25 29
25 28
26 30
26 33
26 27
26 28
27 30
27 32
27 28
28 30
28 33
28 32
28 29
29 30
29 33
30 33
30 32
3 9
29 10
32 19
29 9
32 3
11 17
15 11
16 31
26 11
23 11
