35 89 5
0 27
0 32
0 11
0 33
0 5
0 31
0 30
0 2
0 9
1 26
1 25
1 4
2 24
2 17
2 3
2 34
2 10
2 9
2 29
3 24
3 14
3 34
3 5
3 30
3 9
5 33
5 10
5 9
6 17
6 20
6 15
6 30
7 24
7 16
7 20
7 33
8 21
8 13
8 19
8 18
9 27
9 30
10 24
10 16
10 15
10 11
10 28
10 30
11 27
11 33
11 28
11 34
11 30
12 13
12 19
12 18
13 19
13 18
13 22
14 24
14 27
14 32
15 17
15 20
15 33
15 29
16 24
17 24
17 27
17 32
17 33
17 28
17 30
18 22
19 26
19 25
19 23
19 22
21 25
24 33
25 26
27 34
28 32
28 33
28 31
30 34
31 33
31 34
33 34
20 10
3 32
14 16
3 2
17 32
26 6
27 23
26 33
27 19
3 22
