32 299 5
0 4
0 15
0 8
0 20
0 14
0 1
0 9
0 29
0 22
0 28
0 17
0 5
0 16
0 2
0 11
0 6
0 10
0 31
0 19
1 13
1 15
1 8
1 20
1 9
1 29
1 7
1 22
1 28
1 25
1 12
1 17
1 21
1 5
1 16
1 2
1 18
1 30
1 11
1 10
1 31
1 19
2 13
2 14
2 9
2 29
2 22
2 28
2 25
2 12
2 27
2 21
2 5
2 16
2 18
2 30
2 11
2 6
2 10
2 26
2 31
3 24
4 13
4 15
4 8
4 20
4 14
4 9
4 29
4 7
4 22
4 25
4 27
4 17
4 16
4 30
4 11
4 6
4 10
4 26
5 13
5 15
5 20
5 14
5 9
5 29
5 7
5 22
5 28
5 25
5 12
5 27
5 17
5 16
5 18
5 30
5 6
5 10
5 26
5 31
5 19
6 13
6 15
6 8
6 20
6 14
6 9
6 29
6 7
6 22
6 28
6 25
6 12
6 27
6 17
6 21
6 10
6 26
6 19
7 13
7 15
7 8
7 28
7 25
7 12
7 17
7 18
7 11
7 10
7 26
7 31
7 19
8 9
8 29
8 22
8 28
8 25
8 17
8 21
8 16
8 18
8 30
8 11
8 19
9 13
9 20
9 14
9 29
9 22
9 28
9 25
9 12
9 17
9 16
9 30
9 11
9 10
9 26
10 13
10 20
10 14
10 22
10 28
10 25
10 12
10 27
10 17
10 21
10 16
10 18
10 11
10 26
10 31
11 15
11 14
11 29
11 22
11 28
11 25
11 12
11 27
11 21
11 16
11 18
11 26
11 31
11 19
12 13
12 15
12 14
12 29
12 22
12 28
12 17
12 16
12 30
12 26
12 31
12 19
13 15
13 20
13 14
13 29
13 28
13 25
13 27
13 16
13 18
13 30
13 19
14 29
14 28
14 25
14 17
14 21
14 16
14 18
14 30
14 26
14 31
14 19
15 20
15 29
15 22
15 28
15 25
15 27
15 17
15 16
15 18
15 31
15 19
16 29
16 22
16 28
16 25
16 27
16 17
16 21
16 18
16 30
16 26
16 31
16 19
17 20
17 22
17 28
17 25
17 27
17 21
17 18
17 31
18 20
18 29
18 22
18 28
18 25
18 27
18 21
18 26
18 31
19 20
19 29
19 22
19 28
19 25
19 27
19 30
19 26
20 22
20 28
20 25
20 27
20 21
20 30
20 26
20 31
21 22
21 28
21 27
21 30
21 31
22 29
22 25
22 30
22 26
23 24
25 27
25 26
26 29
26 30
26 31
27 29
27 28
27 30
27 31
28 30
28 31
29 30
30 31
25 11
12 27
15 13
12 28
12 4
24 17
23 29
23 12
23 1
23 14
