29 191 5
0 2
0 24
0 19
0 5
0 8
0 9
0 23
0 22
0 13
0 20
0 7
1 11
1 24
1 6
1 14
1 17
1 8
1 9
1 23
1 22
1 13
1 20
1 26
2 21
2 3
2 11
2 24
2 6
2 14
2 23
2 13
2 28
2 20
2 15
2 18
3 21
3 11
3 24
3 6
3 14
3 17
3 8
3 9
3 23
3 25
3 28
3 15
3 18
3 7
5 21
5 11
5 24
5 6
5 14
5 19
5 8
5 9
5 13
5 28
5 15
5 18
5 7
6 11
6 24
6 14
6 19
6 17
6 23
6 22
6 13
6 25
6 28
6 18
6 7
6 26
7 21
7 24
7 14
7 19
7 17
7 9
7 23
7 13
7 25
7 28
7 20
7 15
8 21
8 14
8 19
8 17
8 9
8 23
8 22
8 13
8 25
8 18
8 26
9 21
9 24
9 14
9 19
9 17
9 23
9 22
9 25
9 15
9 18
9 26
10 16
10 27
11 21
11 24
11 14
11 17
11 23
11 13
11 25
11 28
11 15
11 18
11 26
13 21
13 14
13 17
13 22
13 28
13 20
13 18
13 26
14 21
14 23
14 25
14 20
14 18
15 21
15 24
15 19
15 17
15 23
15 22
15 25
15 18
15 26
17 21
17 24
17 23
17 22
17 25
17 28
17 20
17 18
18 21
18 24
18 19
18 23
18 22
18 25
18 28
18 20
18 26
19 21
19 24
19 23
19 22
19 25
19 28
19 20
20 24
20 23
20 22
20 25
20 28
20 26
21 23
21 22
21 28
21 26
22 24
22 23
22 25
22 26
23 24
23 25
23 28
23 26
24 25
24 26
25 28
25 26
26 28
21 23
15 17
5 9
5 21
26 5
15 10
27 22
10 25
10 12
4 13
