34 82 5
0 6
0 11
0 33
0 7
0 13
1 25
1 30
1 27
2 6
2 5
2 13
3 30
3 17
3 15
3 32
3 14
3 21
3 8
3 12
3 4
3 24
4 25
4 17
4 32
4 12
5 9
7 16
7 33
8 28
8 25
8 32
8 26
8 21
8 27
8 20
9 11
9 16
9 13
10 28
10 15
10 26
10 27
10 24
10 18
11 16
11 33
12 28
12 25
12 24
13 33
14 27
15 27
15 29
15 24
17 25
17 21
18 25
18 31
18 21
18 27
20 25
20 32
20 22
20 21
20 27
20 29
20 24
21 28
21 29
21 24
22 24
24 30
24 31
24 26
25 31
25 32
25 26
25 27
26 30
27 31
28 29
30 32
27 30
22 27
1 32
15 22
1 25
15 7
26 7
5 27
16 14
17 9
