33 90 5
0 2
0 8
1 11
1 10
1 31
1 4
2 7
2 28
2 29
2 6
3 28
3 21
4 13
4 9
4 18
4 26
4 24
4 25
4 15
4 22
4 23
5 11
5 18
5 14
5 17
5 31
5 23
6 28
6 20
6 19
7 19
7 21
7 27
8 20
8 19
9 11
9 18
9 26
9 12
9 24
9 17
10 31
11 13
11 17
11 25
11 31
11 15
11 22
12 31
12 22
12 23
13 18
13 26
13 14
13 16
13 24
13 17
13 15
13 22
13 23
14 32
14 17
14 23
15 24
15 31
16 24
16 17
16 31
17 32
17 25
18 24
18 23
19 28
19 30
19 21
19 27
20 30
20 29
21 28
21 30
21 29
22 25
23 32
24 32
25 32
26 32
26 31
27 29
28 29
29 30
19 27
31 12
25 9
19 7
24 11
5 30
31 8
23 20
5 3
7 26
