30 91 5
0 17
0 13
0 2
0 27
0 24
0 6
0 28
0 10
0 9
1 25
1 13
1 24
1 21
1 16
2 14
2 16
2 8
2 23
2 9
3 18
3 17
3 25
3 29
3 27
3 12
3 28
3 10
3 8
3 20
4 17
4 13
4 5
4 24
4 21
4 16
5 14
5 27
5 28
5 8
5 20
6 18
6 13
6 12
7 26
8 14
8 17
8 25
8 27
8 21
8 11
8 20
9 14
9 27
9 11
9 28
9 10
10 13
10 29
10 27
10 24
10 21
10 16
11 17
12 21
13 14
13 18
13 17
13 25
13 24
14 18
14 27
14 16
16 28
16 20
17 29
17 21
17 23
17 20
18 23
20 23
21 25
21 28
23 25
23 27
23 24
23 28
24 29
24 27
25 29
25 28
27 28
25 20
24 1
4 20
25 11
10 13
28 15
26 24
15 2
7 5
7 24
