34 191 5
0 10
0 13
0 4
0 23
0 22
0 25
0 18
0 17
0 21
0 32
0 1
0 2
0 27
0 3
1 6
1 7
1 23
1 22
1 25
1 18
1 14
1 17
1 21
1 32
1 2
1 27
1 3
1 24
2 6
2 13
2 4
2 16
2 22
2 14
2 32
2 29
2 27
2 3
2 24
3 10
3 23
3 16
3 14
3 17
3 32
3 27
3 24
4 10
4 13
4 7
4 23
4 22
4 18
4 17
4 21
4 32
4 29
4 27
4 24
5 9
5 8
5 28
5 11
5 19
5 33
5 15
5 20
5 12
5 31
6 10
6 13
6 7
6 16
6 22
6 25
6 14
6 21
6 32
6 29
6 27
7 10
7 23
7 16
7 22
7 18
7 21
7 32
7 29
7 24
8 28
8 11
8 19
8 12
8 31
9 26
9 28
9 30
9 19
9 15
9 20
9 12
9 31
10 16
10 25
10 18
10 14
10 17
10 29
10 27
10 24
11 26
11 30
11 19
11 33
11 15
11 20
11 12
11 31
12 28
12 30
12 19
12 33
12 15
12 20
13 16
13 25
13 18
13 17
13 32
13 29
13 27
13 24
14 23
14 16
14 29
14 27
15 26
15 28
15 30
15 33
15 20
15 31
16 22
16 21
16 29
16 27
16 24
17 23
17 18
17 29
17 24
18 23
18 22
18 25
18 21
18 32
18 27
19 26
19 28
19 30
19 20
19 31
20 28
20 30
20 33
20 31
21 25
21 32
21 29
21 27
21 24
22 32
22 24
23 25
23 32
23 29
23 27
24 25
24 32
24 29
24 27
25 32
25 29
25 27
26 30
26 33
27 32
27 29
28 30
28 31
29 32
18 3
31 28
23 21
5 26
4 1
26 18
31 32
9 22
16 30
13 8
