28 84 5
1 13
1 6
1 12
1 20
1 5
1 27
1 24
1 14
1 16
2 7
3 17
3 21
3 26
3 22
3 10
3 24
3 14
3 16
4 19
4 21
4 6
4 20
4 9
4 5
4 23
4 10
4 14
4 15
4 16
4 8
5 13
5 12
5 27
6 21
6 26
6 16
6 8
8 17
8 26
8 23
8 15
9 27
9 22
9 10
9 24
10 12
10 20
10 27
10 22
10 24
10 15
10 16
12 13
12 24
12 15
12 16
13 22
13 15
14 19
14 20
14 26
14 18
14 23
14 24
15 27
15 23
15 24
16 19
16 21
16 20
16 23
17 20
17 23
18 21
18 23
19 23
19 24
21 22
21 24
22 27
22 23
23 26
23 27
24 27
8 13
17 21
24 14
2 7
5 9
11 5
13 11
2 25
7 19
22 7
