33 95 5
0 21
0 6
0 13
0 26
1 27
1 28
1 6
1 17
1 13
1 24
1 10
1 15
2 9
2 31
2 19
2 17
2 29
3 16
3 9
3 18
3 26
3 29
4 20
4 16
4 9
4 17
4 18
4 24
6 27
6 20
6 9
6 14
6 13
6 26
6 24
7 28
7 9
7 31
7 30
7 19
7 17
7 22
7 29
8 32
9 16
9 21
9 30
9 17
9 22
9 18
10 20
10 16
10 14
10 21
10 18
10 15
13 20
13 17
13 26
13 29
14 28
14 21
14 19
14 18
15 17
15 18
15 29
16 20
16 31
16 17
16 18
16 29
17 27
17 28
17 20
17 18
17 26
18 31
19 21
19 30
19 22
20 27
20 28
21 27
21 31
21 30
22 30
24 28
24 29
26 27
26 29
27 31
27 30
29 31
29 30
13 4
16 22
21 29
24 30
7 3
31 5
12 20
3 8
4 32
5 23
