33 133 5
0 14
0 26
0 9
0 24
0 21
0 11
0 22
1 7
1 27
1 29
1 8
1 3
1 15
1 17
1 10
2 7
2 5
2 18
2 29
2 6
2 3
2 15
2 17
2 10
3 7
3 5
3 27
3 18
3 29
3 28
3 8
4 20
4 13
4 23
4 25
4 16
4 12
4 32
4 30
5 7
5 18
5 29
5 28
5 8
5 15
5 17
5 10
6 7
6 27
6 29
6 28
6 8
6 15
6 17
6 10
7 18
7 29
7 28
7 8
7 15
7 17
7 10
8 27
8 18
8 28
8 15
8 17
9 14
9 31
9 26
9 24
9 21
9 22
10 18
10 28
10 17
11 14
11 19
11 31
11 26
11 21
12 20
12 13
12 23
12 25
12 16
12 32
12 30
13 20
13 23
13 16
13 32
13 30
14 19
14 31
14 24
14 21
15 27
15 29
15 28
16 20
16 23
16 25
16 32
16 30
17 27
17 18
17 29
17 28
18 29
18 28
19 31
19 26
19 24
19 21
19 22
20 23
20 25
20 32
21 26
21 24
21 22
22 26
22 24
23 25
23 32
23 30
24 26
26 31
27 29
27 28
28 29
30 32
18 10
18 2
19 0
2 28
3 15
28 26
28 14
23 9
26 27
30 2
