30 111 5
0 8
1 27
1 21
1 29
1 26
1 19
1 10
1 5
2 4
2 28
2 13
2 25
2 17
2 5
3 6
3 28
3 15
3 13
3 18
3 22
3 7
3 19
3 17
3 5
3 16
4 12
4 6
4 15
4 21
4 10
4 5
4 14
4 16
5 28
5 27
5 23
5 22
5 25
5 10
6 9
6 15
6 20
6 18
6 25
6 17
6 14
7 15
7 13
7 18
7 23
7 25
7 26
7 19
9 15
9 27
9 18
9 23
9 22
9 26
9 10
10 15
10 20
10 27
10 21
10 22
10 25
10 19
10 17
10 14
12 28
12 18
12 22
12 14
13 20
13 27
13 18
13 23
13 19
13 17
13 16
14 18
14 21
14 19
15 27
15 19
15 17
16 27
16 23
16 25
17 28
17 18
17 23
17 21
17 22
17 29
18 27
18 26
19 28
20 28
20 22
20 29
21 29
21 25
23 28
23 27
23 26
25 28
25 29
26 27
27 29
28 29
3 29
4 13
4 7
12 18
2 3
0 17
13 0
20 0
9 11
24 17
