32 143 5
0 29
0 28
0 8
0 23
0 6
0 10
0 11
0 31
0 2
0 9
0 21
0 12
0 22
0 14
0 30
1 15
1 26
1 19
1 13
1 20
2 29
2 28
2 8
2 6
2 10
2 11
2 31
2 21
2 12
2 14
3 24
3 26
3 19
3 13
3 4
4 15
4 26
4 19
5 16
5 7
5 17
6 28
6 23
6 10
6 11
6 31
6 9
6 22
6 14
6 30
7 27
8 29
8 28
8 23
8 10
8 11
8 31
8 9
8 25
8 21
8 12
8 14
9 18
9 29
9 23
9 10
9 11
9 31
9 25
9 14
10 18
10 28
10 23
10 11
10 21
10 12
10 14
10 30
11 18
11 28
11 23
11 31
11 25
11 21
11 12
11 22
11 14
11 30
12 18
12 29
12 28
12 31
12 25
12 22
12 14
13 24
13 15
13 26
13 19
14 18
14 23
14 31
14 25
14 21
14 22
14 30
15 19
15 20
16 27
16 17
17 27
18 29
18 23
18 31
18 25
19 24
19 26
19 20
20 26
21 29
21 28
21 23
21 25
21 22
22 29
22 28
22 23
22 31
22 25
22 30
23 29
23 28
23 31
23 25
25 29
25 28
25 31
25 30
28 29
28 31
28 30
29 30
30 31
12 0
6 0
28 29
14 28
2 29
13 0
27 19
9 19
5 1
7 1
