34 251 5
0 31
0 1
0 27
0 13
0 10
0 25
0 7
0 21
0 19
0 15
0 16
0 17
0 9
0 20
0 26
0 30
0 28
0 2
0 5
0 24
0 3
1 10
1 33
1 23
1 25
1 8
1 7
1 21
1 19
1 16
1 17
1 26
1 30
1 22
1 28
1 5
1 24
1 3
2 31
2 13
2 10
2 33
2 14
2 23
2 25
2 8
2 7
2 21
2 19
2 15
2 20
2 26
2 30
2 22
2 24
2 3
3 31
3 27
3 13
3 33
3 14
3 23
3 25
3 21
3 15
3 16
3 9
3 30
3 5
3 24
4 18
4 11
4 12
4 29
5 31
5 27
5 13
5 10
5 33
5 25
5 8
5 7
5 21
5 19
5 16
5 20
5 26
5 30
5 22
6 12
6 29
6 32
7 31
7 13
7 33
7 25
7 8
7 19
7 16
7 17
7 9
7 20
7 26
7 30
7 22
7 28
7 24
8 31
8 27
8 10
8 14
8 21
8 19
8 15
8 17
8 9
8 22
8 28
8 24
9 31
9 27
9 13
9 33
9 23
9 25
9 16
9 17
9 26
9 30
9 28
9 24
10 31
10 27
10 13
10 14
10 23
10 25
10 21
10 19
10 15
10 20
10 26
10 30
10 22
11 12
11 29
11 32
12 18
12 32
13 31
13 27
13 33
13 23
13 25
13 19
13 15
13 17
13 20
13 26
13 22
13 28
13 24
14 31
14 27
14 33
14 23
14 25
14 21
14 16
14 17
14 20
14 26
14 30
14 22
14 24
15 31
15 27
15 33
15 23
15 25
15 19
15 17
15 20
15 30
15 22
15 24
16 31
16 17
16 20
16 30
16 28
16 24
17 31
17 27
17 33
17 25
17 20
17 30
17 22
19 31
19 25
19 21
19 20
19 26
19 22
19 28
19 24
20 27
20 33
20 23
20 21
20 26
20 22
20 28
20 24
21 31
21 33
21 23
21 30
21 28
21 24
22 31
22 27
22 23
22 25
22 30
22 28
22 24
23 31
23 27
23 33
24 31
24 27
24 33
24 26
24 30
24 28
25 30
25 28
26 31
26 33
26 30
27 31
27 30
27 28
28 31
28 33
28 30
30 31
30 33
31 33
17 30
3 8
20 26
7 9
28 16
17 32
33 29
2 11
30 4
32 17
