33 110 5
0 23
0 15
0 32
0 3
0 13
0 19
0 17
1 14
1 10
1 21
1 5
1 29
1 2
2 14
2 12
2 21
2 22
2 29
2 6
2 4
3 18
3 13
3 11
3 19
3 9
3 17
4 14
4 12
4 21
4 5
4 29
4 6
5 14
5 22
6 14
6 12
6 10
6 21
6 22
6 29
7 23
7 30
7 18
7 32
7 11
8 25
8 31
8 20
8 16
9 23
9 18
9 32
9 13
9 11
9 19
9 17
10 22
10 29
11 23
11 15
11 30
11 18
11 32
11 19
11 17
12 14
12 22
12 29
13 23
13 15
13 18
13 32
13 17
14 22
15 23
15 30
15 32
15 19
15 17
16 25
16 31
16 24
16 20
16 28
16 26
16 27
17 30
17 18
17 32
17 19
19 30
19 32
20 24
20 27
21 22
21 29
22 29
23 32
24 28
24 26
24 27
25 31
25 28
25 27
26 28
26 27
27 31
27 28
28 31
30 32
17 15
22 14
22 2
30 13
32 11
6 23
29 20
29 23
7 29
27 14
