35 209 5
0 8
0 25
0 10
0 11
0 18
0 15
0 21
0 24
0 26
0 16
0 31
1 13
1 30
1 6
1 22
1 28
1 23
1 20
1 3
1 14
1 29
1 2
1 32
1 27
1 9
1 17
2 13
2 6
2 12
2 22
2 28
2 23
2 20
2 14
2 29
2 32
2 27
3 13
3 30
3 6
3 22
3 28
3 5
3 23
3 29
3 32
3 27
3 9
3 17
4 33
4 19
4 10
4 11
4 18
4 15
4 21
4 24
4 26
4 16
4 31
5 13
5 30
5 6
5 12
5 22
5 28
5 20
5 14
5 32
5 27
5 9
6 12
6 22
6 28
6 23
6 20
6 14
6 29
6 32
6 27
6 9
6 17
7 8
7 25
7 33
7 19
7 10
7 11
7 15
7 34
7 26
7 16
7 31
8 33
8 19
8 10
8 18
8 24
8 26
8 16
8 31
9 13
9 30
9 12
9 28
9 14
9 29
9 32
9 27
10 33
10 19
10 18
10 15
10 34
10 24
10 26
10 16
10 31
11 25
11 33
11 19
11 18
11 34
11 24
11 26
11 16
11 31
12 13
12 30
12 14
12 29
12 32
12 27
12 17
13 30
13 23
13 20
13 14
13 29
13 27
13 17
14 30
14 23
14 20
14 29
14 27
14 17
15 33
15 19
15 21
15 24
15 26
15 16
15 31
16 25
16 33
16 19
16 18
16 21
16 24
16 26
16 31
17 30
17 22
17 20
17 29
17 32
17 27
18 25
18 33
18 19
18 21
18 34
18 31
19 21
19 34
19 24
20 22
20 28
20 23
20 29
20 32
20 27
21 34
21 24
21 26
22 30
22 29
22 27
23 30
23 29
23 32
24 33
24 26
24 31
25 31
26 34
26 31
27 28
27 29
27 32
28 30
28 29
28 32
29 30
30 32
31 33
31 34
33 34
5 17
22 32
20 5
16 4
21 33
5 21
22 0
20 31
16 17
32 25
