32 287 5
0 4
0 21
0 17
0 19
0 2
0 25
0 23
0 14
0 8
0 7
0 28
0 29
0 16
0 5
0 12
0 11
0 18
0 6
0 24
1 4
1 17
1 19
1 14
1 8
1 31
1 27
1 7
1 29
1 16
1 5
1 12
1 11
1 20
1 3
1 18
1 6
1 13
2 21
2 17
2 19
2 25
2 31
2 15
2 27
2 7
2 29
2 16
2 5
2 26
2 12
2 11
2 3
2 18
2 10
2 13
3 4
3 21
3 17
3 19
3 23
3 14
3 31
3 15
3 27
3 7
3 28
3 16
3 26
3 11
3 20
3 18
3 24
3 10
3 13
4 21
4 19
4 25
4 23
4 8
4 31
4 15
4 27
4 7
4 29
4 16
4 5
4 26
4 20
4 18
4 10
4 13
5 21
5 17
5 19
5 23
5 14
5 8
5 31
5 15
5 7
5 28
5 26
5 12
5 11
5 20
5 24
5 10
5 13
6 21
6 17
6 23
6 14
6 8
6 31
6 15
6 27
6 7
6 12
6 11
6 18
6 24
6 10
6 13
7 17
7 19
7 25
7 14
7 31
7 15
7 27
7 28
7 29
7 16
7 26
7 12
7 11
7 20
7 10
7 13
8 21
8 17
8 19
8 25
8 14
8 31
8 28
8 29
8 16
8 20
8 18
8 24
8 10
8 13
9 30
10 21
10 17
10 25
10 23
10 14
10 31
10 15
10 28
10 29
10 16
10 12
10 20
10 18
10 24
11 21
11 17
11 19
11 25
11 23
11 15
11 28
11 16
11 12
11 20
11 18
11 24
11 13
12 19
12 25
12 23
12 14
12 31
12 15
12 27
12 28
12 29
12 16
12 26
12 20
12 18
12 24
13 21
13 19
13 25
13 23
13 14
13 31
13 15
13 29
13 16
13 26
13 20
13 24
14 17
14 23
14 31
14 15
14 28
14 29
14 16
14 26
14 20
14 24
15 17
15 25
15 23
15 31
15 27
15 28
15 29
15 16
15 26
15 20
16 21
16 19
16 25
16 23
16 31
16 27
16 28
16 29
16 26
16 18
16 24
17 21
17 19
17 25
17 23
17 31
17 29
17 18
17 24
18 21
18 19
18 25
18 28
18 29
18 26
18 20
19 21
19 25
19 23
19 27
19 28
19 29
19 20
20 21
20 25
20 23
20 27
20 28
20 26
20 24
21 25
21 23
21 31
21 27
21 28
21 24
22 30
23 31
23 27
24 25
24 31
24 27
24 28
24 29
24 26
26 31
26 27
26 29
28 29
29 31
6 23
29 28
25 1
29 27
5 26
9 12
30 6
22 11
30 20
14 22
