34 178 5
0 29
0 21
0 6
0 28
0 24
0 9
0 2
0 13
0 15
0 10
1 30
1 25
1 33
1 5
1 27
1 11
1 22
2 29
2 6
2 14
2 8
2 9
2 13
2 15
2 26
2 17
2 32
3 19
3 20
5 30
5 27
5 11
5 31
5 22
6 29
6 28
6 14
6 8
6 9
6 12
6 18
6 15
6 26
6 17
6 32
6 7
6 10
7 21
7 28
7 14
7 8
7 9
7 16
7 18
7 15
7 17
7 32
8 21
8 28
8 24
8 9
8 16
8 12
8 13
8 23
8 18
8 15
8 26
8 17
8 32
8 10
9 28
9 14
9 24
9 12
9 13
9 23
9 18
9 15
9 26
9 17
9 10
10 29
10 21
10 28
10 14
10 24
10 12
10 13
10 23
10 18
10 17
11 30
11 25
11 33
11 27
11 31
11 22
12 29
12 21
12 28
12 24
12 16
12 13
12 23
12 18
12 15
12 26
12 32
13 21
13 28
13 14
13 24
13 16
13 23
13 18
13 26
13 17
14 29
14 21
14 28
14 24
14 16
14 18
14 32
15 29
15 21
15 28
15 24
15 23
15 32
16 29
16 21
16 28
16 24
16 23
16 18
16 26
16 32
17 21
17 23
17 18
17 26
18 29
18 21
18 28
18 24
18 23
18 26
18 32
19 20
21 28
21 23
21 26
21 32
22 30
22 25
22 33
22 27
22 31
23 29
23 28
23 24
23 26
23 32
24 26
24 32
25 33
25 31
26 29
26 28
26 32
27 30
27 33
28 29
29 32
30 33
31 33
16 0
16 9
24 8
24 29
14 21
4 10
4 14
28 4
9 3
32 27
