35 104 5
0 11
0 21
0 4
0 30
0 19
0 26
1 27
1 21
1 32
1 8
1 34
1 3
2 27
2 11
2 7
2 30
2 9
2 13
2 26
3 32
3 4
3 18
3 8
3 30
3 31
3 33
3 26
4 11
4 21
4 32
4 8
4 30
4 9
4 13
5 29
5 23
5 17
6 25
6 29
6 23
6 22
7 28
7 8
7 31
7 26
8 15
8 28
8 18
8 33
8 26
9 27
9 21
9 24
9 19
9 33
10 14
11 31
11 13
11 20
12 14
12 23
13 16
13 34
13 31
14 25
14 29
14 23
15 28
15 30
16 21
16 32
16 18
16 34
16 33
17 25
18 21
18 32
18 30
18 19
19 28
19 31
20 27
20 30
20 34
20 31
20 33
21 27
21 30
21 31
21 33
24 28
26 32
26 34
26 31
27 28
27 30
27 33
28 30
28 34
28 33
31 33
32 34
32 33
33 34
34 3
19 32
32 15
8 4
20 19
20 5
25 33
22 30
6 32
21 29
