35 111 5
0 13
0 14
0 16
0 33
0 10
0 7
0 25
1 28
1 2
1 12
1 17
1 13
1 18
1 32
1 20
1 16
1 30
1 7
1 25
1 31
2 17
2 18
2 21
2 33
2 8
2 11
3 24
3 6
3 19
4 6
4 23
4 34
4 26
5 24
5 23
5 26
6 23
6 19
7 28
7 13
7 20
7 22
8 17
8 20
8 16
8 22
9 28
9 18
9 32
9 16
9 30
9 11
10 28
10 14
10 22
10 25
11 28
11 12
11 17
11 18
11 22
11 33
12 28
12 15
12 14
12 16
12 29
12 33
12 25
13 30
14 17
14 18
14 16
14 22
14 31
15 18
15 21
15 16
15 30
16 28
16 21
16 20
16 22
16 31
17 28
17 18
17 32
17 20
18 32
18 21
18 22
18 30
19 23
19 34
20 27
20 25
20 31
21 32
21 29
21 33
21 31
22 31
25 28
25 32
25 27
26 34
27 29
30 31
31 32
31 33
32 33
15 7
17 7
13 25
22 14
7 17
12 24
3 22
4 15
11 23
5 25
