32 206 5
0 9
0 16
0 4
0 22
0 1
0 23
0 11
0 21
0 2
0 13
0 31
0 19
0 27
0 17
0 14
0 3
0 6
0 12
1 15
1 9
1 16
1 4
1 22
1 23
1 11
1 21
1 30
1 13
1 31
1 19
1 27
1 17
1 14
1 12
1 10
2 9
2 4
2 23
2 21
2 30
2 13
2 31
2 26
2 19
2 14
2 3
2 18
3 15
3 9
3 16
3 4
3 22
3 23
3 11
3 13
3 31
3 19
3 17
3 6
4 15
4 9
4 16
4 11
4 21
4 30
4 13
4 19
4 27
4 17
4 14
4 18
4 12
5 24
5 20
5 29
5 8
5 28
6 15
6 16
6 22
6 23
6 21
6 27
6 14
6 12
6 10
7 25
8 24
8 20
8 28
9 15
9 16
9 23
9 30
9 31
9 26
9 17
9 14
9 12
9 10
10 15
10 16
10 22
10 11
10 21
10 30
10 13
10 31
10 26
10 19
10 27
10 18
10 12
11 16
11 22
11 23
11 21
11 30
11 13
11 31
11 19
11 17
12 16
12 22
12 23
12 30
12 13
12 31
12 26
12 19
12 27
12 17
12 14
13 15
13 16
13 22
13 23
13 30
13 26
13 19
13 27
13 17
13 14
14 16
14 23
14 21
14 30
14 31
14 26
14 19
14 27
14 17
14 18
15 16
15 22
15 23
15 21
15 26
15 19
15 17
15 18
16 22
16 23
16 30
16 31
16 26
16 19
16 27
16 17
16 18
17 23
17 21
17 30
17 31
17 26
17 19
18 22
18 23
18 30
18 26
18 27
19 22
19 23
19 21
19 30
19 26
20 24
20 29
20 28
21 22
21 30
21 27
22 23
22 31
22 27
23 30
23 31
23 26
23 27
24 28
26 30
26 31
27 30
27 31
28 29
30 31
13 26
26 17
2 4
22 23
2 17
29 17
5 27
7 15
13 20
7 26
