32 183 5
0 3
0 10
0 26
0 13
0 23
0 14
0 27
0 30
0 31
0 28
0 2
0 8
0 12
0 9
0 24
0 5
1 19
1 15
1 6
1 11
1 29
1 17
1 21
1 4
1 25
1 7
2 3
2 14
2 31
2 28
2 18
2 8
2 12
2 9
2 24
2 5
3 10
3 13
3 23
3 27
3 30
3 31
3 28
3 18
3 8
3 12
3 9
3 24
3 5
4 20
4 19
4 15
4 11
4 29
4 16
4 22
4 7
5 10
5 13
5 23
5 14
5 27
5 31
5 18
5 8
5 12
5 9
6 20
6 15
6 11
6 29
6 17
6 21
6 16
6 25
6 7
7 20
7 15
7 11
7 29
7 17
7 21
7 25
8 10
8 26
8 13
8 23
8 14
8 27
8 30
8 12
8 24
9 10
9 26
9 13
9 14
9 27
9 30
9 31
9 18
9 24
10 26
10 13
10 23
10 14
10 27
10 30
10 31
10 18
11 20
11 19
11 15
11 29
11 17
11 21
11 16
11 25
11 22
12 13
12 23
12 14
12 27
12 28
13 26
13 23
13 14
13 27
13 31
13 28
14 23
14 30
14 28
14 18
14 24
15 19
15 29
15 21
15 16
15 22
16 20
16 19
16 29
16 17
16 21
16 25
17 20
17 19
17 29
17 21
17 25
17 22
18 26
18 27
18 30
18 31
18 28
19 29
19 21
19 25
19 22
20 29
20 22
21 29
21 25
21 22
22 25
23 26
23 27
23 30
23 31
23 24
24 27
24 30
24 31
25 29
26 27
26 30
26 28
27 30
27 31
28 30
28 31
30 31
8 14
18 30
31 2
30 8
24 28
24 29
2 1
6 28
19 9
18 4
