30 162 5
0 19
0 14
0 22
0 24
0 26
0 8
0 18
0 10
1 15
1 9
1 3
1 20
1 11
1 5
1 4
1 7
1 21
1 12
1 6
1 27
1 29
1 25
1 17
2 19
2 14
2 16
2 22
2 24
2 26
2 8
2 18
2 28
3 15
3 20
3 23
3 11
3 5
3 7
3 21
3 6
3 27
3 29
3 25
3 17
4 15
4 23
4 5
4 7
4 13
4 21
4 12
4 29
5 15
5 23
5 11
5 21
5 6
5 27
5 29
5 25
5 17
6 15
6 20
6 23
6 11
6 13
6 21
6 12
6 29
6 25
6 17
7 15
7 9
7 20
7 23
7 11
7 13
7 21
7 12
7 27
7 25
7 17
8 19
8 14
8 22
8 26
8 18
8 28
8 10
9 20
9 23
9 11
9 13
9 21
9 12
9 27
9 29
9 25
9 17
10 16
10 22
10 24
10 26
10 18
10 28
11 15
11 20
11 23
11 21
11 27
11 29
12 15
12 20
12 13
12 21
12 27
12 29
12 25
12 17
13 15
13 23
13 21
13 29
13 25
14 19
14 16
14 22
14 24
14 26
14 18
15 20
15 23
15 21
15 29
15 17
16 19
16 22
17 20
17 23
17 21
17 29
17 25
18 22
18 24
18 26
18 28
19 22
19 24
19 26
19 28
20 23
20 27
20 29
21 23
21 29
21 25
22 26
22 28
23 29
24 26
26 28
27 29
23 17
7 6
7 27
3 12
12 23
22 13
7 18
7 0
16 27
2 9
