33 191 5
0 5
0 30
0 13
0 2
0 23
0 28
0 8
0 26
0 25
0 21
0 15
0 14
0 31
1 16
1 5
1 20
1 6
1 30
1 13
1 2
1 28
1 8
1 25
1 7
1 15
1 4
1 17
2 16
2 20
2 6
2 30
2 23
2 28
2 3
2 26
2 4
2 17
2 14
2 22
2 31
3 16
3 20
3 30
3 13
3 23
3 28
3 21
3 15
3 14
3 31
4 16
4 5
4 6
4 30
4 13
4 23
4 28
4 8
4 26
4 25
4 21
4 7
4 15
4 17
4 14
4 22
5 16
5 30
5 23
5 28
5 8
5 26
5 15
5 17
5 22
5 31
6 16
6 20
6 30
6 13
6 23
6 28
6 26
6 25
6 21
6 7
6 14
6 22
6 31
7 16
7 30
7 13
7 28
7 26
7 25
7 21
7 14
8 20
8 13
8 28
8 21
8 14
8 22
9 29
9 10
9 27
9 19
9 11
9 18
10 12
10 29
10 27
10 18
11 12
11 29
11 32
12 29
12 27
12 32
12 19
12 18
13 16
13 20
13 30
13 28
13 21
13 15
13 17
13 22
13 31
14 16
14 23
14 28
14 26
14 25
14 15
14 17
14 22
14 31
15 16
15 30
15 23
15 28
15 26
15 25
15 21
15 17
15 22
15 31
16 30
16 23
16 28
16 17
16 22
16 31
17 20
17 30
17 23
17 28
17 22
17 31
18 29
18 27
18 32
19 32
20 30
20 23
20 28
20 26
20 25
20 21
20 22
20 31
21 30
21 28
21 26
21 22
22 23
22 25
23 30
23 26
23 25
25 30
25 28
25 26
26 31
27 29
27 32
28 30
29 32
30 31
1 20
32 18
20 15
17 5
0 14
16 11
24 6
30 24
7 32
22 18
