35 166 5
0 20
0 13
0 1
1 4
1 12
1 34
1 6
1 28
3 32
4 20
4 12
4 34
4 6
4 28
4 13
5 26
5 23
5 18
5 24
5 30
5 8
5 21
5 10
5 25
5 29
5 22
5 33
5 15
5 11
6 20
6 12
6 28
6 13
7 16
8 9
8 31
8 26
8 23
8 18
8 24
8 19
8 21
8 10
8 25
8 22
8 33
8 11
8 17
9 31
9 26
9 23
9 18
9 24
9 21
9 10
9 25
9 29
9 22
9 33
9 15
9 17
10 31
10 26
10 23
10 18
10 24
10 30
10 19
10 21
10 29
10 33
10 15
11 31
11 23
11 18
11 24
11 30
11 19
11 21
11 25
11 29
11 33
11 15
11 17
12 20
12 34
12 13
13 20
14 16
15 31
15 26
15 18
15 24
15 30
15 19
15 21
15 25
15 22
15 17
15 27
17 31
17 23
17 18
17 24
17 22
17 27
18 31
18 26
18 23
18 24
18 30
18 19
18 21
18 25
18 29
18 22
18 27
19 31
19 26
19 24
19 21
19 25
19 22
19 33
19 27
20 34
20 28
21 31
21 26
21 23
21 25
21 29
21 22
21 33
21 27
22 24
22 25
22 29
22 33
22 27
23 26
23 29
23 27
24 31
24 26
24 30
24 25
24 29
25 26
25 30
25 29
25 33
25 27
26 31
26 30
26 29
26 33
26 27
27 30
27 29
27 33
28 34
29 31
29 33
30 31
31 33
25 10
8 29
22 9
18 27
12 28
13 11
20 10
22 13
18 3
32 30
