30 204 5
0 28
0 13
0 8
0 1
0 10
0 14
0 22
0 23
0 20
0 6
0 18
0 26
0 29
0 27
0 11
0 21
1 28
1 12
1 24
1 8
1 10
1 14
1 22
1 2
1 20
1 6
1 18
1 26
1 17
1 29
1 27
1 21
2 28
2 24
2 3
2 10
2 22
2 23
2 20
2 7
2 6
2 18
2 27
2 11
2 21
3 28
3 24
3 13
3 10
3 14
3 22
3 23
3 20
3 7
3 29
3 25
3 21
4 9
4 5
4 15
4 19
5 16
6 28
6 12
6 24
6 13
6 8
6 14
6 23
6 20
6 26
6 27
6 11
6 21
7 28
7 12
7 24
7 13
7 10
7 14
7 22
7 26
7 17
7 11
7 21
8 28
8 12
8 10
8 22
8 23
8 20
8 29
8 27
8 25
8 11
8 21
9 16
9 15
9 19
10 28
10 12
10 24
10 13
10 14
10 22
10 20
10 18
10 26
10 27
10 25
10 11
10 21
11 22
11 23
11 20
11 18
11 26
11 29
11 27
11 25
11 21
12 28
12 24
12 14
12 22
12 20
12 18
12 26
12 17
12 29
12 27
12 25
12 21
13 28
13 24
13 14
13 22
13 23
13 20
13 18
13 17
13 25
13 21
14 28
14 24
14 23
14 20
14 18
14 26
14 17
14 29
15 16
15 19
16 19
17 28
17 24
17 23
17 20
17 18
17 25
17 21
18 28
18 24
18 22
18 23
18 29
18 27
18 25
18 21
20 28
20 24
20 23
20 26
20 25
20 21
21 22
21 23
21 26
21 29
21 27
21 25
22 24
22 23
22 26
22 29
22 27
22 25
23 24
23 26
23 29
23 27
23 25
24 28
24 26
24 29
24 27
24 25
25 28
25 26
25 29
25 27
26 27
27 29
28 29
13 21
6 28
21 2
13 24
28 27
3 15
19 13
5 20
26 9
14 16
