27 115 5
0 25
0 5
0 14
0 24
1 7
1 23
1 18
1 15
1 26
1 9
1 22
1 2
1 3
2 12
2 16
2 7
2 15
2 26
2 9
2 22
2 3
3 12
3 16
3 23
3 8
3 18
3 26
3 9
3 22
3 19
4 10
4 25
4 20
4 11
4 14
4 24
4 13
5 25
5 14
6 10
6 21
6 20
6 13
7 16
7 23
7 15
7 26
7 9
7 22
7 17
7 19
8 12
8 16
8 23
8 18
8 15
8 26
8 9
8 22
8 17
8 19
9 16
9 18
9 15
9 26
10 21
10 20
10 11
10 14
10 13
11 21
11 25
11 20
11 13
12 16
12 23
12 15
12 26
12 22
12 19
13 21
13 25
13 20
13 14
13 24
14 25
15 16
15 23
15 18
15 22
15 17
16 23
16 26
16 17
16 19
17 23
17 18
17 26
17 22
17 19
18 23
18 26
18 22
19 23
19 26
19 22
20 21
20 25
20 24
21 25
21 24
22 23
22 26
23 26
24 25
23 8
20 4
10 20
18 3
16 3
15 0
20 22
7 25
18 21
16 25
