26 120 5
0 15
0 2
0 1
0 23
0 8
0 24
0 6
0 22
0 4
0 11
1 15
1 14
1 2
1 8
1 12
1 17
1 19
2 15
2 14
2 23
2 8
2 20
2 6
2 22
2 4
2 17
2 11
2 19
2 7
3 18
3 9
3 10
3 21
3 13
3 16
4 15
4 14
4 5
4 23
4 24
4 12
4 17
4 11
4 19
4 7
5 15
5 14
5 8
5 20
5 6
5 22
5 12
5 17
5 11
5 19
5 7
6 15
6 14
6 23
6 8
6 20
6 22
6 12
6 11
6 19
7 15
7 23
7 22
7 12
7 17
7 19
8 15
8 14
8 23
8 24
8 12
8 17
9 18
9 21
9 13
9 16
10 25
10 16
11 15
11 14
11 23
11 24
11 17
11 19
12 14
12 22
12 19
13 25
13 18
13 21
13 16
14 15
14 23
14 22
14 17
14 19
15 23
15 24
15 20
15 22
15 17
15 19
16 18
17 23
17 24
17 19
18 25
18 21
19 23
19 24
19 20
20 23
20 22
21 25
23 24
19 1
11 7
11 14
1 17
24 17
9 6
12 18
12 21
14 10
15 16
