34 139 5
0 27
0 26
0 3
0 13
0 22
0 12
0 31
0 17
1 2
1 20
1 23
1 13
1 4
1 29
2 20
2 5
2 6
2 22
2 16
2 31
2 17
2 29
3 27
3 5
3 23
3 24
3 15
3 13
3 4
3 17
4 7
4 5
4 15
4 13
4 10
4 22
4 16
4 18
4 12
4 21
5 27
5 20
5 14
5 23
5 6
5 15
5 13
5 28
5 12
5 21
5 8
5 25
6 26
6 20
6 23
6 24
6 15
6 9
6 28
6 22
6 16
6 8
7 9
7 19
7 12
7 21
7 25
8 24
8 15
8 32
8 31
8 25
9 23
9 22
9 19
9 12
9 17
10 26
10 14
10 23
10 28
10 29
11 33
12 15
12 28
12 16
12 29
13 14
13 24
13 32
13 18
13 17
14 27
14 26
14 15
14 31
14 17
14 25
15 27
15 26
15 28
15 19
15 25
16 20
16 19
16 18
16 25
17 20
17 24
17 32
17 18
17 25
18 27
18 24
18 22
18 31
18 29
19 26
19 29
19 25
20 27
20 23
20 24
20 22
20 31
21 22
22 32
22 28
22 29
22 25
23 32
23 25
24 31
26 27
26 32
27 29
28 32
28 31
29 31
27 2
12 9
29 21
4 16
4 29
30 31
33 15
26 11
13 30
11 26
