34 202 5
0 31
0 26
0 8
0 6
0 29
0 20
0 22
0 28
0 17
0 32
0 13
0 19
0 1
1 26
1 6
1 29
1 22
1 28
1 17
1 32
1 19
1 10
2 7
2 5
2 24
2 4
2 18
2 16
2 3
2 30
2 11
2 33
2 15
2 21
2 12
3 7
3 5
3 18
3 30
3 14
3 33
3 23
3 9
3 21
4 5
4 27
4 18
4 25
4 30
4 14
4 11
4 33
4 15
4 23
4 9
4 21
4 12
5 7
5 24
5 27
5 18
5 16
5 25
5 30
5 14
5 11
5 33
5 15
5 23
5 9
5 21
5 12
6 26
6 8
6 29
6 20
6 28
6 17
6 32
6 19
6 10
7 27
7 18
7 16
7 30
7 14
7 33
7 15
7 23
7 12
8 31
8 22
8 28
8 17
8 32
8 13
8 19
9 24
9 27
9 16
9 25
9 30
9 14
9 11
9 33
9 15
9 12
10 31
10 29
10 20
10 32
10 13
10 19
11 27
11 18
11 16
11 25
11 30
11 33
11 21
11 12
12 24
12 18
12 16
12 25
12 30
12 14
12 23
12 21
13 31
13 26
13 29
13 20
13 22
13 28
13 17
13 32
14 27
14 18
14 16
14 25
14 30
14 33
14 15
14 21
15 24
15 18
15 16
15 25
15 33
15 21
16 18
16 30
16 33
16 23
16 21
17 29
17 28
17 32
17 19
18 27
18 25
18 30
18 33
18 21
19 31
19 26
19 20
19 22
19 32
20 31
20 26
20 22
20 32
21 24
21 27
21 30
22 26
22 29
22 28
22 32
23 24
23 27
23 25
23 30
23 33
24 27
24 25
24 30
24 33
25 30
26 29
26 28
26 32
27 30
27 33
28 31
28 29
28 32
29 32
30 33
31 32
22 17
6 32
22 8
17 28
14 30
22 16
31 16
22 24
31 18
23 22
