34 95 5
0 31
0 22
0 13
0 7
0 1
0 30
0 6
0 15
0 14
0 12
1 13
1 4
1 33
1 24
1 30
1 27
1 28
1 25
1 15
1 21
1 18
1 5
1 12
3 31
3 23
3 27
3 28
3 25
3 15
4 33
4 24
4 25
4 8
5 33
5 30
5 27
5 6
5 15
6 22
6 11
6 19
6 33
6 8
7 31
7 22
7 19
7 33
7 24
7 30
7 18
8 24
8 18
9 29
11 15
11 14
11 18
12 31
12 13
12 24
12 27
12 25
13 24
13 15
14 22
14 30
14 21
14 18
15 31
15 25
16 20
18 33
19 23
19 28
19 21
19 32
20 26
21 27
21 32
22 28
22 25
22 32
23 30
23 25
23 32
24 30
24 28
24 32
25 31
25 33
27 33
27 30
27 28
28 32
30 31
31 32
4 5
7 6
12 14
7 15
7 18
16 15
20 18
10 28
20 2
20 11
