34 157 5
0 27
0 9
0 11
0 17
0 29
0 3
0 21
0 24
0 23
0 19
0 22
0 4
0 33
1 6
1 31
1 2
1 12
1 14
1 16
1 15
1 13
1 5
2 26
2 6
2 31
2 12
2 10
2 32
2 14
2 16
2 15
2 13
2 5
3 9
3 11
3 8
3 17
3 29
3 21
3 23
3 19
3 22
3 4
3 33
4 11
4 17
4 29
4 21
4 24
4 23
4 19
4 22
4 20
5 26
5 6
5 31
5 12
5 10
5 32
5 15
6 26
6 12
6 10
6 32
6 14
6 16
6 15
7 9
7 11
7 8
7 17
7 29
7 24
7 19
7 22
7 20
7 33
8 29
8 21
8 24
8 23
8 22
8 28
8 33
9 27
9 11
9 17
9 29
9 21
9 24
9 28
9 20
10 26
10 12
10 14
10 16
10 13
11 27
11 29
11 19
11 22
11 20
12 31
12 32
12 16
12 13
13 26
13 32
13 16
13 15
14 26
14 31
14 16
14 15
15 31
15 32
15 16
16 26
16 31
17 27
17 29
17 21
17 23
17 19
17 22
17 33
18 25
18 30
19 29
19 24
19 28
19 33
20 27
20 29
20 21
20 28
20 33
21 29
21 24
21 22
21 33
22 29
22 24
22 23
22 28
22 33
24 29
24 28
24 33
25 30
26 32
27 29
27 28
27 33
28 29
29 33
31 32
28 20
11 7
21 23
0 33
17 28
11 25
30 1
33 2
28 18
23 30
