34 189 5
0 28
0 6
0 33
0 2
0 27
0 5
0 13
0 17
0 16
0 21
0 29
0 15
0 32
0 8
1 31
1 7
1 26
1 30
1 14
1 11
1 19
1 22
1 9
1 24
1 3
1 4
1 10
2 28
2 6
2 33
2 27
2 5
2 13
2 20
2 16
2 25
2 21
2 29
2 8
3 23
3 31
3 7
3 30
3 12
3 14
3 11
3 19
3 22
3 18
3 9
3 24
3 4
3 10
4 23
4 31
4 26
4 30
4 12
4 14
4 19
4 18
4 9
5 6
5 33
5 27
5 13
5 20
5 16
5 25
5 21
5 29
5 8
6 17
6 16
6 29
6 15
6 32
6 8
7 31
7 26
7 30
7 19
7 22
7 18
7 9
7 24
7 10
8 27
8 17
8 20
8 16
8 25
8 15
9 31
9 26
9 30
9 12
9 14
9 19
9 22
9 24
9 10
10 23
10 31
10 30
10 14
10 11
10 24
11 23
11 26
11 30
11 19
11 24
12 23
12 26
12 30
12 14
12 19
12 22
12 24
13 27
13 17
13 20
13 16
13 25
13 21
13 29
13 32
14 23
14 26
14 30
14 19
14 18
14 24
15 33
15 27
15 17
15 25
15 21
15 29
15 32
16 28
16 33
16 17
16 20
16 25
16 29
16 32
17 27
17 20
17 25
17 21
17 29
17 32
18 23
18 26
18 30
18 22
19 31
19 26
19 30
19 24
20 33
20 25
20 29
21 28
21 27
21 25
21 32
22 31
22 26
22 30
23 26
23 30
23 24
24 26
24 30
25 28
25 33
25 27
25 29
26 30
27 28
27 33
27 29
28 29
28 32
29 33
30 31
24 12
20 2
15 0
11 7
12 31
24 16
20 31
22 15
7 32
0 3
