33 121 5
0 26
0 17
0 32
0 5
0 31
0 29
0 27
0 1
0 18
0 13
0 2
0 23
1 7
1 17
1 20
1 14
1 13
1 28
2 3
2 26
2 32
2 20
2 31
2 27
2 23
3 17
3 25
3 5
3 19
3 31
3 14
3 29
3 11
3 27
3 18
3 13
3 22
3 9
4 20
4 31
4 14
4 11
4 16
4 27
4 18
4 10
4 9
5 7
5 17
5 25
5 32
5 20
5 18
6 15
6 12
7 20
7 19
7 9
7 23
8 17
8 32
8 19
8 29
8 11
8 22
8 21
9 17
9 25
9 28
10 25
10 20
10 31
10 14
11 26
11 17
11 13
11 22
11 28
11 21
12 30
13 19
13 16
13 28
13 23
14 29
14 16
14 18
14 22
15 30
15 24
16 19
16 27
16 28
17 32
17 20
17 31
17 23
18 25
18 31
19 20
19 28
19 21
20 25
20 32
20 27
20 21
21 23
22 26
22 31
22 23
23 26
23 32
23 29
24 30
26 32
26 29
26 28
27 31
28 32
29 32
29 31
7 2
28 20
28 8
31 21
27 21
12 18
30 7
7 15
12 28
29 30
