33 127 5
0 2
0 26
0 21
0 6
0 12
0 28
0 15
0 7
1 21
1 14
1 25
1 8
1 18
1 15
1 27
1 7
2 26
2 21
2 14
2 8
2 24
2 16
2 13
2 19
2 28
2 15
2 27
2 7
3 26
3 13
3 18
3 12
3 9
3 15
3 27
3 7
3 4
4 17
4 8
4 16
4 12
4 20
5 14
5 25
5 13
5 18
5 28
5 27
5 32
6 17
6 25
6 16
6 9
6 32
6 11
7 21
7 24
7 18
7 12
7 28
7 15
7 31
8 25
8 24
8 9
8 15
8 31
8 27
8 32
9 17
9 16
9 19
9 12
9 28
9 15
9 27
10 22
11 13
11 18
11 19
11 12
11 31
11 27
12 21
12 25
12 24
12 16
12 15
12 32
13 17
13 14
13 24
13 18
13 15
13 20
13 32
14 24
14 19
14 28
14 15
14 20
14 32
15 28
16 24
16 18
17 25
17 28
17 27
18 21
19 25
19 28
20 24
20 32
21 26
21 25
22 30
23 30
23 29
24 25
25 26
25 28
25 32
26 31
27 28
27 31
28 31
28 32
1 27
1 4
1 6
7 27
18 15
30 31
11 29
30 18
23 24
26 23
