30 112 5
0 12
0 21
0 13
0 14
0 8
0 6
0 3
0 15
1 25
1 27
1 18
1 23
1 19
1 10
1 16
2 20
2 11
2 29
2 4
2 7
3 12
3 17
3 21
3 5
3 13
3 14
3 8
3 24
3 15
4 20
4 28
4 22
4 9
5 26
5 17
5 21
5 13
5 14
5 8
5 6
5 15
6 12
6 26
6 21
6 13
6 14
6 8
6 24
6 15
7 20
7 28
7 11
7 29
7 9
8 12
8 26
8 21
8 14
8 24
9 20
9 28
9 11
9 29
9 22
10 25
10 27
10 18
10 23
10 19
11 20
11 29
12 26
12 17
12 21
12 13
12 24
12 15
13 26
13 17
13 21
13 24
13 15
14 17
14 21
14 24
14 15
15 26
15 21
15 24
16 27
16 18
16 23
16 19
17 26
17 21
18 25
18 27
18 19
19 25
19 27
19 23
20 28
20 29
20 22
21 26
21 24
22 28
22 29
23 25
23 27
24 26
28 29
24 3
5 17
14 6
18 23
0 8
25 11
22 5
26 19
19 5
21 9
