35 129 5
0 6
0 7
0 9
0 11
0 27
0 24
0 29
0 22
0 20
1 4
1 17
1 28
1 12
1 14
1 31
1 24
1 13
1 3
1 22
1 20
2 18
2 4
2 6
2 28
2 12
2 31
2 29
2 22
2 23
2 5
2 19
3 14
3 24
3 20
3 5
3 30
3 19
4 17
4 9
4 27
4 13
4 5
4 30
4 19
5 8
5 18
5 28
5 31
5 9
5 11
5 13
5 22
5 23
6 18
6 28
6 31
6 9
6 20
7 8
7 18
7 9
8 17
8 14
8 31
8 27
8 22
8 20
8 30
8 33
8 19
9 28
9 14
9 31
10 13
10 19
11 18
11 28
11 14
11 31
11 27
11 29
11 22
11 30
11 33
12 18
12 17
12 24
12 23
13 18
13 17
13 28
13 31
13 22
14 18
14 29
14 22
14 30
14 33
15 16
17 27
17 25
17 29
17 22
17 20
17 30
17 33
18 28
18 24
18 22
18 20
18 19
19 27
19 24
19 23
20 29
20 33
21 32
21 34
22 23
22 33
23 24
23 25
25 29
27 30
27 33
29 33
30 31
31 33
32 34
2 22
20 19
17 10
17 11
9 6
32 23
30 16
16 30
16 8
9 32
