32 116 5
0 26
0 23
0 28
0 25
0 17
0 3
0 10
0 31
0 7
0 12
0 14
1 18
1 28
1 2
1 3
1 7
1 30
1 5
2 24
2 25
2 29
2 8
2 30
2 19
2 5
3 22
3 25
3 4
3 29
3 17
3 21
4 23
4 21
4 8
4 19
5 22
5 9
5 21
5 10
5 8
5 30
5 14
6 18
6 9
6 10
6 7
6 14
7 22
7 18
7 24
7 9
7 29
7 8
7 30
7 13
8 26
8 23
8 28
8 9
8 21
9 26
9 22
9 25
9 17
9 31
9 12
9 14
9 13
10 22
10 23
10 28
10 17
10 21
10 12
10 13
11 22
11 24
11 30
12 23
12 17
12 30
12 14
13 23
13 28
13 30
13 14
14 22
14 24
14 25
14 17
14 21
14 31
14 30
17 26
17 22
17 24
18 26
18 24
18 30
19 23
19 29
19 31
21 23
22 24
22 29
22 31
23 26
23 24
23 28
23 31
24 28
24 31
25 28
28 31
29 31
30 31
11 30
6 8
0 30
3 23
2 28
2 20
21 16
16 3
30 16
16 31
