34 230 5
0 17
0 33
0 22
0 11
0 23
0 28
0 10
0 16
0 19
0 13
0 9
0 1
0 8
0 18
0 6
0 26
1 17
1 33
1 12
1 15
1 11
1 24
1 30
1 28
1 10
1 16
1 19
1 13
1 31
1 29
1 8
1 18
1 6
1 26
2 5
3 7
3 32
3 20
3 27
3 25
4 7
4 32
4 20
4 27
4 25
4 14
6 17
6 12
6 22
6 15
6 11
6 24
6 30
6 28
6 16
6 13
6 31
6 9
6 29
6 21
6 8
6 18
6 26
7 32
7 20
7 27
7 25
8 17
8 33
8 12
8 22
8 15
8 11
8 23
8 24
8 10
8 19
8 31
8 9
8 21
8 18
9 17
9 33
9 12
9 22
9 15
9 23
9 24
9 10
9 16
9 19
9 13
9 31
9 29
9 21
9 18
9 26
10 17
10 33
10 15
10 11
10 23
10 24
10 30
10 28
10 13
10 31
10 29
10 21
10 18
10 26
11 17
11 33
11 22
11 23
11 24
11 30
11 28
11 16
11 19
11 13
11 31
11 21
11 18
11 26
12 17
12 22
12 15
12 23
12 30
12 16
12 31
12 21
12 18
12 26
13 17
13 33
13 22
13 15
13 23
13 30
13 28
13 16
13 19
13 21
13 18
13 26
14 32
14 25
15 17
15 33
15 22
15 23
15 24
15 30
15 28
15 16
15 29
15 21
15 18
15 26
16 17
16 33
16 23
16 30
16 28
16 19
16 31
16 29
16 21
16 26
17 23
17 24
17 19
17 31
17 29
17 21
17 26
18 23
18 24
18 30
18 28
18 19
18 31
18 29
18 21
18 26
19 22
19 24
19 30
19 28
19 31
19 29
19 21
20 32
20 27
21 22
21 24
21 30
21 31
21 26
22 33
22 23
22 24
22 30
22 31
22 26
23 33
23 24
23 28
23 29
24 33
24 30
24 28
24 29
24 26
25 32
25 27
26 33
26 28
26 31
26 29
28 33
28 30
28 29
29 33
29 30
29 31
30 33
30 31
31 6
16 26
8 23
21 33
17 33
33 4
27 11
30 2
2 17
20 5
