34 117 5
0 22
0 2
0 17
0 14
0 6
0 28
0 23
0 21
1 22
1 8
1 17
1 14
1 19
1 6
1 10
1 23
1 16
2 22
2 4
2 8
2 18
2 32
2 27
2 16
3 4
3 17
3 14
3 33
3 18
4 7
4 19
4 9
4 18
4 28
4 21
5 25
5 13
6 22
6 14
6 9
6 18
6 10
6 12
6 32
7 17
7 33
7 9
7 32
8 22
8 26
8 9
8 28
8 10
8 31
8 16
9 14
9 18
9 28
9 10
9 12
9 31
9 11
9 27
9 16
10 22
10 26
10 29
10 19
10 23
10 21
11 26
11 18
11 12
11 23
11 32
11 27
11 16
12 22
12 14
12 18
12 31
12 23
12 27
13 24
14 22
14 26
14 29
14 19
14 28
14 32
14 16
15 20
15 24
16 22
16 19
16 32
17 33
17 18
17 28
17 23
18 22
18 27
19 32
20 24
20 30
22 26
22 31
23 32
24 30
25 30
26 29
26 33
27 33
27 28
27 31
29 33
29 32
21 3
31 18
2 7
4 7
32 9
7 24
2 15
27 13
15 9
17 25
