28 82 5
0 1
0 14
0 9
0 27
1 26
1 14
1 4
1 15
1 7
3 22
4 21
4 10
4 11
4 5
4 20
4 24
4 15
4 8
5 18
5 14
5 13
5 12
5 24
6 17
6 27
6 24
6 15
7 21
7 18
7 13
7 23
7 12
8 18
8 13
8 23
8 15
8 25
9 21
9 14
9 20
10 18
10 17
10 20
11 26
11 23
11 19
11 27
11 24
12 18
12 13
12 23
12 19
12 17
12 20
12 25
13 18
13 23
13 27
14 21
14 23
14 19
14 25
15 21
15 23
15 20
16 22
17 21
18 19
18 20
18 27
18 24
19 21
19 20
19 27
20 26
20 21
20 24
21 25
23 25
24 25
25 26
25 27
23 4
6 27
21 10
23 12
21 18
16 7
20 22
2 23
16 12
2 0
