32 155 5
0 24
0 20
0 26
0 29
0 27
0 5
0 30
0 6
0 1
0 21
0 10
0 11
0 16
0 23
1 24
1 20
1 13
1 26
1 29
1 9
1 27
1 5
1 30
1 21
1 16
1 23
1 22
2 3
2 28
3 28
4 24
4 20
4 26
4 9
4 27
4 15
4 5
4 30
4 16
4 12
4 22
5 24
5 26
5 9
5 27
5 15
5 30
5 21
5 10
5 16
5 12
5 23
6 24
6 20
6 9
6 27
6 30
6 10
6 11
6 12
6 23
7 18
7 25
7 8
7 14
7 17
8 18
8 14
8 17
9 24
9 20
9 29
9 27
9 15
9 21
9 16
9 12
9 23
9 22
10 24
10 13
10 27
10 15
10 30
10 21
10 11
10 16
10 23
10 22
11 20
11 13
11 26
11 29
11 15
11 30
11 12
11 23
11 22
12 20
12 13
12 29
12 27
12 15
12 30
12 21
12 16
12 23
13 24
13 20
13 26
13 30
13 16
14 18
14 25
15 20
15 26
15 29
15 27
15 30
15 21
15 22
16 24
16 20
16 29
16 27
16 23
17 18
19 31
19 28
20 24
20 27
20 30
20 21
20 22
21 26
21 29
21 30
21 22
22 24
22 29
22 27
22 30
23 26
23 30
24 26
24 29
24 27
24 30
26 29
26 27
26 30
27 29
27 30
28 31
29 30
4 13
5 20
14 25
2 31
30 23
17 0
22 18
0 8
2 24
13 2
