34 130 5
0 6
0 25
0 32
0 24
0 10
0 1
0 28
0 17
0 3
0 16
0 7
0 29
0 5
1 6
1 25
1 32
1 24
1 13
1 10
1 11
1 28
1 16
1 7
1 29
2 14
2 15
2 8
2 33
3 18
3 25
3 24
3 13
3 10
3 11
3 28
3 17
3 16
3 7
3 29
4 12
4 27
4 21
5 18
5 6
5 25
5 24
5 13
5 10
5 11
5 17
5 29
6 18
6 25
6 24
6 13
6 10
6 11
6 28
7 18
7 25
7 32
7 24
7 13
7 10
7 28
7 17
7 29
8 19
8 33
8 30
9 22
9 31
10 25
10 32
10 24
10 13
10 28
10 16
10 29
11 25
11 32
11 24
11 13
11 28
11 17
11 29
12 26
13 18
13 25
13 32
13 28
13 16
14 19
14 20
14 15
14 33
15 19
15 20
15 33
15 30
16 32
16 24
16 28
16 17
16 29
17 32
17 24
17 28
17 29
18 32
18 24
18 29
19 20
19 33
19 30
20 33
20 30
21 26
22 31
22 23
23 31
24 25
24 32
24 28
24 29
25 28
26 27
28 32
28 29
30 33
21 4
24 3
6 28
7 28
22 9
30 22
22 11
1 31
20 24
26 0
