33 184 5
0 3
0 7
0 5
0 9
0 25
0 26
0 15
0 22
0 13
0 31
0 1
0 20
1 3
1 7
1 5
1 28
1 9
1 15
1 22
1 31
1 30
2 16
2 17
2 6
2 14
2 21
2 32
2 24
2 8
2 27
2 10
2 29
2 19
3 23
3 18
3 5
3 28
3 9
3 25
3 20
3 30
4 16
4 17
4 14
4 21
4 32
4 12
4 24
4 8
4 27
4 10
4 29
4 11
4 19
5 23
5 18
5 7
5 28
5 9
5 25
5 26
5 15
5 22
5 20
5 30
6 17
6 14
6 32
6 12
6 24
6 8
6 27
6 19
7 18
7 9
7 25
7 26
7 22
7 13
7 31
7 20
8 16
8 17
8 14
8 32
8 24
8 27
8 29
8 19
9 23
9 18
9 28
9 25
9 15
9 22
9 13
9 31
9 20
10 16
10 17
10 21
10 32
10 12
10 19
11 16
11 14
11 21
11 12
11 24
11 27
11 29
11 19
12 16
12 17
12 14
12 32
12 27
12 29
12 19
13 23
13 18
13 26
13 15
13 20
13 30
14 16
14 32
14 24
14 27
14 19
15 23
15 18
15 28
15 25
15 26
15 22
15 31
15 20
16 17
16 21
16 32
16 29
17 21
17 32
17 24
17 27
17 29
17 19
18 25
18 26
18 22
18 31
18 30
19 21
19 32
19 24
19 27
19 29
20 28
20 25
20 26
20 22
20 31
21 32
21 24
21 27
22 23
22 28
22 25
22 30
23 28
23 31
23 30
24 32
24 29
25 28
25 26
26 28
26 30
27 32
27 29
28 31
28 30
29 32
9 28
4 8
13 18
22 1
31 20
14 26
8 28
19 3
29 13
26 19
