32 99 5
0 31
0 27
0 3
0 21
0 19
0 23
0 18
0 29
0 16
0 24
1 25
1 5
1 6
2 12
2 10
2 17
2 13
3 4
3 31
3 27
3 21
3 15
3 23
3 18
3 16
3 24
4 27
4 15
4 23
4 18
4 29
4 22
4 16
4 24
5 25
5 6
6 25
7 20
7 11
8 25
9 12
9 14
9 10
9 17
9 13
10 12
10 14
10 17
10 13
11 26
11 20
11 28
12 17
13 14
13 17
14 17
15 31
15 27
15 21
15 30
15 23
15 29
15 22
15 24
16 27
16 30
16 19
16 23
16 22
16 24
18 31
18 27
18 21
18 30
18 19
18 23
18 22
19 31
19 27
19 21
19 24
20 26
21 27
21 30
21 23
21 29
21 22
22 31
22 27
22 30
22 29
23 31
23 29
24 27
24 29
26 28
29 31
29 30
30 31
23 29
1 25
26 20
24 23
0 31
16 17
9 6
29 8
9 22
29 9
