34 113 5
0 9
0 33
0 13
0 21
0 24
0 14
0 17
0 25
1 11
1 4
1 18
1 19
1 31
1 27
1 15
2 23
3 33
3 13
3 21
3 26
3 14
3 17
4 11
4 18
4 6
4 27
4 7
4 5
5 11
5 18
5 19
5 6
5 31
5 27
5 30
5 7
6 11
6 18
6 31
6 27
6 30
6 7
7 31
7 27
7 15
7 30
8 29
8 32
8 12
8 16
8 22
8 20
8 10
9 33
9 13
9 26
9 24
9 14
9 17
9 25
10 29
10 32
10 12
10 22
10 20
11 18
11 27
12 29
12 32
12 16
12 22
12 20
13 33
13 21
13 26
13 24
13 14
13 17
13 25
14 33
14 21
14 24
14 25
15 31
15 27
16 29
16 32
16 28
16 22
16 20
17 33
17 26
17 24
17 25
18 19
18 31
18 27
18 30
19 31
19 30
20 29
20 32
20 28
21 33
21 24
22 29
22 32
24 26
24 25
26 33
28 29
28 32
29 32
20 28
31 19
20 29
0 21
11 1
7 9
27 21
7 21
18 3
21 15
