35 92 5
0 17
0 6
0 19
0 28
0 14
1 27
1 3
2 10
2 23
2 4
2 29
2 26
2 9
3 22
4 8
4 18
4 15
4 33
4 34
4 28
5 20
5 8
5 6
5 30
5 9
6 10
6 17
6 8
6 23
6 18
6 19
6 25
6 33
6 32
6 28
6 14
6 9
8 32
8 12
8 29
8 26
8 30
8 9
8 31
9 19
9 33
9 32
9 12
10 11
10 25
10 28
10 14
11 23
11 12
11 26
11 30
11 31
12 15
12 33
12 30
12 14
13 22
14 19
14 31
15 23
15 28
15 29
16 24
17 20
18 32
18 29
18 26
19 34
19 31
20 26
21 27
22 24
23 32
23 28
24 27
25 34
25 28
25 29
26 34
26 28
28 34
29 31
30 33
30 34
31 32
32 34
33 34
28 25
5 29
18 30
31 34
34 0
34 7
10 21
26 16
18 13
8 21
