35 363 5
0 11
0 19
0 29
0 25
0 12
0 30
0 27
0 3
0 15
0 32
0 9
0 7
0 31
0 13
0 2
0 33
0 20
0 17
0 4
0 34
1 21
1 28
1 6
1 5
1 25
1 12
1 30
1 27
1 3
1 32
1 9
1 7
1 31
1 22
1 33
1 20
1 17
1 26
1 4
1 34
2 11
2 18
2 21
2 19
2 28
2 5
2 29
2 25
2 12
2 30
2 27
2 3
2 15
2 7
2 22
2 24
2 33
2 20
2 17
2 26
2 34
3 11
3 18
3 21
3 19
3 28
3 5
3 29
3 25
3 12
3 30
3 27
3 14
3 32
3 7
3 31
3 13
3 22
3 20
3 17
3 4
4 11
4 18
4 19
4 28
4 6
4 5
4 29
4 25
4 12
4 30
4 27
4 14
4 15
4 32
4 9
4 7
4 13
4 24
4 17
4 34
5 11
5 18
5 21
5 6
5 29
5 25
5 27
5 14
5 15
5 9
5 23
5 31
5 22
5 24
5 33
5 20
5 17
5 26
5 34
6 21
6 19
6 28
6 29
6 25
6 12
6 27
6 14
6 15
6 32
6 9
6 23
6 7
6 31
6 22
6 24
6 33
6 20
6 17
6 26
6 34
7 11
7 18
7 19
7 28
7 30
7 27
7 14
7 32
7 23
7 13
7 22
7 24
7 33
7 20
7 17
7 26
7 34
8 16
9 11
9 18
9 21
9 19
9 28
9 29
9 25
9 12
9 30
9 15
9 32
9 23
9 31
9 13
9 22
9 24
9 33
9 20
9 17
9 34
10 16
11 18
11 21
11 19
11 12
11 30
11 27
11 15
11 32
11 23
11 31
11 13
11 22
11 24
11 20
11 17
11 26
11 34
12 18
12 21
12 28
12 29
12 25
12 30
12 27
12 14
12 32
12 13
12 22
12 24
12 33
12 20
12 26
12 34
13 18
13 21
13 19
13 28
13 29
13 25
13 30
13 27
13 32
13 23
13 31
13 22
13 24
13 20
13 17
13 26
13 34
14 18
14 21
14 19
14 28
14 29
14 30
14 27
14 15
14 32
14 23
14 31
14 22
14 33
14 20
14 17
14 26
15 18
15 21
15 29
15 25
15 30
15 23
15 31
15 22
15 33
15 17
15 26
17 18
17 21
17 19
17 28
17 29
17 25
17 30
17 27
17 32
17 23
17 31
17 22
17 24
17 33
17 26
17 34
18 19
18 28
18 23
18 22
18 33
18 20
19 21
19 28
19 25
19 30
19 27
19 31
19 24
19 33
19 26
19 34
20 21
20 28
20 25
20 27
20 32
20 31
20 24
21 28
21 29
21 25
21 30
21 27
21 31
21 22
21 24
21 26
21 34
22 28
22 25
22 27
22 32
22 23
22 24
22 33
22 26
22 34
23 28
23 25
23 30
23 27
23 32
23 31
23 24
23 33
23 26
23 34
24 28
24 29
24 25
24 30
24 31
24 33
24 26
24 34
25 28
25 30
25 27
25 32
25 33
25 26
25 34
26 28
26 27
26 32
26 31
26 33
27 29
27 32
27 33
27 34
28 29
28 30
28 32
28 31
28 34
29 32
29 31
29 34
30 32
30 31
31 32
31 33
32 33
33 34
33 32
14 15
2 15
2 26
33 23
8 6
23 10
16 7
16 31
8 14
