30 102 5
0 20
0 9
0 21
0 1
0 19
0 7
0 3
0 27
0 12
0 23
0 17
1 9
1 21
1 10
1 4
1 19
1 3
1 12
1 23
1 17
2 8
2 28
2 16
2 24
2 5
2 11
2 15
3 20
3 9
3 21
3 19
3 27
3 12
3 23
4 20
4 9
4 21
4 19
4 12
4 23
4 17
5 18
5 28
5 16
5 6
5 14
6 18
6 28
6 24
7 20
7 9
7 12
7 17
8 16
8 24
8 15
9 21
9 10
9 27
9 12
9 23
9 17
10 19
10 27
10 12
10 23
11 28
11 16
11 14
11 24
11 15
12 20
12 19
12 27
12 23
12 17
13 25
13 26
13 29
14 28
14 24
14 15
15 18
15 28
15 24
16 18
16 28
17 20
17 21
17 23
18 28
18 24
19 20
19 21
19 23
20 27
21 27
22 25
22 26
22 29
25 29
26 29
7 19
0 23
23 4
9 20
10 17
3 25
18 21
26 20
1 5
13 19
