32 213 5
0 13
0 17
0 4
0 14
0 22
0 9
0 5
0 16
0 25
0 31
0 23
0 28
0 15
0 2
0 8
0 19
0 6
1 12
1 3
1 21
2 13
2 17
2 4
2 24
2 14
2 30
2 22
2 9
2 16
2 25
2 29
2 31
2 20
2 28
2 15
2 8
2 19
2 6
3 18
3 12
3 21
4 13
4 7
4 14
4 30
4 22
4 9
4 5
4 26
4 23
4 20
4 28
4 15
4 8
4 19
4 6
5 24
5 7
5 14
5 30
5 22
5 9
5 29
5 26
5 23
5 28
5 15
5 8
5 19
5 6
6 13
6 17
6 11
6 24
6 14
6 22
6 16
6 29
6 31
6 23
6 20
6 28
7 13
7 17
7 11
7 24
7 30
7 9
7 16
7 25
7 29
7 26
7 31
7 23
7 20
7 28
7 8
7 19
8 17
8 24
8 14
8 30
8 22
8 9
8 16
8 20
8 28
8 15
8 19
9 13
9 17
9 11
9 24
9 14
9 30
9 22
9 16
9 25
9 29
9 26
9 23
9 20
9 15
9 19
11 13
11 14
11 30
11 22
11 16
11 29
11 26
11 23
11 20
11 15
11 19
12 18
12 21
13 14
13 25
13 26
13 31
13 20
13 15
13 19
14 17
14 24
14 22
14 16
14 25
14 26
14 31
14 20
14 28
15 17
15 24
15 30
15 22
15 16
15 25
15 29
15 19
16 17
16 24
16 30
16 29
16 26
16 31
16 23
16 20
16 28
16 19
17 24
17 30
17 22
17 31
17 23
17 20
17 28
17 19
19 24
19 25
19 26
19 31
19 23
19 20
20 30
20 22
20 26
20 23
22 30
22 25
22 29
22 23
22 28
23 24
23 30
23 25
23 29
23 26
24 30
24 25
24 29
24 28
25 30
25 26
25 31
25 28
26 30
26 29
26 31
28 30
28 29
30 31
6 15
8 16
6 29
15 29
20 5
13 1
21 31
27 11
18 5
31 18
