34 213 5
0 8
0 11
0 20
0 7
0 4
0 24
0 13
0 18
0 31
0 32
0 1
0 28
0 3
0 29
0 25
0 16
0 19
1 11
1 17
1 20
1 5
1 4
1 13
1 18
1 31
1 32
1 27
1 3
1 16
1 19
2 33
2 12
3 8
3 11
3 17
3 20
3 4
3 24
3 13
3 18
3 31
3 32
3 14
3 28
3 29
3 16
3 19
4 8
4 11
4 15
4 5
4 7
4 24
4 13
4 18
4 31
4 32
4 14
4 28
4 30
4 29
4 25
4 26
5 17
5 20
5 13
5 31
5 14
5 30
5 29
5 25
5 16
5 26
5 19
6 21
6 9
7 8
7 17
7 20
7 15
7 24
7 32
7 14
7 30
7 29
7 26
8 11
8 17
8 20
8 15
8 24
8 18
8 27
8 14
8 28
8 29
8 26
9 23
9 21
9 10
10 23
10 21
11 17
11 20
11 24
11 13
11 31
11 32
11 14
11 28
11 29
11 16
11 26
13 24
13 27
13 14
13 29
13 16
13 26
13 19
14 17
14 20
14 15
14 24
14 18
14 31
14 32
14 27
14 28
14 30
14 29
14 25
14 19
15 17
15 20
15 24
15 18
15 31
15 32
15 27
15 28
15 29
15 25
15 16
15 26
15 19
16 17
16 20
16 24
16 32
16 27
16 28
16 30
16 29
16 25
16 26
17 24
17 18
17 31
17 32
17 28
17 29
17 25
17 26
17 19
18 20
18 31
18 32
18 27
18 28
18 29
18 25
18 26
18 19
19 20
19 24
19 32
19 28
19 29
19 25
20 24
20 31
20 32
20 27
20 28
20 30
20 29
20 26
21 23
24 31
24 32
24 27
24 28
24 30
24 29
24 25
25 31
25 32
25 27
25 29
25 26
26 31
26 32
26 28
27 32
27 28
28 32
28 30
29 32
29 30
30 31
30 32
31 32
26 27
26 16
17 25
16 29
17 30
23 14
26 21
31 21
28 21
31 33
