34 286 5
0 23
0 22
0 17
0 15
0 9
0 8
0 6
0 13
0 7
0 18
0 12
0 20
0 24
0 33
0 27
0 11
0 30
1 2
1 16
2 16
2 5
3 23
3 19
3 25
3 22
3 32
3 15
3 21
3 8
3 10
3 14
3 6
3 13
3 7
3 18
3 24
3 31
3 33
3 27
3 11
3 30
4 16
4 5
6 23
6 28
6 19
6 25
6 26
6 29
6 22
6 17
6 8
6 10
6 14
6 13
6 18
6 12
6 20
6 24
6 31
6 33
6 27
6 30
7 23
7 28
7 19
7 26
7 29
7 22
7 17
7 21
7 9
7 10
7 14
7 13
7 18
7 12
7 31
7 33
7 27
7 11
8 23
8 25
8 26
8 29
8 32
8 17
8 21
8 9
8 10
8 14
8 13
8 18
8 12
8 20
8 24
8 31
8 33
8 27
8 11
9 25
9 26
9 29
9 22
9 32
9 17
9 21
9 14
9 13
9 18
9 12
9 20
9 24
9 33
9 11
10 28
10 19
10 26
10 22
10 32
10 17
10 15
10 13
10 18
10 12
10 24
10 33
10 27
10 30
11 23
11 28
11 25
11 26
11 29
11 32
11 17
11 13
11 12
11 20
11 24
11 27
11 30
12 28
12 25
12 26
12 29
12 32
12 13
12 18
12 20
12 31
12 27
12 30
13 23
13 19
13 25
13 26
13 29
13 22
13 32
13 17
13 14
13 24
13 31
13 33
13 27
14 23
14 28
14 19
14 25
14 22
14 15
14 21
14 18
14 20
14 24
14 27
14 30
15 28
15 26
15 29
15 22
15 20
15 31
15 33
15 27
15 30
17 23
17 28
17 19
17 25
17 26
17 22
17 32
17 21
17 18
17 20
17 24
17 27
17 30
18 23
18 28
18 19
18 25
18 26
18 32
18 21
18 20
18 24
18 31
18 33
18 27
18 30
19 23
19 28
19 25
19 26
19 29
19 22
19 32
19 21
19 30
20 22
20 32
20 21
20 31
20 33
20 27
21 23
21 25
21 26
21 22
21 32
21 24
21 31
21 33
21 27
21 30
22 23
22 26
22 29
22 32
22 31
22 33
22 30
23 26
23 29
23 32
23 24
23 31
23 33
24 25
24 26
24 29
24 32
24 31
24 33
24 27
24 30
25 26
25 32
25 31
25 33
25 30
26 28
26 29
26 32
26 31
26 27
27 28
27 29
27 31
27 33
27 30
28 29
28 31
28 33
29 32
29 33
29 30
30 32
30 31
30 33
31 32
31 33
32 33
30 33
20 18
29 12
30 18
28 14
5 7
14 2
22 5
5 28
16 25
