27 193 5
0 19
0 15
0 8
0 10
0 6
0 16
0 21
0 22
0 11
0 2
0 5
0 7
0 24
0 18
0 26
0 14
0 4
1 12
1 19
1 3
1 15
1 8
1 10
1 6
1 16
1 21
1 22
1 11
1 2
1 5
1 20
1 7
1 24
1 26
1 14
2 12
2 19
2 15
2 10
2 6
2 21
2 22
2 11
2 5
2 20
2 7
2 24
2 18
2 26
2 14
2 4
3 12
3 19
3 15
3 8
3 10
3 6
3 16
3 21
3 11
3 5
3 20
3 7
3 24
3 18
3 26
3 4
4 25
4 19
4 15
4 10
4 6
4 16
4 22
4 11
4 20
4 7
4 18
5 25
5 19
5 15
5 8
5 6
5 16
5 21
5 22
5 11
5 24
5 18
5 26
5 14
6 25
6 19
6 8
6 16
6 21
6 22
6 20
6 7
6 24
6 18
6 14
7 12
7 19
7 15
7 10
7 16
7 21
7 11
7 20
7 18
7 26
7 14
8 12
8 25
8 15
8 10
8 16
8 21
8 11
8 20
8 18
8 26
9 17
9 13
9 23
10 12
10 25
10 19
10 15
10 16
10 22
10 11
10 18
10 26
10 14
11 12
11 25
11 19
11 16
11 22
11 20
11 24
11 18
11 26
11 14
12 19
12 15
12 16
12 21
12 20
12 26
13 17
13 23
14 19
14 16
14 21
14 20
14 24
14 18
14 26
15 25
15 19
15 22
15 24
15 18
15 26
16 21
16 22
16 18
17 23
18 25
18 19
18 21
18 22
18 20
18 24
18 26
19 25
19 21
19 20
19 24
19 26
20 25
20 24
21 22
21 24
21 26
22 24
22 26
24 25
24 26
25 26
9 23
11 12
19 16
19 8
20 10
19 13
9 11
0 17
2 23
16 23
