33 168 5
0 24
0 4
0 16
0 9
1 2
1 10
1 26
1 18
1 3
1 31
1 28
1 12
1 23
1 27
1 7
1 32
1 8
1 21
1 6
2 25
2 11
2 10
2 26
2 18
2 3
2 31
2 28
2 23
2 19
2 27
2 32
2 8
2 6
3 10
3 26
3 18
3 12
3 23
3 19
3 27
3 7
3 32
3 29
3 8
3 21
3 6
4 20
4 24
4 30
4 9
5 15
6 25
6 11
6 10
6 26
6 31
6 28
6 23
6 19
6 32
6 29
6 8
6 21
7 11
7 10
7 26
7 31
7 28
7 12
7 19
7 27
7 29
8 25
8 11
8 10
8 26
8 28
8 12
8 23
8 19
8 27
8 29
8 21
9 20
9 24
9 14
9 17
9 16
9 30
10 25
10 11
10 26
10 18
10 31
10 28
10 23
10 19
10 27
10 29
10 21
11 25
11 31
11 28
11 12
11 19
11 27
11 32
12 25
12 26
12 18
12 31
12 23
12 19
12 27
12 32
13 20
13 22
13 14
13 17
13 16
13 30
14 20
14 22
14 17
14 30
16 20
16 22
17 20
17 22
18 25
18 31
18 28
18 23
18 27
18 32
19 26
19 31
19 23
19 27
19 32
19 29
19 21
20 22
20 24
20 30
21 25
21 23
21 32
21 29
23 25
23 26
23 31
23 27
24 30
25 26
25 28
25 27
25 29
26 31
26 32
26 29
27 31
27 28
27 29
28 32
28 29
29 32
31 32
10 23
10 8
8 31
18 10
26 1
10 24
10 5
25 24
14 29
2 13
