26 111 5
0 11
0 13
0 25
0 21
0 14
0 4
0 1
1 3
1 11
1 13
1 21
1 14
1 4
2 6
2 19
2 12
2 8
2 9
2 24
2 17
2 10
2 7
2 22
2 16
2 18
3 5
3 11
3 13
3 25
3 21
3 4
4 5
4 11
4 13
4 25
4 21
5 11
5 25
5 14
6 19
6 12
6 8
6 20
6 9
6 24
6 17
6 7
6 22
6 15
6 18
7 19
7 12
7 8
7 23
7 20
7 24
7 17
7 22
7 15
7 16
7 18
8 12
8 23
8 20
8 9
8 24
8 17
8 22
8 15
8 16
9 23
9 20
9 10
9 22
9 16
10 19
10 12
10 23
10 24
10 17
11 13
11 25
12 17
12 22
12 16
13 25
14 21
15 19
15 23
15 20
15 17
15 16
16 17
16 22
16 18
17 20
17 22
18 23
18 20
18 24
18 22
19 23
19 24
19 22
20 23
20 24
20 22
21 25
22 23
22 24
23 24
17 18
0 25
6 10
16 2
3 1
17 21
0 19
6 5
15 1
21 16
