31 101 5
0 14
0 8
0 20
0 23
0 29
0 15
0 25
0 24
0 18
1 2
2 21
3 8
3 17
3 20
3 12
3 10
3 5
4 26
4 14
4 22
4 8
4 12
4 7
4 10
4 5
5 22
5 13
5 8
5 19
5 17
5 12
5 6
5 7
5 24
6 26
6 22
6 29
6 24
7 26
7 11
7 17
7 20
7 23
7 15
7 10
7 24
8 11
8 13
8 19
8 17
8 29
8 15
8 10
8 25
9 21
10 26
10 28
10 17
10 15
10 25
10 18
11 22
11 28
11 20
11 12
11 29
11 18
12 14
12 13
12 28
12 15
12 25
13 19
13 25
13 18
14 20
14 15
14 25
15 25
16 30
16 21
17 19
17 23
17 29
17 24
17 18
18 22
18 23
18 29
18 25
18 24
19 24
20 22
20 23
20 25
22 26
22 28
23 24
24 26
25 29
26 29
5 10
26 7
3 0
14 13
23 3
30 26
10 9
11 27
16 3
2 11
