34 111 5
0 14
0 7
0 13
0 3
0 2
0 11
0 33
1 29
1 31
1 27
1 22
1 28
1 10
1 4
1 16
1 5
2 14
2 7
2 8
2 13
2 3
2 24
2 33
3 14
3 8
3 11
3 24
3 33
4 29
4 31
4 27
4 22
4 28
4 10
4 21
4 5
5 29
5 31
5 27
5 22
5 28
5 10
5 12
5 16
5 21
6 23
6 30
7 14
7 8
7 24
7 33
8 11
8 24
8 33
9 17
9 26
9 25
9 20
9 18
9 15
9 32
10 29
10 31
10 22
10 28
10 12
10 16
10 21
11 14
11 13
11 33
12 29
12 31
12 27
12 28
12 16
13 14
13 24
13 33
14 33
15 26
15 25
15 20
15 32
16 31
16 22
16 28
16 21
17 26
17 20
17 18
17 32
18 26
18 20
19 23
20 26
20 25
20 32
21 29
21 31
21 22
21 28
22 27
22 28
23 30
25 26
25 32
26 32
27 29
27 28
29 31
4 31
5 1
10 22
29 28
0 7
32 27
32 29
14 26
28 33
30 0
