19 107
2 11
7 14
2 14
2 0
4 9
4 13
5 7
6 15
4 12
1 16
10 5
14 4
9 18
0 12
18 6
12 11
12 6
2 18
1 7
11 3
13 15
11 0
2 10
16 8
11 4
15 2
9 17
16 11
1 11
12 8
16 13
6 14
10 1
5 9
4 15
0 5
7 8
6 5
0 10
15 9
13 17
6 11
18 0
7 3
1 6
1 14
0 9
18 5
13 5
2 6
14 17
15 14
17 4
15 12
2 8
17 3
1 5
12 16
8 4
9 14
8 1
17 12
1 3
16 4
3 5
3 6
10 17
11 5
15 10
4 5
17 1
18 12
2 12
17 0
16 9
4 1
16 5
12 7
17 7
5 17
2 9
12 10
16 15
10 18
11 10
15 7
10 8
0 3
10 13
18 17
7 2
4 10
13 3
17 6
15 8
15 3
6 13
15 1
16 3
11 17
18 13
7 9
13 14
7 0
8 17
12 9
0 16
