18 106
3 16
1 3
10 13
10 14
2 17
8 3
7 8
9 14
11 6
7 0
14 11
17 8
2 9
3 11
7 2
15 17
10 11
2 14
6 13
3 17
2 8
17 12
7 4
15 11
7 13
0 10
6 5
7 1
8 13
2 3
2 5
2 6
10 2
14 12
6 7
10 5
7 9
7 5
11 8
16 6
10 15
9 13
6 8
11 9
5 3
11 7
0 2
14 5
5 13
17 1
1 11
17 13
9 3
6 15
8 14
2 4
16 11
11 2
14 16
6 17
10 1
14 0
17 16
14 13
4 13
10 4
2 1
17 4
7 17
8 12
4 9
12 6
13 1
6 10
16 8
6 14
14 7
3 6
8 4
11 12
12 15
15 0
16 13
0 4
6 1
17 9
1 9
12 10
16 9
9 12
16 10
5 11
0 16
9 0
6 9
2 16
13 3
15 13
16 7
11 13
0 13
4 6
9 15
14 3
11 0
14 1
