20 110
18 5
10 14
14 1
3 6
15 13
5 7
13 10
9 15
15 17
13 18
18 6
5 15
14 19
11 15
9 16
17 16
12 8
10 3
6 5
10 12
8 14
15 14
12 19
4 2
7 11
17 4
1 6
19 6
6 7
13 2
19 18
19 9
6 4
12 11
4 15
0 8
6 8
1 17
15 12
8 3
7 12
6 14
18 3
0 15
7 10
5 14
16 2
16 6
12 13
5 0
3 15
4 13
5 1
12 14
6 17
13 9
4 7
17 12
12 4
6 15
0 1
10 5
0 14
7 1
18 1
11 17
2 10
16 14
14 4
14 7
14 11
13 3
2 9
0 2
9 5
18 2
3 4
18 9
4 18
16 7
16 12
8 2
1 9
10 18
9 11
2 7
13 8
17 9
9 12
1 15
19 2
1 11
15 2
1 10
18 0
14 9
16 1
6 2
1 8
0 11
11 5
5 19
13 0
16 4
10 4
14 3
1 2
5 8
10 16
16 0
