20 116
16 15
19 2
7 17
2 7
9 2
5 15
14 19
2 0
14 9
17 13
7 9
7 4
4 14
2 14
12 17
12 11
10 16
17 16
1 18
5 11
9 18
19 4
12 4
19 11
19 6
5 13
11 18
0 3
4 9
6 10
14 6
17 0
5 4
1 10
17 19
3 18
18 12
5 6
2 6
12 2
4 2
3 8
18 10
8 9
0 18
12 14
5 7
10 2
8 17
9 16
7 10
14 18
17 1
12 15
13 19
2 18
1 15
10 19
3 5
12 6
12 1
8 11
14 7
8 1
11 0
2 5
0 1
6 4
4 1
10 4
14 0
8 6
1 2
18 6
3 2
13 6
17 18
5 12
15 2
16 4
17 14
13 7
7 11
15 9
6 1
7 19
8 0
10 15
1 7
15 17
7 15
11 4
11 3
2 11
13 15
15 18
8 18
18 4
19 1
8 13
4 17
16 19
11 14
5 17
3 12
13 18
18 7
8 12
3 1
2 17
8 5
6 3
16 18
13 3
0 5
5 14
