19 104
1 5
7 8
8 13
9 17
0 7
12 10
2 15
6 11
7 1
5 6
12 13
9 6
3 16
15 9
9 5
0 18
4 15
8 6
2 12
0 1
16 10
12 15
2 11
18 11
17 7
2 6
13 6
2 18
3 12
9 4
12 16
11 8
13 14
7 18
7 3
1 16
7 11
17 6
7 12
3 6
18 6
17 14
8 9
6 16
8 3
16 15
18 4
15 11
9 12
5 15
1 9
9 2
10 5
14 6
13 10
9 18
16 14
14 3
2 13
16 2
15 1
4 12
4 16
0 6
15 3
1 4
17 15
14 2
4 3
16 18
15 8
0 13
0 15
11 5
14 18
8 5
2 5
11 1
7 16
2 0
4 5
0 12
7 14
7 13
4 8
11 10
17 18
5 16
2 10
14 1
11 16
6 12
3 13
8 17
13 11
8 10
12 17
1 8
11 9
11 3
16 13
17 5
6 1
10 7
