20 121
0 16
19 11
15 19
8 19
9 12
10 9
8 12
12 0
7 0
10 14
5 1
1 8
19 18
1 11
15 9
11 9
11 4
1 3
8 0
16 7
1 4
8 4
19 17
7 15
6 2
10 5
1 14
3 18
2 15
3 5
7 14
11 6
16 3
6 5
4 19
15 18
11 17
15 6
10 11
7 3
19 13
2 9
4 9
11 12
19 9
3 17
6 3
12 3
3 14
18 4
12 15
2 11
5 2
10 12
0 9
14 18
17 4
12 13
15 4
12 14
8 15
10 7
6 13
12 17
14 16
1 9
10 13
19 2
1 19
14 4
13 11
17 8
1 2
13 0
15 1
6 9
16 4
12 7
3 0
0 6
14 5
16 5
17 18
7 19
7 6
14 8
3 2
16 12
15 5
18 7
13 16
7 1
16 1
6 18
9 16
19 3
8 3
2 8
11 0
19 0
9 18
15 17
10 4
9 17
8 13
19 6
0 2
6 12
14 6
8 16
5 12
10 2
16 10
5 18
15 13
10 18
13 2
17 16
0 1
2 18
7 9
