18 105
15 14
1 13
1 17
4 13
14 9
11 12
11 13
7 17
4 17
8 16
17 16
0 1
0 16
15 11
10 1
17 3
11 8
9 11
6 2
11 17
12 17
15 2
4 2
15 10
16 13
1 3
7 8
2 8
2 17
0 15
11 14
17 9
4 1
7 6
10 9
4 11
9 3
0 17
3 12
2 1
6 3
16 11
11 7
1 5
16 15
1 9
13 8
5 14
10 7
6 12
9 16
12 8
16 10
2 9
11 10
3 4
15 13
13 5
5 12
2 0
10 14
7 2
5 6
12 16
12 13
10 4
14 3
4 16
9 8
11 3
15 1
10 6
5 7
11 6
7 9
6 17
4 7
10 13
6 16
2 14
17 8
1 7
12 0
3 8
4 6
2 3
15 7
4 8
0 5
7 12
13 7
9 15
2 13
9 5
12 2
0 13
5 17
4 14
2 5
4 0
13 9
14 0
10 0
12 14
5 11
