19 100
3 11
15 8
18 12
7 9
10 15
2 1
14 11
18 16
10 12
8 7
3 2
3 6
7 12
5 4
15 16
16 5
14 0
0 1
1 18
7 10
2 6
4 6
2 4
10 0
2 13
11 9
3 7
18 5
18 11
13 0
11 5
15 9
10 16
8 5
3 18
6 0
1 14
4 18
2 11
4 3
17 1
4 12
10 3
1 16
18 9
17 3
0 9
14 10
14 3
5 12
12 13
1 3
8 16
6 12
13 14
10 9
17 11
5 2
13 5
4 8
5 15
2 8
17 10
14 9
6 7
15 14
17 16
1 13
6 13
0 12
18 7
18 2
10 5
13 17
14 16
12 3
2 7
11 12
5 17
14 2
6 18
1 7
9 4
9 3
0 2
13 4
1 11
1 4
15 3
15 1
1 12
4 17
14 7
6 14
10 11
4 15
13 3
18 0
9 2
17 15
