20 120
0 18
0 7
1 6
0 5
1 0
19 4
0 15
1 12
17 15
13 9
9 16
16 14
18 19
14 6
18 5
3 6
8 16
1 18
2 13
8 5
17 10
6 18
13 6
19 16
5 19
18 4
7 18
5 15
11 16
12 15
12 5
9 5
0 10
8 14
15 13
7 9
19 11
16 1
3 13
2 15
12 19
11 9
11 8
14 9
4 13
12 7
15 9
5 10
12 4
8 19
17 3
17 0
8 7
19 9
0 9
1 5
8 6
0 16
10 2
5 4
13 14
2 4
3 8
1 8
6 11
3 1
7 13
13 0
12 2
17 12
10 13
16 2
4 15
6 5
11 2
12 11
13 5
11 4
6 0
7 16
10 11
4 16
17 18
8 4
12 13
17 9
11 15
12 9
14 5
10 1
12 8
14 17
13 1
18 14
2 5
3 0
13 11
8 10
1 14
18 13
5 11
6 15
18 9
10 18
3 5
19 0
2 18
7 19
2 14
11 0
13 19
16 18
14 12
12 16
18 3
6 2
7 14
12 6
10 14
15 18
