19 103
1 13
10 12
4 15
17 3
1 14
5 2
12 4
3 4
11 16
8 15
14 3
16 14
11 8
6 9
16 3
4 7
6 17
17 16
14 8
18 0
8 4
7 18
5 17
13 5
1 17
6 13
16 12
2 7
4 13
10 1
15 14
18 14
16 15
17 9
3 0
2 15
13 2
11 10
9 5
2 3
12 9
7 17
3 6
10 3
9 14
0 1
9 2
5 14
0 6
14 7
18 13
2 16
2 0
5 15
0 5
6 5
17 14
4 9
15 9
5 11
15 10
7 3
10 14
1 3
17 10
3 18
7 8
11 17
8 0
14 12
9 18
7 10
4 6
6 16
16 1
4 14
8 10
18 8
1 9
13 7
9 16
7 0
10 9
2 18
12 13
18 11
1 6
0 12
18 1
18 15
16 8
11 6
7 1
16 18
3 9
18 5
17 15
13 11
4 10
3 11
4 18
10 2
17 13
