20 113
19 15
11 18
14 0
2 3
7 19
18 3
19 2
18 1
1 6
5 12
16 12
19 5
14 8
2 6
17 15
12 11
4 11
0 8
1 5
4 2
1 7
16 5
19 9
7 9
12 0
10 8
17 8
9 0
13 7
4 15
4 14
18 0
19 8
18 15
12 2
16 15
3 11
11 6
16 18
11 17
6 15
17 18
1 4
15 12
10 11
18 5
17 9
14 15
3 19
13 12
8 12
8 3
4 17
7 14
10 15
4 3
6 3
18 6
17 14
11 15
9 10
10 5
19 1
10 18
12 10
19 14
2 10
11 5
13 18
7 6
16 6
0 5
13 6
14 18
17 19
3 0
0 6
8 5
13 15
16 10
17 7
2 16
5 17
1 14
4 0
10 17
9 16
7 11
10 14
19 13
5 7
12 19
0 15
0 16
7 4
14 5
0 2
14 11
1 2
12 18
5 15
6 8
16 13
9 11
9 2
16 8
6 19
1 17
11 13
10 19
11 16
16 14
7 16
