20 110
10 0
5 6
6 19
16 3
8 12
19 13
18 4
2 10
5 7
7 17
2 3
4 2
19 9
10 17
10 8
15 1
9 7
19 17
18 0
3 18
0 15
4 3
19 1
19 10
0 1
13 17
6 9
5 0
7 8
18 14
15 2
11 9
12 3
13 10
17 16
17 1
7 11
2 14
12 6
3 14
7 19
7 6
16 1
6 18
2 19
6 3
8 19
1 14
11 1
17 18
7 10
1 12
19 3
13 6
18 7
4 6
0 14
11 18
17 4
5 11
13 2
10 11
14 12
11 17
19 5
4 0
14 4
9 3
12 17
15 16
12 0
6 2
16 19
11 14
10 5
2 1
12 18
15 11
19 15
12 2
3 10
4 16
19 4
0 6
2 5
8 3
15 14
10 12
2 9
17 8
17 3
5 15
4 8
1 18
8 1
0 8
15 8
18 13
3 7
15 17
14 6
8 11
10 18
2 11
4 7
17 0
8 13
9 18
3 0
4 11
