20 114
1 8
2 14
18 12
13 2
10 0
6 9
6 11
11 8
5 0
13 10
11 0
13 4
8 9
0 6
11 4
9 19
5 13
16 19
16 5
5 17
1 3
19 1
2 10
12 9
4 7
5 4
8 0
9 5
14 4
15 19
13 15
10 11
7 18
3 12
16 10
17 4
6 10
11 9
8 17
12 5
12 11
16 13
17 14
2 7
13 11
5 14
17 16
6 8
9 1
19 11
0 2
17 1
0 1
9 10
2 18
18 10
7 8
19 17
13 18
1 6
18 9
8 2
12 0
6 2
6 16
3 2
14 0
19 4
13 8
13 0
18 17
5 2
16 0
15 6
18 19
13 14
2 4
1 16
9 7
3 17
1 15
4 12
4 6
16 9
11 1
10 14
13 7
7 17
12 16
2 19
10 5
9 14
8 12
17 11
7 1
5 7
10 15
14 15
13 19
7 3
13 12
16 15
6 7
4 15
11 2
3 15
18 11
4 18
7 0
5 3
10 8
3 11
19 0
16 7
