20 124
11 19
13 9
3 11
6 19
10 17
19 17
15 2
0 14
11 5
3 14
14 12
19 2
5 12
15 18
10 15
2 13
7 15
18 7
16 8
4 17
9 0
9 15
18 3
1 15
8 19
11 14
12 7
8 12
10 12
2 12
16 4
13 19
11 9
9 18
9 1
5 9
16 0
15 0
16 1
3 15
15 5
12 9
4 5
7 5
0 10
5 3
12 17
16 5
14 2
16 3
18 6
14 15
4 18
9 7
6 4
1 17
17 9
9 14
6 14
5 18
11 18
11 10
19 9
10 16
13 0
1 10
19 14
1 6
16 9
4 3
4 9
9 10
17 18
16 19
15 17
7 2
3 19
12 19
8 6
17 16
1 8
5 8
18 16
12 16
13 10
6 7
2 10
7 16
5 13
2 0
19 15
2 18
14 5
3 2
15 16
5 17
4 1
13 15
10 6
19 10
19 5
4 2
16 13
16 11
10 14
16 2
16 6
11 15
5 10
5 6
18 13
14 1
2 17
7 14
1 2
3 13
7 11
12 1
4 11
5 1
17 3
0 4
17 11
0 12
