19 107
16 6
2 16
9 17
0 2
10 8
15 18
17 10
3 11
6 1
0 3
8 13
4 16
15 10
16 15
18 11
11 2
16 17
14 16
17 7
17 14
16 11
7 0
10 0
13 12
8 1
13 10
14 0
5 10
9 2
8 6
6 11
6 17
3 7
8 17
1 4
0 9
8 0
7 13
9 12
13 17
2 15
12 18
12 10
3 17
9 1
16 1
7 16
10 4
10 11
13 4
12 15
3 9
12 8
6 2
7 9
8 16
16 12
4 11
18 0
2 3
7 11
14 12
12 0
0 17
1 17
16 9
14 9
18 9
3 13
1 14
7 14
18 3
15 13
6 18
2 4
4 7
15 9
10 2
4 3
4 17
13 11
7 1
9 11
7 10
6 12
9 8
13 5
1 11
0 1
17 5
8 3
9 10
4 0
17 12
14 10
14 2
8 4
0 16
16 10
3 16
14 13
13 16
4 14
16 18
0 13
9 6
0 5
