20 113
18 11
0 8
9 1
12 13
5 15
5 7
6 7
16 0
4 9
3 13
1 5
17 8
17 12
12 6
0 7
0 10
13 19
3 8
14 4
2 6
7 1
8 16
10 17
15 13
11 1
2 14
7 3
0 17
12 19
1 2
11 16
4 10
6 15
12 11
5 3
3 17
15 12
6 8
15 9
4 8
2 3
3 12
10 16
7 16
16 5
3 4
13 14
2 0
14 16
17 18
18 14
6 1
18 15
16 2
19 7
9 5
16 6
8 5
17 11
3 0
9 8
1 4
7 15
0 13
9 16
16 3
2 10
12 4
9 17
7 8
10 12
12 8
7 12
13 18
18 0
10 5
11 0
12 14
2 19
15 19
8 14
10 11
9 19
19 17
2 11
14 0
3 9
4 19
15 17
2 8
2 5
15 11
18 10
3 6
11 5
5 13
14 1
5 12
11 7
12 18
13 2
18 8
17 14
4 0
7 2
0 6
3 19
0 19
14 10
15 2
4 2
3 18
5 19
