20 117
8 2
5 6
8 0
14 19
18 6
16 0
2 10
9 6
14 6
16 19
17 14
2 18
9 14
9 1
15 0
13 1
15 7
19 4
13 14
9 8
5 8
17 2
2 15
18 1
5 19
3 6
12 17
12 8
9 13
14 10
5 15
13 7
13 5
4 17
2 6
11 10
1 6
0 19
4 14
2 19
12 10
4 18
19 17
15 13
14 15
11 16
19 10
18 12
10 4
2 12
19 8
6 19
11 9
19 9
17 1
15 12
3 11
7 9
12 1
7 11
6 11
18 0
0 5
16 5
13 4
7 12
13 8
10 16
11 14
4 8
4 3
13 17
7 2
13 3
16 3
18 17
10 17
3 19
16 17
8 7
15 1
7 0
10 15
3 15
4 6
12 13
19 11
16 9
1 2
3 17
1 10
8 14
0 14
12 16
16 2
18 8
1 4
2 9
0 1
10 13
7 4
19 12
10 18
14 12
13 18
17 0
11 8
16 15
5 14
11 18
5 2
12 11
2 0
5 7
9 18
4 5
16 1
