20 111
15 2
10 9
18 12
16 14
2 6
17 6
16 4
6 10
5 3
2 13
18 14
9 0
4 2
1 14
16 9
10 0
19 17
2 1
10 8
16 17
0 16
9 14
3 13
2 18
18 5
10 15
16 11
2 10
2 12
7 8
1 19
3 6
14 10
17 9
10 12
4 10
2 19
4 13
11 18
3 17
6 18
15 16
4 12
7 0
5 9
15 8
9 18
18 0
17 0
7 4
4 0
15 11
3 9
6 5
0 15
5 11
9 4
5 7
8 16
4 1
7 6
18 13
0 14
8 0
9 7
6 19
4 6
1 12
0 2
16 10
9 1
10 18
12 8
18 17
8 11
4 18
12 15
12 11
1 0
5 19
17 12
14 11
3 16
3 14
19 15
10 17
13 19
8 4
12 13
14 5
3 10
15 5
3 12
4 5
11 1
16 18
18 3
12 19
4 3
8 19
12 9
7 11
6 13
0 12
13 5
11 4
15 18
3 7
4 15
5 12
19 10
