20 110
18 19
9 3
2 5
16 5
13 7
12 14
13 16
15 9
12 1
3 18
17 0
12 15
15 0
11 2
17 18
19 1
18 15
16 9
8 19
9 19
15 4
19 12
0 6
13 6
5 0
12 16
19 3
9 5
14 11
11 1
5 1
15 13
14 6
13 18
6 2
7 4
1 8
4 13
12 11
18 1
11 19
10 17
13 1
0 4
1 16
16 17
8 5
17 15
11 3
5 4
1 2
1 6
17 13
1 17
12 7
4 6
3 13
2 19
4 16
9 18
4 8
12 0
18 7
15 7
11 0
7 8
15 5
5 13
10 13
7 2
8 15
3 17
5 10
6 11
3 12
9 17
18 0
6 12
18 4
16 6
5 17
18 2
9 11
13 11
4 14
11 4
5 7
5 19
8 11
15 16
17 7
1 10
16 2
12 8
8 13
5 11
16 3
8 17
10 14
6 9
10 19
7 16
3 10
2 4
9 14
15 1
3 5
15 11
6 10
2 14
