15 17 101
9 19
9 20
12 26
5 17
12 29
3 19
11 26
8 21
0 30
9 16
11 24
0 23
1 30
6 22
13 18
4 29
4 22
1 19
10 29
8 15
12 28
1 25
0 24
12 19
3 15
10 16
1 26
4 27
4 17
13 29
3 21
1 22
7 29
3 16
1 21
12 25
6 24
9 26
12 24
2 21
6 17
7 26
6 16
5 18
5 19
7 18
7 16
7 27
5 28
4 23
11 27
10 17
3 29
12 21
7 15
3 31
0 20
4 15
9 28
7 19
7 17
4 24
1 18
12 17
0 28
7 21
1 31
5 23
4 18
6 26
9 18
4 28
14 21
3 18
13 20
5 20
4 19
9 15
12 23
11 23
14 26
13 17
11 29
7 28
6 25
0 18
1 15
10 19
5 27
2 27
3 28
4 30
3 23
12 30
0 19
4 16
2 19
0 17
8 27
5 22
11 28
15
