15 16 97
6 22
1 15
13 24
7 29
13 29
6 25
10 17
2 26
10 16
13 25
11 15
4 21
8 17
5 21
9 18
14 16
1 20
9 24
13 18
12 22
11 23
0 23
4 29
9 30
11 28
1 24
14 23
12 21
9 29
0 26
2 17
9 26
7 21
12 20
4 26
11 22
12 27
2 27
2 30
5 28
4 30
9 22
5 27
9 27
0 16
10 30
12 26
8 24
13 22
4 15
1 27
2 16
14 19
11 30
5 30
3 25
3 26
1 22
6 23
2 28
12 17
5 19
8 22
3 19
4 16
9 28
7 16
11 27
12 19
11 25
1 25
9 15
12 16
7 18
11 21
9 19
7 17
5 25
8 15
2 23
4 19
11 19
4 27
13 28
2 21
1 23
5 23
12 15
2 22
10 24
5 15
10 21
5 29
6 26
7 22
5 18
3 23
15
