15 17 113
5 29
9 24
6 19
10 29
1 30
9 15
7 24
9 23
7 21
11 26
4 27
3 27
9 22
1 22
5 27
9 28
10 27
9 31
6 22
6 24
14 16
4 29
9 21
4 26
14 21
4 20
1 29
9 25
14 17
5 21
10 26
11 24
6 23
13 22
4 21
14 23
0 24
4 30
5 22
3 22
4 17
3 15
0 23
6 29
7 18
14 26
3 21
10 18
5 15
3 26
1 26
13 15
13 18
5 28
2 27
3 25
6 20
9 18
10 23
14 31
10 30
3 31
5 20
2 20
1 21
11 18
6 30
14 19
3 17
1 25
14 15
2 18
2 22
3 28
8 25
4 25
7 16
8 26
14 20
5 24
10 24
10 21
10 16
2 26
13 17
5 31
6 16
1 18
11 30
4 22
4 16
13 19
9 17
6 18
14 24
14 25
12 28
10 17
5 30
11 29
0 26
11 20
5 16
4 18
2 25
12 20
10 20
1 19
11 21
12 27
4 24
6 31
2 17
15
