15 13 95
13 22
5 20
3 20
2 26
11 17
14 17
0 25
7 24
0 19
14 16
3 27
2 23
1 24
1 16
13 25
9 15
12 16
13 17
6 21
10 18
14 20
6 23
8 17
7 15
8 16
4 26
2 25
2 18
4 21
7 26
12 17
11 24
9 27
1 23
11 23
12 26
13 15
8 23
5 23
4 25
1 19
12 27
9 16
7 18
2 21
9 21
14 15
3 21
10 16
14 23
10 27
9 22
6 25
4 22
4 17
11 20
9 18
8 25
4 15
3 15
3 24
2 20
5 15
8 20
12 23
10 20
9 19
5 27
7 17
12 25
3 25
14 26
2 24
3 23
0 23
6 24
1 26
0 15
8 21
6 27
0 26
10 17
5 21
14 18
3 16
7 16
8 15
12 18
11 22
3 22
5 18
7 25
10 26
6 18
6 16
13
