15 18 105
8 29
6 28
0 31
2 21
5 19
9 16
13 20
1 25
13 23
10 25
8 21
4 16
10 28
11 30
13 27
1 28
11 31
11 22
9 32
11 21
3 23
3 25
14 28
1 31
4 27
9 26
4 21
10 26
9 18
4 26
8 26
6 24
7 29
10 29
7 24
1 19
12 16
10 24
10 19
2 26
9 27
12 20
13 31
0 27
4 15
12 28
7 30
6 25
10 15
13 26
14 25
3 28
14 26
6 19
7 17
7 23
10 22
2 31
9 21
3 31
12 18
13 30
12 19
8 28
13 18
9 24
8 23
10 17
6 15
4 18
14 15
14 24
5 18
9 31
0 29
9 17
14 29
7 27
14 20
10 20
5 32
10 30
7 26
0 19
14 22
14 27
9 25
2 27
12 23
2 23
7 25
7 19
11 23
7 15
13 17
14 32
4 17
2 24
5 28
1 16
8 17
2 15
7 32
3 19
14 16
15
