25 162
0 7
0 21
0 17
0 19
0 16
0 23
0 14
1 22
1 23
1 10
1 14
1 4
1 18
2 20
2 0
2 19
2 16
2 1
2 11
2 22
2 23
2 10
2 14
2 4
3 4
4 9
5 20
5 7
5 21
5 19
5 1
5 11
5 22
5 10
5 14
5 9
6 21
6 19
6 1
6 22
6 10
6 4
7 13
7 19
7 16
7 11
7 22
7 3
8 2
8 12
8 20
8 0
8 6
8 21
8 13
8 17
8 11
8 22
8 14
8 4
8 9
10 14
10 4
10 9
11 23
11 10
11 3
11 4
12 5
12 20
12 7
12 6
12 17
12 19
12 1
12 11
12 22
12 10
12 14
12 4
12 9
13 17
13 22
13 3
13 14
13 9
14 4
14 9
14 18
15 24
15 12
15 5
15 6
15 13
15 17
15 16
15 1
15 11
15 22
15 23
15 3
15 9
16 22
16 23
16 10
16 14
16 9
17 23
17 10
17 3
17 14
17 4
17 9
17 18
19 16
19 1
19 22
19 10
19 14
19 9
20 7
20 6
20 13
20 17
20 16
20 1
20 11
20 22
20 23
20 10
20 14
20 4
20 9
20 18
21 17
21 19
21 16
21 1
21 22
21 3
21 4
21 18
22 10
22 3
22 18
23 10
23 14
23 4
24 2
24 20
24 0
24 6
24 21
24 13
24 16
24 1
24 11
24 22
24 23
24 10
24 3
24 18
