25 221
0 15
0 7
0 4
0 16
0 9
0 18
0 1
0 3
0 2
0 20
1 3
1 2
2 20
4 16
4 21
4 23
4 1
4 3
4 2
4 20
5 17
5 24
5 12
5 22
5 11
5 13
5 10
5 14
5 0
5 15
5 7
5 6
5 4
5 16
5 9
5 21
5 18
5 1
5 3
6 19
6 4
6 9
6 21
6 18
6 23
6 1
6 3
6 2
6 20
7 6
7 19
7 4
7 16
7 9
7 21
7 18
7 2
7 20
8 11
8 10
8 14
8 0
8 15
8 7
8 19
8 4
8 16
8 21
8 23
8 3
8 2
8 20
9 21
9 18
9 23
9 1
9 3
9 2
9 20
10 14
10 0
10 15
10 7
10 6
10 4
10 16
10 9
10 21
10 23
10 3
10 20
11 13
11 10
11 14
11 0
11 7
11 6
11 19
11 4
11 16
11 18
11 23
11 1
11 3
12 22
12 13
12 14
12 0
12 15
12 6
12 19
12 4
12 16
12 9
12 21
12 18
12 23
12 3
12 2
13 10
13 14
13 0
13 15
13 7
13 19
13 4
13 16
13 21
13 18
13 23
13 1
13 3
13 20
14 15
14 7
14 6
14 19
14 16
14 9
14 21
14 18
14 23
14 1
14 3
14 20
15 6
15 19
15 4
15 16
15 9
15 21
15 18
15 23
15 1
15 3
15 2
15 20
16 9
16 21
16 23
16 1
16 3
16 2
16 20
17 24
17 22
17 8
17 11
17 10
17 14
17 0
17 6
17 9
17 21
17 18
17 23
17 1
17 3
17 2
17 20
18 1
18 3
18 2
19 4
19 9
19 21
19 23
19 1
19 3
19 2
19 20
21 18
21 23
21 1
22 8
22 11
22 10
22 19
22 4
22 16
22 9
22 18
22 2
22 20
23 2
23 20
24 12
24 8
24 11
24 10
24 14
24 15
24 7
24 19
24 16
24 9
24 18
24 23
24 1
24 3
24 20
