25 144
0 18
0 14
0 15
1 10
1 22
1 12
1 6
1 7
1 0
1 14
1 19
1 15
2 13
2 0
2 18
2 14
2 15
3 10
3 7
3 5
3 13
3 17
3 0
3 14
3 9
4 11
4 23
4 21
4 8
4 22
4 12
4 6
4 2
4 13
4 17
4 18
4 14
4 19
4 15
5 20
5 2
5 0
5 18
5 14
5 15
6 7
6 5
6 2
6 14
6 9
7 13
7 0
7 14
7 9
7 15
8 10
8 14
8 19
9 15
10 12
10 7
10 20
10 2
10 17
10 14
11 24
11 1
11 3
11 8
11 22
11 12
11 6
11 5
11 20
11 2
11 17
11 18
11 9
11 19
11 15
12 7
12 5
12 20
12 13
12 18
12 14
12 19
13 17
13 0
13 18
13 9
13 15
14 19
16 11
16 23
16 3
16 21
16 10
16 22
16 20
16 13
16 0
16 18
16 15
17 14
17 9
18 15
19 15
20 13
20 17
20 0
20 18
20 9
21 12
21 7
21 13
21 0
21 18
21 14
21 19
22 6
22 7
22 2
22 13
22 18
22 14
22 15
23 24
23 8
23 12
23 6
23 20
23 17
23 18
23 9
23 15
24 1
24 3
24 8
24 10
24 5
24 2
24 14
24 15
