21 114
0 19
0 4
0 7
0 11
0 12
0 1
0 14
0 3
0 5
0 2
1 17
1 5
1 2
4 9
4 11
4 8
4 14
4 17
4 3
4 5
4 2
5 2
6 0
6 15
6 10
6 9
6 11
6 12
6 5
6 2
7 11
7 12
7 8
7 1
7 14
7 3
8 1
8 14
8 3
9 12
9 8
9 3
9 5
9 2
10 11
10 18
10 12
10 14
10 17
10 2
11 12
11 8
11 1
11 5
12 1
12 3
12 2
13 15
13 4
13 7
13 18
13 12
13 17
13 3
13 5
13 2
14 17
14 5
15 10
15 4
15 7
15 8
15 1
15 3
15 5
16 20
16 0
16 19
16 13
16 15
16 10
16 9
16 18
16 8
16 14
16 5
16 2
17 3
17 5
17 2
18 17
18 3
18 2
19 13
19 15
19 10
19 4
19 9
19 7
19 12
19 1
19 14
19 17
19 3
19 5
20 19
20 4
20 9
20 12
20 1
20 14
20 3
20 5
20 2
