23 175
0 14
0 21
0 2
0 3
0 20
0 7
0 6
0 15
0 5
0 19
0 8
0 10
0 4
1 3
1 20
1 18
1 6
1 22
1 15
1 5
1 19
1 4
2 1
2 3
2 20
2 18
2 22
2 15
2 19
2 8
2 17
2 10
2 4
3 20
3 7
3 6
3 22
3 5
3 19
3 17
3 4
5 19
5 8
5 10
6 22
6 5
6 19
6 8
6 10
6 4
7 18
7 6
7 22
7 15
7 5
7 19
7 8
7 17
7 10
7 4
8 10
9 11
9 13
9 2
9 1
9 3
9 7
9 18
9 6
9 22
9 15
9 19
9 8
9 17
9 10
9 4
10 4
11 13
11 0
11 14
11 21
11 2
11 1
11 3
11 20
11 6
11 15
11 5
11 19
11 8
11 17
11 4
12 9
12 11
12 13
12 0
12 14
12 21
12 1
12 3
12 22
12 15
12 5
12 19
12 8
13 14
13 21
13 2
13 3
13 20
13 18
13 22
13 5
13 19
13 8
13 10
14 21
14 1
14 3
14 20
14 7
14 22
14 5
14 19
14 8
14 17
14 10
15 5
15 19
15 8
15 17
15 4
16 9
16 0
16 21
16 2
16 1
16 3
16 20
16 7
16 18
16 6
16 8
16 17
16 10
16 4
17 10
17 4
18 22
18 19
18 8
18 17
18 10
18 4
19 8
19 10
20 7
20 15
20 5
20 19
20 8
20 17
21 2
21 20
21 7
21 18
21 22
21 15
21 19
21 17
21 10
22 5
22 19
22 17
22 4
