24 187
0 1
0 22
0 10
0 7
0 9
0 13
0 23
0 14
0 21
1 22
1 10
1 4
1 9
1 13
1 14
1 21
2 5
2 0
2 1
2 22
2 10
2 4
2 9
2 13
3 18
3 1
3 22
3 10
3 4
3 9
3 13
3 14
4 9
4 23
4 14
4 21
5 4
5 9
5 13
5 23
5 14
5 21
6 20
6 8
6 19
6 11
6 3
6 2
6 18
6 5
6 0
6 10
6 13
6 21
7 9
7 13
7 23
7 21
8 11
8 3
8 16
8 2
8 18
8 5
8 22
8 10
8 7
8 13
8 14
8 21
9 13
9 23
9 21
10 4
10 7
10 13
10 14
11 3
11 16
11 18
11 0
11 22
11 10
11 4
11 9
11 13
11 14
12 20
12 8
12 19
12 3
12 16
12 2
12 18
12 5
12 1
12 22
12 10
12 7
12 14
12 21
13 23
13 14
13 21
14 21
15 17
15 6
15 19
15 11
15 2
15 18
15 5
15 22
15 4
15 7
15 9
15 13
15 23
15 14
16 2
16 22
16 4
16 7
16 13
16 23
16 14
17 12
17 20
17 8
17 19
17 11
17 16
17 2
17 18
17 1
17 10
17 4
17 7
17 9
17 13
17 14
17 21
18 5
18 0
18 1
18 22
18 10
18 9
18 13
18 23
18 21
19 3
19 16
19 18
19 5
19 0
19 1
19 22
19 4
19 7
19 9
19 13
19 23
19 14
19 21
20 8
20 11
20 3
20 16
20 18
20 5
20 0
20 1
20 10
20 4
20 9
20 23
20 14
20 21
22 10
22 4
22 7
22 9
22 23
22 14
23 14
23 21
