23 126
0 5
0 3
0 16
0 2
0 22
0 21
1 18
1 9
1 5
1 3
1 6
1 11
1 12
1 16
1 22
2 22
2 21
3 6
3 11
3 2
4 7
4 17
4 0
4 10
4 15
4 1
4 5
4 3
4 6
4 11
4 12
4 16
4 22
5 6
5 22
5 21
6 12
6 2
6 22
6 21
7 17
7 0
7 20
7 15
7 18
7 9
7 11
7 2
7 21
8 19
8 4
8 7
8 17
8 14
8 0
8 20
8 10
8 15
8 9
8 3
8 6
8 11
8 12
8 16
8 22
9 11
9 16
9 2
9 22
10 15
10 9
10 5
10 11
10 12
10 21
11 21
12 16
12 2
13 8
13 19
13 7
13 17
13 14
13 20
13 18
13 5
13 3
13 6
13 2
13 22
14 10
14 9
14 5
14 6
14 11
14 12
14 16
14 2
14 22
14 21
15 1
15 6
15 12
15 16
17 0
17 20
17 18
17 3
17 12
17 16
17 2
18 3
18 6
18 16
18 2
18 21
19 4
19 1
19 12
19 2
20 10
20 9
20 11
20 12
20 2
20 21
