22 114
0 10
1 5
1 20
1 17
1 6
1 4
2 5
2 20
2 11
2 21
2 0
3 19
4 0
4 3
4 16
5 20
5 11
5 13
5 17
5 4
5 0
5 10
5 19
6 4
7 14
7 1
7 2
7 5
7 12
7 21
7 13
7 6
7 0
7 18
8 9
8 14
8 1
8 2
8 5
8 20
8 12
8 21
8 13
8 4
8 18
8 3
8 10
8 19
9 1
9 5
9 12
9 17
9 6
9 4
10 19
11 21
11 13
11 17
11 6
11 0
11 16
12 21
12 17
12 6
12 4
12 0
12 18
13 6
13 4
13 0
13 16
14 1
14 5
14 11
14 21
14 13
14 6
14 4
14 0
14 18
14 19
15 7
15 14
15 1
15 13
15 6
15 4
15 10
17 6
17 0
17 18
17 3
17 10
17 19
17 16
18 3
18 10
18 19
18 16
19 16
20 12
20 11
20 13
20 4
20 10
20 19
20 16
21 13
21 17
21 4
21 0
21 18
21 10
21 19
