22 166
1 21
1 6
1 0
2 7
2 8
2 1
2 21
2 6
3 14
3 10
3 20
3 4
3 2
3 12
3 8
3 21
3 6
4 19
4 2
4 12
4 7
4 21
4 6
4 0
5 9
5 15
5 17
5 13
5 11
5 20
5 4
5 19
5 18
5 2
5 12
5 7
5 1
5 21
5 6
5 0
7 1
7 21
7 6
7 0
8 1
8 21
8 6
9 17
9 3
9 13
9 10
9 11
9 20
9 4
9 19
9 18
9 12
9 7
9 8
9 1
9 21
9 6
9 0
10 11
10 19
10 18
10 7
10 6
11 4
11 19
11 18
11 2
11 8
11 1
11 21
11 6
11 0
12 7
12 8
12 21
12 6
13 10
13 11
13 20
13 4
13 19
13 18
13 2
13 12
13 7
13 8
13 1
13 0
14 13
14 11
14 20
14 19
14 2
14 12
14 7
14 8
14 21
14 6
14 0
15 14
15 13
15 10
15 11
15 20
15 4
15 19
15 18
15 2
15 12
15 7
15 1
15 0
16 9
16 17
16 3
16 14
16 13
16 11
16 20
16 4
16 18
16 2
16 12
16 7
16 8
16 1
16 6
17 14
17 13
17 10
17 11
17 20
17 19
17 18
17 2
17 12
17 7
17 8
17 1
17 21
17 0
18 2
18 12
18 7
18 21
18 6
18 0
19 18
19 12
19 8
19 1
19 6
19 0
20 4
20 19
20 18
20 12
20 7
20 1
20 21
21 6
