19 112
1 9
1 15
1 7
1 2
1 3
1 5
1 0
2 3
2 0
4 3
4 5
4 0
5 0
6 10
6 17
6 1
6 9
6 14
6 15
6 7
6 2
6 3
6 5
6 0
7 4
7 2
7 0
8 13
8 18
8 12
8 6
8 10
8 17
8 1
8 9
8 14
8 15
8 7
8 4
8 3
8 5
8 0
9 14
9 4
9 2
9 5
9 0
10 17
10 1
10 9
10 14
10 7
10 4
10 2
10 0
11 8
11 13
11 12
11 10
11 17
11 1
11 9
11 14
11 15
11 7
11 4
11 5
11 0
12 6
12 10
12 17
12 1
12 14
12 7
12 4
12 2
12 5
12 0
13 18
13 12
13 10
13 9
13 15
13 4
13 2
13 3
13 5
15 7
15 4
15 2
15 3
16 6
16 17
16 1
16 9
16 14
16 7
16 4
16 2
16 3
16 0
17 1
17 15
17 3
18 12
18 17
18 1
18 9
18 14
18 15
18 4
18 2
