24 130
0 18
0 8
0 5
0 14
0 6
0 7
0 10
0 17
0 1
0 19
1 19
2 8
2 5
2 6
2 9
2 7
2 16
2 17
2 12
2 4
2 20
3 7
3 16
3 12
3 4
3 20
3 22
3 19
4 22
5 6
5 7
5 12
5 20
5 1
5 19
6 9
6 3
6 7
6 16
6 20
6 1
7 16
7 4
7 1
7 19
8 6
8 9
8 3
8 1
8 19
9 10
9 16
9 17
9 20
9 22
10 16
10 4
10 22
11 18
11 2
11 15
11 8
11 6
11 3
11 17
11 22
11 1
11 19
12 1
12 19
13 15
13 14
13 6
13 3
13 10
13 17
13 12
13 4
13 20
13 22
13 19
14 6
14 17
14 22
14 1
15 5
15 6
15 9
15 7
15 10
15 4
15 1
15 19
16 12
16 22
17 20
17 1
18 2
18 15
18 9
18 7
18 10
18 16
18 17
18 20
20 22
20 1
21 11
21 8
21 5
21 14
21 9
21 7
21 10
21 20
21 1
22 1
23 0
23 11
23 2
23 13
23 15
23 8
23 5
23 14
23 3
23 17
23 12
23 20
23 1
