24 147
0 5
0 6
0 2
0 18
0 17
0 23
1 18
2 22
3 20
3 12
3 7
3 14
3 5
3 6
3 2
3 22
3 23
4 3
4 15
4 20
4 21
4 13
4 16
4 14
4 5
4 10
4 19
4 6
4 2
4 18
4 17
4 22
4 23
5 10
5 8
5 2
5 18
5 17
5 22
6 1
6 2
6 18
6 23
7 14
7 0
7 9
7 10
7 19
8 18
8 22
9 5
9 2
9 18
9 17
9 23
10 8
10 6
10 1
10 2
10 18
10 17
10 22
11 4
11 20
11 13
11 5
11 19
11 2
11 18
11 17
12 7
12 16
12 14
12 9
12 5
12 10
12 8
12 6
12 1
12 2
12 18
12 22
12 23
13 12
13 7
13 14
13 9
13 5
13 19
13 6
13 18
13 17
13 22
13 23
14 9
14 19
14 8
14 6
14 2
14 18
15 20
15 13
15 12
15 7
15 16
15 14
15 8
15 6
15 2
16 14
16 9
16 10
16 8
16 6
16 1
16 2
16 18
16 23
17 23
18 23
19 8
19 6
19 1
19 2
19 18
20 21
20 13
20 12
20 10
20 8
20 6
20 1
20 2
20 17
20 22
20 23
21 7
21 16
21 5
21 10
21 8
21 6
21 18
21 17
21 22
21 23
22 23
