25 100
0 3
0 5
0 1
0 6
0 12
0 8
1 6
1 10
2 23
2 11
2 6
2 10
2 13
3 10
4 19
4 5
5 1
5 8
6 10
6 8
7 19
7 16
7 5
7 21
7 8
8 13
9 23
9 7
9 19
9 0
9 16
9 3
9 21
9 8
10 12
11 16
11 6
11 18
11 10
11 8
11 13
14 23
14 16
14 6
14 18
14 8
15 1
15 10
15 12
15 8
16 15
16 5
16 1
16 6
16 18
16 8
17 24
17 9
17 7
17 4
17 0
17 1
17 21
17 10
17 8
19 3
19 18
19 8
19 13
20 11
20 1
20 21
21 18
21 8
22 2
22 23
22 7
22 16
22 3
22 15
22 5
22 1
22 6
23 7
23 4
23 3
23 15
23 1
23 6
23 18
23 10
23 8
23 13
24 14
24 20
24 9
24 11
24 4
24 6
24 10
