22 157
0 10
0 18
0 11
0 14
0 4
1 6
1 19
1 10
1 8
1 2
1 16
1 9
1 11
1 4
2 18
2 9
2 11
2 21
2 14
3 17
3 5
3 19
3 7
3 18
3 16
3 21
3 14
5 19
5 0
5 10
5 7
5 8
5 18
5 11
5 21
6 3
6 17
6 5
6 0
6 10
6 7
6 2
6 18
6 9
6 11
6 21
6 4
7 8
7 18
7 16
7 9
7 11
7 4
8 2
8 16
8 11
8 21
8 14
8 4
9 11
9 21
9 14
9 4
10 7
10 8
10 2
10 18
10 16
10 9
10 11
10 14
10 4
11 21
11 4
12 13
12 15
12 1
12 6
12 3
12 17
12 5
12 19
12 10
12 7
12 8
12 2
12 16
12 9
12 11
12 14
13 15
13 20
13 1
13 6
13 3
13 5
13 19
13 0
13 10
13 8
13 2
13 16
13 9
13 21
13 14
13 4
15 20
15 1
15 6
15 3
15 5
15 19
15 10
15 7
15 8
15 2
15 16
15 9
15 14
15 4
16 9
16 11
16 14
17 5
17 2
17 18
17 16
17 9
17 21
17 4
18 16
18 9
18 21
18 14
18 4
19 0
19 10
19 7
19 8
19 18
19 16
19 11
19 21
19 4
20 1
20 5
20 19
20 0
20 7
20 8
20 2
20 16
20 9
20 11
20 21
20 14
20 4
