21 142
0 11
0 7
0 1
0 3
0 19
0 2
0 8
0 9
0 12
0 13
0 20
1 14
1 3
1 2
1 8
1 9
1 12
1 13
1 20
3 19
3 2
3 9
3 12
4 0
4 14
4 19
4 2
4 8
4 9
4 12
4 13
4 20
5 15
5 10
5 0
5 11
5 7
5 1
5 14
5 3
5 19
5 8
5 9
5 13
5 20
6 18
6 17
6 16
6 10
6 4
6 0
6 7
6 1
6 3
6 19
6 2
6 12
6 13
6 20
7 14
7 3
7 19
7 2
7 8
7 13
7 20
9 12
9 13
10 4
10 0
10 11
10 3
10 19
10 2
10 8
10 9
10 12
10 20
11 14
11 3
11 19
11 2
11 8
11 13
11 20
12 13
12 20
13 20
14 19
14 2
14 9
14 12
14 13
14 20
15 10
15 4
15 0
15 11
15 7
15 1
15 14
15 3
15 19
15 2
15 8
15 12
15 20
16 15
16 4
16 7
16 14
16 2
16 8
16 9
16 12
16 13
17 16
17 5
17 15
17 0
17 11
17 7
17 12
17 13
17 20
18 17
18 5
18 15
18 10
18 4
18 0
18 11
18 1
18 14
18 3
18 8
18 9
18 12
18 13
18 20
19 9
19 12
