24 134
0 19
0 23
0 18
0 15
1 6
1 12
1 18
2 22
2 21
2 13
2 7
2 1
2 6
2 19
2 5
2 18
2 15
3 9
3 17
3 13
3 7
3 5
3 23
3 8
3 15
4 2
4 22
4 17
4 10
4 21
4 7
4 1
4 6
4 19
4 5
4 14
4 8
4 15
5 12
5 23
5 8
5 15
6 0
6 19
6 5
6 23
6 14
7 6
7 19
7 5
7 23
7 18
7 14
8 15
9 17
9 21
9 7
9 1
9 0
9 5
9 18
10 13
10 0
10 5
10 12
10 18
10 14
11 16
11 2
11 10
11 21
11 7
11 1
11 19
11 5
11 12
11 14
11 8
12 23
12 15
13 1
13 6
13 5
13 18
14 15
16 4
16 2
16 22
16 17
16 10
16 21
16 13
16 7
16 1
16 6
16 0
16 5
16 8
16 15
17 13
17 7
17 0
17 5
17 12
17 23
17 15
18 15
19 23
19 15
20 3
20 22
20 17
20 13
20 0
20 5
20 12
20 18
20 8
21 7
21 6
21 19
21 12
21 18
21 15
22 17
22 10
22 21
22 13
22 7
22 5
22 14
22 8
22 15
23 15
