22 110
0 19
0 17
0 6
0 1
0 7
0 10
0 18
1 5
1 10
1 18
2 15
2 19
2 17
2 6
2 14
2 1
2 10
2 4
3 17
3 11
3 14
3 1
3 9
3 5
3 4
4 18
4 16
6 13
6 1
6 18
7 10
7 4
7 16
8 2
8 15
8 19
8 3
8 17
8 11
8 6
8 13
8 1
8 5
8 4
9 10
9 16
11 6
11 1
11 5
11 18
12 0
12 8
12 15
12 19
12 3
12 17
12 6
12 13
12 1
12 9
12 5
12 18
13 5
13 18
14 1
14 5
14 4
14 18
15 6
15 13
15 9
15 5
15 10
15 18
15 16
17 6
17 14
17 1
17 5
17 7
17 10
17 16
19 17
19 13
19 1
19 9
19 5
19 7
19 10
19 4
19 18
20 12
20 0
20 2
20 19
20 3
20 17
20 11
20 6
20 14
20 13
20 9
20 5
20 4
21 0
21 8
21 11
21 1
21 4
21 16
