24 207
0 17
0 4
0 19
0 3
0 14
0 21
1 12
2 8
2 21
2 1
2 12
3 2
3 14
3 8
3 1
3 12
4 19
4 3
4 2
4 8
4 1
4 12
5 11
5 13
5 7
5 16
5 0
5 23
5 4
5 19
5 3
5 2
5 14
5 21
5 1
5 12
6 5
6 11
6 13
6 7
6 0
6 17
6 4
6 19
6 3
6 2
6 1
6 12
7 16
7 0
7 23
7 17
7 4
7 19
7 2
7 14
7 8
7 21
7 1
7 12
8 1
8 12
9 5
9 11
9 16
9 0
9 23
9 17
9 19
9 3
9 2
9 14
9 8
9 21
9 1
9 12
10 6
10 9
10 5
10 11
10 7
10 0
10 23
10 17
10 4
10 3
10 14
10 8
10 21
10 12
11 13
11 16
11 0
11 23
11 4
11 19
11 3
11 2
11 14
11 21
11 1
11 12
13 7
13 23
13 17
13 4
13 19
13 2
13 14
13 8
13 21
13 1
13 12
14 21
14 12
15 18
15 10
15 6
15 9
15 5
15 11
15 13
15 7
15 16
15 17
15 4
15 19
15 2
15 14
15 8
15 21
15 1
15 12
16 17
16 3
16 2
16 8
16 21
16 1
16 12
17 4
17 19
17 3
17 8
17 21
17 1
17 12
18 10
18 6
18 9
18 13
18 7
18 16
18 0
18 23
18 17
18 4
18 19
18 3
18 14
18 8
18 21
18 1
18 12
19 21
19 1
19 12
20 22
20 10
20 6
20 9
20 5
20 11
20 13
20 7
20 16
20 0
20 23
20 17
20 4
20 19
20 3
20 2
20 14
20 1
20 12
21 12
22 18
22 10
22 6
22 5
22 11
22 7
22 16
22 0
22 4
22 3
22 2
22 8
22 21
22 12
23 4
23 19
23 3
23 14
23 8
23 12
