25 219
0 14
0 17
0 8
0 23
0 16
0 18
0 20
0 13
0 1
0 10
0 5
0 9
0 24
1 7
1 10
1 5
1 9
1 24
2 3
2 8
2 23
2 19
2 4
2 18
2 20
2 13
2 11
2 21
2 1
2 5
2 9
2 24
3 23
3 16
3 19
3 4
3 20
3 15
3 21
3 7
3 10
3 5
3 9
4 18
4 20
4 13
4 7
4 10
4 5
4 9
5 9
5 24
6 22
6 12
6 0
6 17
6 2
6 23
6 16
6 4
6 20
6 15
6 13
6 11
6 1
6 7
6 10
6 5
6 9
6 24
7 9
7 24
8 16
8 19
8 4
8 18
8 20
8 15
8 13
8 21
8 1
8 7
8 10
8 5
8 9
8 24
9 24
10 9
10 24
11 21
11 1
11 7
11 10
11 5
11 9
11 24
12 0
12 14
12 3
12 8
12 19
12 4
12 18
12 20
12 13
12 11
12 21
12 1
12 7
12 10
12 5
12 9
12 24
13 11
13 1
13 10
13 9
14 2
14 3
14 8
14 23
14 16
14 18
14 20
14 13
14 11
14 1
14 7
14 9
15 13
15 11
15 1
15 7
15 10
15 5
15 9
15 24
16 19
16 4
16 18
16 20
16 15
16 13
16 11
16 21
16 7
16 10
16 9
16 24
17 2
17 3
17 8
17 16
17 4
17 18
17 15
17 13
17 11
17 1
17 7
17 10
18 15
18 13
18 21
18 1
18 5
18 9
19 4
19 18
19 20
19 15
19 13
19 11
19 21
19 7
19 10
19 5
19 24
20 11
20 21
20 1
20 7
20 5
20 9
20 24
21 1
21 7
21 10
21 5
21 9
21 24
22 12
22 0
22 14
22 17
22 2
22 23
22 19
22 4
22 18
22 20
22 15
22 13
22 11
22 1
22 10
22 5
22 24
23 16
23 19
23 4
23 20
23 11
23 21
23 1
23 7
23 10
23 9
23 24
