24 190
0 11
0 23
0 12
0 20
0 16
0 22
0 1
0 14
0 4
0 10
1 14
1 4
1 18
1 10
2 19
2 17
2 9
2 15
2 0
2 11
2 23
2 7
2 22
2 1
2 14
2 4
2 10
3 2
3 9
3 15
3 11
3 5
3 23
3 7
3 12
3 16
3 22
3 1
3 14
3 4
3 10
4 18
5 23
5 1
5 14
5 4
5 18
5 10
6 2
6 19
6 17
6 9
6 15
6 0
6 5
6 23
6 20
6 16
6 14
6 4
7 12
7 16
7 22
7 1
7 14
7 4
7 18
7 10
8 6
8 3
8 2
8 15
8 0
8 5
8 23
8 12
8 16
8 22
8 1
8 14
8 4
8 10
9 15
9 11
9 5
9 12
9 22
9 4
9 18
9 10
11 5
11 23
11 7
11 12
11 16
11 22
11 1
11 14
11 10
12 20
12 16
12 22
12 4
12 18
12 10
13 8
13 6
13 19
13 17
13 15
13 0
13 23
13 7
13 12
13 20
13 16
13 14
13 18
13 10
14 18
14 10
15 0
15 11
15 5
15 23
15 12
15 20
15 16
15 1
15 14
15 4
15 18
15 10
16 4
17 9
17 15
17 0
17 11
17 5
17 23
17 7
17 20
17 16
17 22
17 1
17 14
17 4
17 18
17 10
19 17
19 9
19 0
19 11
19 5
19 7
19 12
19 22
19 14
19 4
19 18
19 10
20 22
20 1
20 14
21 8
21 6
21 3
21 2
21 19
21 17
21 9
21 11
21 5
21 23
21 7
21 12
21 20
21 22
21 1
21 14
21 4
21 10
22 4
22 18
22 10
23 20
23 16
23 22
23 1
23 4
