21 152
1 0
2 1
2 0
3 11
3 15
3 2
3 10
3 1
3 0
4 7
4 17
4 16
4 19
4 20
4 12
4 3
4 11
4 15
4 14
4 2
4 10
4 1
5 19
5 20
5 8
5 12
5 3
5 11
5 15
5 1
5 0
6 13
6 4
6 7
6 17
6 16
6 5
6 19
6 20
6 9
6 8
6 12
6 3
6 11
6 15
6 14
6 2
6 10
6 1
6 0
7 17
7 16
7 5
7 20
7 9
7 8
7 12
7 11
7 15
7 14
7 10
8 12
8 15
8 14
8 2
8 10
8 1
8 0
9 11
9 15
9 14
9 2
9 10
9 1
10 1
10 0
11 15
11 14
11 2
11 10
11 1
11 0
12 3
12 15
12 14
12 2
12 0
13 4
13 17
13 16
13 5
13 20
13 9
13 12
13 11
13 15
13 14
13 10
13 1
13 0
14 10
15 14
15 1
15 0
16 5
16 19
16 9
16 8
16 12
16 11
16 15
16 14
16 2
16 10
17 5
17 20
17 9
17 8
17 12
17 3
17 11
17 15
17 10
17 1
18 7
18 17
18 19
18 20
18 9
18 8
18 12
18 3
18 11
18 15
18 14
18 1
19 9
19 8
19 3
19 11
19 15
19 2
19 10
20 9
20 12
20 3
20 11
20 15
20 2
20 10
20 1
20 0
