24 194
0 21
1 17
1 3
1 5
1 19
1 13
1 22
1 7
1 11
1 4
1 10
1 6
1 23
1 0
1 21
2 0
2 21
3 5
3 19
3 12
3 15
3 18
3 13
3 22
3 7
3 11
3 4
3 10
3 6
3 14
3 23
3 2
3 0
3 21
4 10
4 9
4 14
4 23
4 2
4 0
4 21
5 19
5 15
5 18
5 13
5 16
5 7
5 4
5 10
5 6
5 23
5 2
5 0
5 21
6 9
6 14
6 23
6 2
7 11
7 4
7 10
7 23
7 0
7 21
8 15
8 18
8 13
8 7
8 4
8 10
8 6
8 9
8 14
8 23
8 2
9 14
9 23
9 2
9 21
10 6
10 14
10 23
10 2
11 4
11 10
11 6
11 14
11 23
11 2
11 0
12 8
12 15
12 22
12 16
12 7
12 11
12 4
12 6
12 14
12 23
12 2
12 0
12 21
13 22
13 16
13 11
13 10
13 6
13 23
13 21
14 23
14 21
15 18
15 22
15 16
15 11
15 4
15 10
15 9
15 14
15 2
15 0
15 21
16 7
16 11
16 4
16 10
16 6
16 9
16 2
16 0
16 21
17 20
17 3
17 5
17 12
17 8
17 15
17 18
17 22
17 7
17 11
17 4
17 9
17 14
17 23
17 21
18 22
18 7
18 11
18 4
18 6
18 9
18 14
18 23
18 2
18 0
19 12
19 8
19 15
19 18
19 22
19 16
19 7
19 6
19 14
19 2
19 21
20 3
20 5
20 19
20 8
20 15
20 18
20 13
20 22
20 7
20 4
20 10
20 6
20 14
20 23
20 0
20 21
22 7
22 11
22 10
22 6
22 9
22 14
22 23
22 2
23 2
23 21
