23 122
0 1
0 15
2 9
2 20
2 10
2 19
2 17
2 21
2 14
2 22
2 1
3 5
3 9
3 20
3 16
3 19
3 6
3 4
3 8
3 7
3 14
3 0
3 15
4 8
4 7
4 11
4 15
5 18
5 19
5 21
5 6
5 4
5 22
5 0
5 15
6 7
6 22
6 11
6 15
7 14
7 22
7 1
7 15
8 22
8 0
8 11
8 1
8 15
9 18
9 20
9 16
9 19
9 8
9 22
9 0
9 11
10 19
10 17
10 21
10 7
10 14
10 0
10 11
10 1
12 9
12 20
12 19
12 17
12 21
12 4
12 14
12 11
12 1
12 15
13 2
13 9
13 20
13 10
13 21
13 6
14 0
14 15
16 10
16 17
16 21
16 8
16 7
16 22
16 0
16 11
16 15
17 6
17 4
17 22
17 0
17 11
17 1
17 15
18 17
18 6
18 7
18 22
18 11
18 1
19 21
19 8
19 14
19 1
20 16
20 19
20 21
20 7
20 14
20 22
21 6
21 4
21 7
21 14
21 11
21 15
22 0
22 11
