24 190
0 10
0 17
0 19
0 8
0 12
0 5
0 1
0 11
0 7
1 11
1 7
2 15
2 4
2 10
2 20
2 8
2 12
2 5
2 1
2 11
3 0
3 10
3 17
3 20
3 8
3 12
3 5
3 7
4 0
4 18
4 10
4 17
4 19
4 12
4 5
4 1
4 11
5 1
5 7
6 16
6 22
6 2
6 4
6 3
6 0
6 10
6 17
6 19
6 20
6 5
6 1
6 11
8 12
8 5
8 1
8 7
9 13
9 22
9 2
9 15
9 4
9 3
9 0
9 18
9 10
9 20
9 12
9 1
9 11
9 7
10 17
10 19
10 20
11 7
12 1
12 7
13 2
13 15
13 4
13 3
13 0
13 18
13 10
13 17
13 19
13 8
13 12
13 5
13 1
13 7
14 6
14 9
14 13
14 22
14 2
14 15
14 3
14 0
14 18
14 10
14 19
14 20
14 5
14 1
14 11
14 7
15 4
15 0
15 18
15 17
15 19
15 8
15 12
15 5
15 1
15 11
15 7
16 13
16 22
16 2
16 15
16 4
16 0
16 18
16 19
16 20
16 5
16 1
16 11
17 20
17 8
17 12
17 1
17 7
18 10
18 19
18 20
18 1
18 11
19 20
19 8
19 12
19 5
19 11
19 7
20 8
20 12
20 11
21 23
21 6
21 16
21 13
21 22
21 2
21 15
21 3
21 0
21 18
21 10
21 17
21 19
21 20
21 12
21 5
21 11
21 7
22 2
22 0
22 18
22 10
22 20
22 8
22 12
22 5
22 1
22 11
23 6
23 9
23 13
23 22
23 2
23 15
23 4
23 0
23 18
23 10
23 17
23 19
23 8
23 1
