18 104
1 11
1 10
1 0
2 4
2 15
2 14
2 8
2 10
2 0
3 7
3 14
3 1
3 10
3 0
4 17
4 14
4 1
4 8
4 11
4 10
5 6
5 13
5 2
5 3
5 4
5 17
5 14
5 8
5 10
5 0
6 3
6 4
6 17
6 15
6 1
6 11
6 10
6 0
7 14
7 1
7 8
7 11
7 10
8 10
8 0
9 6
9 13
9 2
9 3
9 4
9 17
9 15
9 7
9 14
9 11
9 10
9 0
10 0
11 0
12 9
12 5
12 6
12 17
12 15
12 7
12 14
12 1
12 8
12 11
12 10
12 0
13 4
13 17
13 15
13 7
13 8
14 1
14 8
14 10
14 0
15 14
15 1
15 8
15 11
15 10
15 0
16 9
16 5
16 6
16 13
16 2
16 4
16 17
16 1
16 11
16 10
16 0
17 15
17 7
17 14
17 8
17 11
17 10
17 0
