23 175
0 1
0 5
0 22
0 11
0 21
0 12
1 5
1 8
2 9
2 1
2 5
2 22
2 11
2 21
2 8
2 12
3 0
3 1
3 22
3 11
3 21
4 17
4 7
4 13
4 15
4 19
4 18
4 3
4 2
4 9
4 0
4 1
4 11
4 8
4 12
5 22
5 11
6 4
6 7
6 14
6 16
6 18
6 9
6 10
6 0
6 1
6 5
6 22
6 11
6 21
6 12
7 13
7 19
7 14
7 16
7 3
7 9
7 5
7 22
7 11
7 12
9 1
9 5
9 11
9 21
9 8
9 12
10 0
10 1
10 22
10 11
10 21
10 8
10 12
11 21
11 8
11 12
13 15
13 19
13 14
13 16
13 18
13 3
13 2
13 9
13 10
13 0
13 5
13 22
13 11
13 21
13 8
13 12
14 16
14 18
14 3
14 2
14 9
14 10
14 22
14 21
14 8
14 12
15 16
15 2
15 10
15 0
15 1
15 5
15 22
15 11
15 21
15 12
16 3
16 10
16 0
16 1
16 22
16 11
16 8
16 12
17 7
17 13
17 15
17 19
17 14
17 16
17 18
17 3
17 2
17 9
17 10
17 1
17 22
17 21
17 8
18 3
18 2
18 9
18 10
18 0
18 1
18 5
18 22
18 11
18 21
18 12
19 14
19 18
19 3
19 2
19 0
19 22
19 11
20 6
20 4
20 17
20 7
20 19
20 16
20 3
20 2
20 9
20 10
20 0
20 1
20 5
20 22
20 21
20 8
20 12
22 11
22 21
22 8
22 12
