23 121
0 15
0 7
0 20
0 13
0 14
0 4
0 12
0 11
2 3
3 1
4 9
4 1
5 19
5 10
5 20
5 8
5 9
5 2
5 11
5 1
6 12
6 9
6 11
6 21
7 20
7 8
7 13
7 4
7 6
7 9
7 11
7 1
8 12
8 9
8 2
8 11
9 2
9 11
10 18
10 7
10 4
10 6
10 12
10 2
10 11
10 21
10 1
11 21
11 3
12 2
12 11
12 3
12 1
13 14
13 12
13 9
14 4
14 6
14 12
14 9
14 2
15 20
15 13
15 9
15 11
15 3
15 1
16 19
16 10
16 15
16 18
16 20
16 13
16 4
16 6
16 2
16 11
16 1
17 16
17 10
17 15
17 7
17 8
17 13
17 14
17 4
17 6
17 12
17 21
17 1
18 7
18 20
18 13
18 4
18 6
18 12
18 21
19 18
19 13
19 12
19 9
19 2
19 11
19 3
20 8
20 13
20 4
20 6
20 11
20 1
21 3
22 17
22 5
22 16
22 20
22 8
22 14
22 4
22 12
22 9
22 3
