25 142
0 15
0 13
0 5
0 19
1 14
1 21
1 6
1 11
1 12
1 8
1 15
1 13
1 9
1 10
1 19
2 5
3 14
3 21
3 22
3 6
3 4
3 0
3 16
3 9
3 10
3 2
3 17
3 19
4 0
4 16
4 13
4 18
4 5
5 19
6 11
6 12
6 8
6 4
6 13
6 2
6 19
7 15
7 10
7 17
7 5
8 0
8 13
9 10
9 18
9 2
9 17
9 5
10 17
10 5
10 19
11 4
11 0
11 16
11 7
11 9
11 10
12 4
12 0
12 7
12 2
12 17
13 10
13 5
14 6
14 11
14 12
14 8
14 4
14 7
14 13
14 9
14 2
14 17
14 5
15 13
15 10
15 18
15 17
15 5
16 7
16 15
16 13
16 18
16 5
18 5
20 1
20 14
20 21
20 11
20 4
20 0
20 16
20 9
20 10
20 2
20 5
21 22
21 6
21 11
21 12
21 8
21 4
21 9
21 5
21 19
22 8
22 0
22 7
22 9
22 10
22 2
22 19
23 1
23 22
23 6
23 12
23 8
23 0
23 16
23 13
23 10
23 2
24 3
24 23
24 1
24 14
24 11
24 8
24 0
24 16
24 7
24 9
24 10
24 18
24 2
24 17
24 19
