24 134
0 8
0 20
0 6
0 16
0 11
0 22
0 17
0 1
0 12
2 11
2 1
3 7
3 19
3 20
3 23
3 6
3 22
3 1
3 10
3 12
4 8
4 20
4 6
4 16
4 11
4 22
4 1
4 10
4 12
5 3
5 14
5 18
5 9
5 0
5 23
5 6
5 2
5 22
5 10
5 12
6 22
6 17
6 10
7 14
7 4
7 9
7 0
7 8
7 20
7 23
7 2
7 22
7 17
8 23
8 6
8 2
8 16
8 11
9 0
9 8
9 6
9 16
9 22
9 17
9 1
9 12
11 22
11 17
11 12
13 5
13 7
13 4
13 0
13 8
13 6
13 16
13 22
13 1
13 12
14 18
14 4
14 21
14 9
14 8
14 2
14 17
14 1
14 10
15 7
15 19
15 14
15 4
15 21
15 9
15 0
15 8
15 23
15 6
15 16
15 17
16 22
16 1
17 10
17 12
18 23
18 16
18 11
18 22
18 17
18 1
18 10
19 18
19 4
19 21
19 0
19 2
19 16
19 17
19 1
20 23
20 16
20 22
20 12
21 9
21 0
21 16
21 11
21 1
22 17
23 16
23 11
23 1
23 10
23 12
