23 171
0 8
0 4
0 21
0 18
0 22
0 3
0 14
0 9
0 1
0 19
0 10
0 11
0 15
0 20
0 13
1 10
1 11
1 15
1 20
2 0
2 8
2 4
2 21
2 17
2 16
2 12
2 18
2 7
2 22
2 3
2 1
2 19
2 10
2 11
2 13
3 5
3 9
3 1
3 10
3 11
3 15
3 20
3 13
4 21
4 17
4 16
4 18
4 22
4 1
4 19
4 10
4 11
4 20
4 13
5 9
5 1
5 19
5 10
5 20
5 13
6 2
6 8
6 17
6 12
6 3
6 5
6 19
6 11
6 15
6 20
7 22
7 3
7 14
7 9
7 1
7 19
7 10
7 11
7 15
7 20
7 13
8 4
8 21
8 16
8 7
8 22
8 3
8 14
8 9
8 1
8 19
8 10
8 11
8 15
8 20
8 13
9 1
9 19
9 11
10 15
10 20
10 13
11 20
11 13
12 18
12 22
12 14
12 5
12 9
12 1
12 19
12 10
12 11
12 15
12 13
14 5
14 9
14 1
14 19
14 10
14 11
14 15
14 20
14 13
15 13
16 7
16 3
16 14
16 1
16 19
16 10
16 20
16 13
17 16
17 14
17 5
17 1
17 19
17 11
17 20
17 13
18 7
18 22
18 3
18 14
18 5
18 1
18 19
18 10
18 20
18 13
19 10
19 15
19 20
19 13
21 12
21 18
21 7
21 3
21 14
21 9
21 19
21 11
21 15
22 14
22 5
22 1
22 19
22 11
22 15
22 20
