19 112
0 15
0 2
0 7
0 17
0 10
0 3
0 12
1 18
1 0
1 15
1 2
1 8
1 6
1 13
1 10
1 3
1 12
2 8
2 13
2 17
2 3
3 12
4 11
4 18
4 15
4 7
4 9
4 8
4 13
4 10
4 3
5 16
5 4
5 15
5 2
5 7
5 9
5 8
5 6
5 17
5 10
5 3
5 12
6 17
6 12
7 8
7 6
7 17
7 12
8 6
8 13
8 17
8 10
8 3
9 8
9 6
9 13
9 10
9 12
10 3
10 12
11 1
11 18
11 0
11 15
11 7
11 9
11 8
11 6
11 13
11 17
11 10
11 3
11 12
13 3
13 12
14 5
14 16
14 4
14 11
14 1
14 0
14 15
14 2
14 7
14 8
14 6
14 13
14 10
14 3
15 6
15 17
15 10
15 3
15 12
16 1
16 0
16 2
16 13
16 17
16 3
16 12
17 10
17 12
18 0
18 2
18 7
18 9
18 8
18 6
18 17
18 10
