21 115
0 1
0 3
0 20
0 9
0 16
1 3
1 14
1 12
2 8
2 6
2 4
2 1
2 20
2 9
2 19
2 14
2 12
3 20
3 16
3 14
3 12
4 1
4 20
4 9
4 16
4 19
4 14
4 12
5 11
5 17
5 8
5 6
5 4
5 0
5 1
5 3
5 14
5 12
6 18
6 3
6 20
6 19
7 13
7 17
7 2
7 18
7 4
7 1
7 3
7 9
7 19
7 14
8 6
8 4
8 1
8 9
8 19
8 14
8 12
9 16
9 19
10 7
10 11
10 13
10 17
10 18
10 0
10 19
10 14
11 13
11 17
11 8
11 6
11 0
11 9
11 16
11 12
13 2
13 8
13 6
13 3
13 9
13 16
13 12
15 13
15 17
15 2
15 8
15 6
15 1
15 9
15 16
16 19
16 14
17 2
17 8
17 6
17 18
17 4
17 1
17 3
17 20
17 16
17 19
17 14
17 12
18 4
18 0
18 20
18 16
18 19
19 14
20 16
20 19
20 12
