22 163
0 2
0 9
0 7
0 8
0 20
0 18
0 4
0 17
1 16
1 13
1 15
1 0
1 9
1 7
1 21
1 19
1 8
1 20
1 12
2 9
2 7
2 21
2 19
2 8
2 4
2 12
3 11
3 1
3 16
3 13
3 5
3 0
3 2
3 9
3 7
3 21
3 19
3 8
3 20
3 18
3 17
4 17
4 12
5 15
5 2
5 9
5 7
5 21
5 19
5 18
5 4
5 12
6 3
6 14
6 10
6 11
6 1
6 13
6 5
6 15
6 9
6 7
6 8
6 4
6 17
6 12
7 19
7 18
7 4
7 17
8 20
8 18
8 4
8 12
9 7
9 21
9 19
9 8
9 18
9 4
9 17
10 1
10 16
10 13
10 15
10 0
10 2
10 9
10 7
10 21
10 8
10 20
10 17
11 1
11 13
11 5
11 15
11 2
11 9
11 7
11 21
11 19
11 8
11 20
11 18
11 4
11 17
11 12
13 5
13 15
13 2
13 21
13 8
13 20
13 18
13 4
14 10
14 11
14 1
14 16
14 13
14 5
14 15
14 21
14 19
14 8
14 20
14 12
15 0
15 2
15 9
15 7
15 21
15 19
15 20
15 18
15 17
16 15
16 0
16 2
16 9
16 7
16 19
16 20
16 17
17 12
18 4
18 17
18 12
19 8
19 20
19 18
19 4
19 17
19 12
20 18
20 4
21 19
21 20
21 18
21 4
21 17
21 12
