17 103
1 13
1 16
1 2
1 12
1 11
2 12
2 11
2 0
3 14
3 13
3 16
3 2
3 12
3 15
3 0
4 6
4 10
4 9
4 5
4 3
4 14
4 13
4 16
4 2
4 12
4 15
4 11
4 0
5 3
5 14
5 1
5 16
5 2
5 12
5 15
5 11
5 0
6 10
6 9
6 5
6 3
6 14
6 13
6 16
6 2
6 12
6 15
6 11
7 8
7 4
7 6
7 9
7 3
7 14
7 1
7 16
7 0
8 4
8 6
8 10
8 9
8 3
8 14
8 1
8 16
8 2
8 12
8 15
8 0
9 5
9 14
9 1
9 16
9 2
9 12
9 11
9 0
10 9
10 5
10 14
10 1
10 16
10 12
10 15
10 11
10 0
11 0
12 15
12 11
12 0
13 2
13 12
13 15
13 11
14 1
14 13
14 16
14 2
14 12
15 0
16 15
16 11
16 0
