25 207
0 24
0 14
0 4
0 6
0 15
1 0
1 14
1 2
1 4
1 6
1 15
2 4
2 21
2 15
3 13
3 24
3 14
3 2
3 4
3 6
3 21
3 15
4 6
4 21
4 15
5 3
5 13
5 20
5 0
5 24
5 2
5 4
5 21
5 15
6 21
6 15
7 16
7 3
7 13
7 20
7 1
7 0
7 24
7 2
7 6
7 21
7 15
8 7
8 5
8 3
8 13
8 20
8 0
8 14
8 2
8 4
8 6
8 21
8 15
9 7
9 3
9 13
9 1
9 0
9 24
9 14
9 2
9 6
9 21
9 15
10 19
10 17
10 22
10 18
10 12
10 9
10 8
10 16
10 23
10 3
10 13
10 20
10 24
10 14
10 2
10 4
10 6
11 9
11 8
11 16
11 23
11 20
11 24
11 2
11 4
11 6
11 21
12 11
12 8
12 7
12 16
12 23
12 3
12 1
12 0
12 24
12 2
12 4
12 21
12 15
13 20
13 1
13 0
13 24
13 4
13 6
13 21
13 15
14 6
14 21
14 15
16 23
16 5
16 3
16 13
16 1
16 4
16 6
16 21
17 22
17 18
17 11
17 9
17 7
17 16
17 23
17 5
17 3
17 13
17 20
17 24
17 14
17 2
17 6
18 12
18 11
18 9
18 8
18 20
18 1
18 0
18 24
18 4
18 15
19 17
19 8
19 7
19 16
19 23
19 5
19 3
19 20
19 1
19 0
19 24
19 14
19 2
19 4
19 6
19 21
19 15
20 1
20 24
20 14
20 2
20 4
20 21
20 15
22 18
22 11
22 8
22 7
22 16
22 23
22 5
22 3
22 13
22 0
22 14
22 2
22 4
22 21
23 5
23 3
23 13
23 20
23 1
23 0
23 24
23 14
23 2
23 4
23 15
24 14
24 2
24 4
24 15
