25 201
0 16
0 22
0 21
0 1
0 12
2 14
2 19
2 15
2 3
2 17
2 0
2 8
2 16
2 22
2 1
3 17
3 0
3 8
3 16
3 6
3 22
3 21
3 1
3 12
4 23
4 2
4 14
4 13
4 5
4 20
4 18
4 10
4 15
4 3
4 0
4 8
4 16
4 6
4 21
4 1
5 20
5 3
5 17
5 0
5 8
5 16
5 22
5 1
5 12
6 21
6 1
7 23
7 2
7 14
7 13
7 19
7 5
7 18
7 10
7 3
7 17
7 8
7 22
7 12
8 16
8 6
8 22
8 21
9 4
9 7
9 23
9 2
9 14
9 13
9 19
9 5
9 20
9 10
9 15
9 17
9 0
9 8
9 6
9 21
9 1
9 12
10 15
10 3
10 0
10 8
10 16
10 6
10 22
10 21
11 7
11 23
11 14
11 13
11 19
11 5
11 10
11 15
11 3
11 17
11 16
11 6
11 22
11 21
11 1
11 12
13 5
13 18
13 10
13 15
13 3
13 17
13 6
13 22
13 21
13 1
13 12
14 13
14 20
14 15
14 3
14 17
14 8
14 16
14 6
14 22
14 21
14 12
15 8
15 6
15 21
15 12
16 6
16 22
16 21
16 12
17 0
17 16
17 6
17 12
18 15
18 3
18 17
18 0
18 16
18 6
18 22
18 21
18 12
19 20
19 18
19 10
19 3
19 17
19 0
19 8
19 16
19 6
19 22
19 12
20 18
20 15
20 3
20 17
20 0
20 8
20 6
20 22
20 21
21 1
22 21
22 12
23 2
23 19
23 5
23 20
23 10
23 15
23 0
23 6
23 21
23 1
24 7
24 23
24 13
24 19
24 20
24 18
24 3
24 17
24 0
24 8
24 16
24 6
24 22
24 21
24 12
