19 104
0 2
0 15
0 3
0 14
0 8
0 6
0 11
1 16
1 0
1 15
1 3
1 14
1 18
1 4
1 9
2 3
2 14
2 8
2 9
2 11
3 14
3 4
3 6
3 9
3 11
4 8
4 6
4 11
5 10
5 0
5 2
5 7
5 15
5 18
5 4
5 6
6 9
6 11
7 15
7 18
7 4
8 9
8 11
9 11
10 1
10 16
10 0
10 2
10 7
10 3
10 14
10 18
10 8
10 6
10 9
12 17
12 5
12 1
12 2
12 7
12 15
12 3
12 14
12 18
12 9
12 11
13 12
13 17
13 5
13 10
13 2
13 7
13 3
13 14
13 18
13 8
13 6
14 18
14 8
14 6
14 11
15 3
15 14
15 18
15 4
15 8
15 6
15 9
15 11
16 0
16 2
16 15
16 3
16 6
17 10
17 16
17 2
17 15
17 18
17 4
17 6
18 4
18 6
18 11
