25 215
0 8
0 3
0 17
0 18
0 22
0 4
0 16
1 12
1 7
1 20
1 19
1 15
1 11
1 5
1 9
1 0
1 17
1 18
1 23
1 4
1 2
1 16
3 17
3 21
3 22
3 23
3 4
3 2
3 16
4 2
4 16
5 6
5 9
5 0
5 8
5 3
5 18
5 21
5 22
5 23
5 4
5 2
5 16
6 9
6 14
6 0
6 8
6 3
6 17
6 18
6 21
6 22
6 23
6 4
6 2
6 16
7 20
7 19
7 15
7 11
7 5
7 9
7 0
7 17
7 18
7 22
7 4
7 2
8 3
8 17
8 21
8 22
8 23
8 2
8 16
9 14
9 8
9 3
9 17
9 18
9 21
9 22
9 23
9 4
9 16
10 20
10 24
10 13
10 5
10 6
10 9
10 14
10 0
10 8
10 3
10 18
10 21
10 22
10 23
10 4
10 2
10 16
11 5
11 6
11 9
11 14
11 0
11 3
11 17
11 21
11 4
11 2
11 16
12 20
12 15
12 13
12 11
12 6
12 9
12 8
12 3
12 17
12 21
12 22
12 4
12 2
12 16
13 5
13 6
13 9
13 0
13 8
13 21
13 23
13 4
14 0
14 8
14 17
14 18
14 21
14 22
14 23
14 4
14 2
14 16
15 13
15 14
15 0
15 8
15 3
15 17
15 18
15 21
15 22
15 23
15 4
15 2
15 16
17 18
17 21
17 22
17 23
17 4
17 2
17 16
18 21
18 22
18 23
18 4
18 2
19 13
19 11
19 5
19 6
19 14
19 8
19 3
19 17
19 18
19 21
19 23
19 4
19 2
20 19
20 15
20 11
20 5
20 9
20 14
20 8
20 21
20 22
20 23
20 4
20 2
20 16
21 22
21 23
21 2
21 16
22 23
22 4
24 19
24 13
24 5
24 6
24 9
24 0
24 8
24 3
24 17
24 18
24 22
24 4
24 2
