25 210
0 1
0 21
0 16
0 4
0 18
0 5
0 20
0 22
0 8
1 17
1 21
1 16
1 4
1 5
1 15
1 20
1 22
1 8
2 6
2 9
2 14
2 19
2 13
2 24
2 23
2 10
2 11
2 1
2 17
2 16
2 4
2 18
2 5
2 15
2 20
2 8
3 12
3 2
3 14
3 19
3 24
3 23
3 10
3 0
3 11
3 1
3 17
3 21
3 16
3 4
3 18
3 5
3 15
4 18
4 5
4 20
4 22
4 8
5 15
5 20
5 22
5 8
6 9
6 14
6 19
6 24
6 23
6 10
6 7
6 0
6 11
6 1
6 17
6 21
6 18
6 5
6 15
6 22
6 8
7 17
7 21
7 18
7 5
7 20
7 22
7 8
9 14
9 13
9 24
9 11
9 1
9 17
9 4
9 5
9 20
9 22
9 8
10 7
10 0
10 11
10 1
10 21
10 16
10 4
10 18
10 22
10 8
11 1
11 21
11 18
11 5
11 15
11 22
11 8
12 2
12 9
12 13
12 24
12 23
12 7
12 0
12 1
12 17
12 4
12 18
12 5
12 15
12 20
12 22
13 24
13 10
13 0
13 11
13 1
13 21
13 4
13 18
13 22
14 13
14 23
14 10
14 7
14 0
14 11
14 1
14 21
14 16
14 4
14 5
14 15
14 20
14 8
15 20
15 22
15 8
16 18
16 15
16 20
16 22
17 16
17 18
17 5
17 15
17 20
17 22
17 8
18 5
18 15
18 20
19 13
19 7
19 0
19 1
19 17
19 21
19 16
19 4
19 5
19 15
19 20
19 22
19 8
20 8
21 16
21 4
21 18
21 15
21 22
21 8
23 10
23 0
23 11
23 1
23 21
23 16
23 5
23 15
23 22
23 8
24 23
24 0
24 11
24 1
24 17
24 21
24 16
24 5
24 15
24 20
24 22
