25 222
0 17
0 6
0 22
0 23
0 21
0 14
0 9
0 19
0 11
0 10
0 24
0 20
0 4
0 3
0 1
0 16
0 13
0 12
0 15
0 2
1 16
1 13
1 12
1 15
1 2
3 1
3 16
3 13
3 15
3 2
4 3
4 1
4 16
4 13
4 12
4 15
4 2
5 22
5 23
5 7
5 21
5 8
5 14
5 19
5 11
5 10
5 18
5 24
5 20
5 4
5 3
5 1
5 16
5 13
5 12
6 23
6 7
6 8
6 11
6 10
6 18
6 24
6 20
6 4
6 15
6 2
7 21
7 8
7 9
7 19
7 11
7 10
7 18
7 24
7 20
7 1
7 16
7 12
8 9
8 19
8 10
8 18
8 24
8 20
8 3
8 16
8 12
8 15
8 2
9 19
9 11
9 10
9 24
9 20
9 3
9 16
9 13
9 15
9 2
10 18
10 24
10 20
10 4
10 3
10 1
10 13
10 15
10 2
11 10
11 18
11 24
11 4
11 1
11 16
11 13
11 12
11 15
11 2
12 15
12 2
13 12
13 2
14 19
14 11
14 4
14 3
14 1
14 13
14 12
14 2
15 2
16 13
16 2
17 6
17 22
17 7
17 21
17 8
17 14
17 19
17 11
17 10
17 18
17 24
17 20
17 4
17 1
17 13
17 15
17 2
18 3
18 16
18 12
18 15
18 2
19 11
19 10
19 18
19 24
19 4
19 3
19 12
19 15
19 2
20 4
20 3
20 1
20 16
20 13
20 12
20 15
20 2
21 8
21 14
21 9
21 19
21 11
21 10
21 24
21 20
21 4
21 3
21 13
21 15
21 2
22 23
22 21
22 8
22 14
22 9
22 11
22 10
22 18
22 20
22 4
22 1
22 16
22 13
22 15
23 7
23 8
23 14
23 9
23 19
23 11
23 10
23 18
23 20
23 4
23 1
23 16
23 13
23 12
23 15
24 20
24 4
24 3
24 16
24 13
24 12
24 15
24 2
