24 132
0 7
0 14
0 18
0 21
0 16
1 0
1 5
1 18
1 9
1 21
1 3
1 4
1 19
2 17
2 0
2 6
2 7
2 5
2 18
2 9
2 8
3 4
5 19
6 7
6 18
6 21
6 3
6 8
6 19
6 16
7 9
7 21
7 3
7 8
7 4
7 16
8 16
9 21
9 8
10 20
10 2
10 17
10 22
10 0
10 14
10 5
10 21
10 3
11 2
11 22
11 1
11 0
11 7
11 18
11 9
11 3
11 8
11 4
12 10
12 20
12 22
12 1
12 0
12 9
12 21
12 3
12 8
12 4
12 19
12 16
13 17
13 1
13 6
13 18
13 9
13 21
13 3
13 4
13 19
13 16
14 18
14 3
14 8
14 19
14 16
15 11
15 12
15 10
15 20
15 2
15 17
15 1
15 0
15 7
15 14
15 5
15 18
15 3
15 16
17 1
17 0
17 6
17 5
17 21
17 8
17 4
18 21
18 16
19 16
20 17
20 22
20 14
20 18
20 8
20 4
20 19
21 3
21 8
21 4
21 19
21 16
22 5
22 18
22 9
22 21
22 3
23 20
23 0
23 7
23 5
23 9
23 16
