25 155
0 22
0 18
0 17
0 15
0 11
0 23
1 18
1 19
1 24
1 5
1 15
1 3
1 23
2 10
2 12
2 1
2 18
2 8
2 24
2 5
2 3
3 23
4 21
4 11
4 3
4 23
5 15
5 4
6 9
6 1
6 18
6 19
6 20
6 17
6 5
6 21
6 23
7 10
7 0
7 20
7 17
7 8
7 24
7 15
7 4
7 21
7 11
8 24
8 5
8 4
8 3
8 23
9 2
9 10
9 12
9 0
9 22
9 18
9 20
9 24
9 5
9 15
9 4
9 21
10 12
10 19
10 20
10 17
10 8
10 4
10 21
10 3
12 0
12 22
12 18
12 19
12 20
12 8
12 4
12 21
12 11
12 3
13 9
13 1
13 19
13 17
13 8
13 24
13 5
13 4
13 11
13 23
14 7
14 0
14 8
14 5
14 23
15 11
15 3
15 23
16 6
16 13
16 9
16 10
16 12
16 1
16 0
16 19
16 20
16 17
16 24
16 5
16 15
16 4
16 21
16 3
16 23
17 8
17 5
17 15
17 4
17 23
18 19
18 20
18 17
18 15
18 4
18 21
18 11
18 23
19 20
19 8
19 24
19 15
19 4
19 3
20 17
20 5
20 4
20 23
21 11
21 23
22 18
22 19
22 20
22 8
22 15
22 4
22 21
22 11
22 23
24 4
24 21
24 3
24 23
