25 219
0 11
0 1
0 17
0 2
0 22
1 17
1 2
2 22
3 13
3 18
3 14
3 16
3 9
3 0
3 11
3 7
3 17
3 2
3 22
4 5
4 24
4 18
4 14
4 0
4 11
4 7
4 1
4 22
5 24
5 3
5 13
5 14
5 9
5 0
5 11
5 7
5 1
5 17
5 22
6 10
6 20
6 15
6 4
6 5
6 24
6 3
6 13
6 14
6 16
6 11
6 7
6 17
6 2
6 22
7 1
7 17
7 22
8 12
8 21
8 23
8 19
8 6
8 10
8 20
8 15
8 4
8 5
8 24
8 18
8 14
8 16
8 11
8 7
8 1
8 17
8 2
8 22
9 0
9 11
9 7
9 1
9 17
9 2
9 22
10 15
10 4
10 24
10 3
10 13
10 18
10 14
10 16
10 0
10 11
10 1
11 7
11 1
11 17
11 22
12 21
12 23
12 19
12 6
12 10
12 15
12 4
12 5
12 24
12 3
12 14
12 16
12 9
12 17
13 18
13 16
13 9
13 0
13 11
13 7
13 2
14 16
14 11
14 7
14 1
14 2
15 13
15 18
15 14
15 16
15 9
15 11
15 7
15 1
15 17
15 22
16 9
16 0
16 11
16 1
16 2
17 22
18 14
18 16
18 9
18 0
18 11
18 7
18 1
18 17
18 2
18 22
19 10
19 20
19 15
19 4
19 5
19 24
19 3
19 13
19 18
19 14
19 0
19 11
19 7
19 17
19 22
20 4
20 3
20 18
20 14
20 0
20 7
20 1
20 17
20 22
21 23
21 6
21 20
21 15
21 4
21 5
21 24
21 3
21 13
21 18
21 14
21 16
21 9
21 0
21 7
21 1
21 2
21 22
23 19
23 6
23 20
23 15
23 4
23 24
23 13
23 18
23 14
23 16
23 9
23 0
23 11
23 1
23 17
23 22
24 13
24 18
24 14
24 16
24 9
24 0
24 11
24 7
24 1
24 17
