22 167
1 7
1 21
1 9
1 16
1 8
1 11
1 15
1 2
1 19
1 17
1 4
1 0
2 17
2 10
2 0
3 11
3 15
3 2
3 19
3 17
3 4
3 0
4 10
5 6
5 13
5 1
5 7
5 21
5 9
5 18
5 16
5 8
5 11
5 15
5 14
5 19
5 4
5 10
6 13
6 1
6 20
6 21
6 9
6 18
6 8
6 11
6 2
6 19
6 17
6 4
6 0
7 21
7 9
7 18
7 3
7 11
7 15
7 2
7 17
7 4
7 0
8 2
8 19
8 17
8 10
9 18
9 16
9 3
9 8
9 11
9 15
9 17
9 4
9 0
10 0
11 15
11 14
11 2
11 19
11 17
11 4
11 10
11 0
12 5
12 6
12 13
12 1
12 7
12 21
12 9
12 18
12 16
12 3
12 8
12 11
12 15
12 19
12 4
12 0
13 1
13 21
13 9
13 18
13 3
13 8
13 11
13 14
13 2
13 17
13 4
13 10
13 0
14 2
14 19
14 17
14 4
14 10
14 0
15 14
15 19
15 17
15 4
15 0
16 3
16 8
16 11
16 14
16 2
16 17
16 4
16 10
17 4
17 10
17 0
18 16
18 3
18 11
18 15
18 14
18 2
18 19
18 17
18 4
18 10
19 17
19 10
19 0
20 21
20 9
20 16
20 3
20 11
20 2
20 19
20 17
20 0
21 18
21 16
21 3
21 8
21 15
21 14
21 2
21 19
21 17
21 10
21 0
