22 160
0 17
0 8
0 15
0 16
0 1
0 19
0 12
0 13
0 21
0 2
0 5
0 3
0 9
0 7
1 11
1 19
1 12
1 10
1 6
1 21
1 2
1 5
1 3
1 9
1 18
2 5
2 3
3 18
3 7
4 19
4 10
4 13
4 21
4 5
4 3
4 18
4 7
5 3
5 9
5 18
5 7
6 21
6 2
6 5
6 3
6 9
6 18
6 7
8 15
8 16
8 14
8 1
8 11
8 4
8 21
8 2
8 5
8 3
8 9
8 18
9 18
10 2
10 5
10 7
11 19
11 12
11 10
11 13
11 2
11 5
11 9
11 18
11 7
12 10
12 6
12 21
12 2
12 5
12 3
12 18
12 7
13 6
13 2
13 3
13 9
13 18
13 7
14 1
14 4
14 12
14 13
14 21
14 3
14 7
15 16
15 14
15 1
15 11
15 4
15 19
15 12
15 10
15 13
15 6
15 21
15 2
15 5
15 3
15 9
15 18
16 14
16 1
16 11
16 4
16 10
16 6
16 2
16 18
16 7
17 8
17 15
17 11
17 4
17 12
17 10
17 6
17 2
17 3
17 9
17 18
17 7
18 7
19 12
19 10
19 13
19 21
19 5
19 3
19 18
19 7
20 0
20 17
20 15
20 14
20 1
20 4
20 19
20 12
20 10
20 21
20 2
20 5
20 3
20 9
20 7
21 2
21 5
21 3
21 9
21 18
