25 141
0 7
0 6
1 22
1 10
1 13
1 3
1 2
1 21
1 20
1 23
1 0
1 4
1 7
2 11
2 23
2 0
3 9
3 20
3 0
3 6
4 17
4 6
5 1
5 10
5 13
5 9
5 2
5 20
5 4
5 17
5 6
8 12
8 9
8 21
8 11
8 20
8 23
8 18
8 4
8 7
8 6
9 21
9 11
9 23
9 18
9 0
10 12
10 13
10 3
10 9
10 2
10 21
10 18
10 4
10 7
10 6
11 20
11 0
11 17
11 7
11 6
12 3
12 16
12 6
13 3
13 16
13 21
13 11
13 20
13 17
14 12
14 3
14 9
14 2
14 21
14 20
14 4
14 17
14 7
14 6
15 8
15 12
15 16
15 23
15 6
16 11
16 20
16 23
16 4
16 17
16 7
17 7
17 6
18 0
18 4
18 6
19 12
19 3
19 16
19 9
19 2
19 21
19 23
19 18
19 0
19 17
19 6
20 17
20 7
20 6
21 20
21 18
21 0
21 4
21 17
21 7
21 6
22 10
22 8
22 12
22 13
22 16
22 21
22 20
22 0
22 4
22 7
22 6
23 0
23 7
24 14
24 22
24 8
24 13
24 3
24 16
24 2
24 11
24 20
24 23
24 6
