22 116
0 7
0 18
0 13
1 4
1 0
1 5
1 6
1 21
1 12
1 17
3 19
3 0
3 5
3 6
3 7
3 18
3 10
3 14
3 21
3 12
3 17
4 9
4 0
4 5
4 10
4 12
4 17
4 2
5 6
5 10
5 14
5 21
5 13
5 17
5 2
6 10
6 14
6 13
6 12
6 17
6 2
7 10
8 11
8 20
8 5
8 7
8 18
8 14
8 21
8 13
8 17
9 14
9 21
9 13
9 12
9 2
10 21
10 17
10 2
11 20
11 4
11 9
11 5
11 18
11 14
11 21
11 13
11 17
13 12
13 17
13 2
14 21
14 13
14 12
14 17
15 3
15 19
15 9
15 0
15 6
15 7
15 18
15 14
15 21
15 12
15 17
16 1
16 11
16 3
16 19
16 4
16 5
16 18
16 10
16 14
16 13
16 12
16 17
16 2
17 2
18 14
18 17
19 4
19 5
19 18
19 10
19 21
19 13
20 19
20 5
20 6
20 18
20 17
20 2
21 13
21 2
