20 127
0 9
1 17
1 10
1 0
1 9
2 10
2 0
2 9
3 4
3 18
3 12
3 8
3 5
3 19
3 11
3 1
3 17
3 10
3 0
3 9
4 14
4 18
4 16
4 7
4 12
4 5
4 17
4 13
4 10
4 9
5 19
5 11
5 6
5 1
5 17
5 2
5 10
5 0
5 9
6 1
6 2
6 13
6 0
6 9
7 8
7 5
7 19
7 11
7 1
7 17
7 0
7 9
8 5
8 19
8 11
8 6
8 17
8 2
8 10
8 9
11 6
11 1
11 17
11 2
11 13
11 0
11 9
12 19
12 6
12 1
12 17
12 2
12 13
12 10
12 0
12 9
13 10
13 0
14 18
14 16
14 7
14 12
14 8
14 5
14 19
14 11
14 13
14 10
15 7
15 12
15 8
15 5
15 6
15 1
15 17
15 10
15 9
16 7
16 12
16 8
16 19
16 11
16 6
16 1
16 17
16 2
16 10
16 0
17 2
17 13
18 16
18 12
18 5
18 11
18 6
18 1
18 17
18 2
18 13
18 0
19 11
19 1
19 17
19 2
19 10
19 0
19 9
