22 121
0 20
0 12
0 4
1 6
1 3
1 10
1 0
1 20
1 18
1 4
2 1
2 7
2 6
2 21
2 10
2 0
2 20
2 12
2 4
3 21
3 0
3 18
3 4
3 5
4 5
6 10
6 20
7 6
7 3
7 21
7 18
7 4
8 16
8 15
8 2
8 7
8 3
8 12
8 4
8 5
9 16
9 15
9 2
9 1
9 14
9 6
9 21
9 0
9 12
9 4
9 5
10 0
10 20
10 4
11 9
11 19
11 14
11 6
11 3
11 21
11 10
11 20
11 12
11 5
12 4
13 11
13 8
13 19
13 16
13 15
13 7
13 3
13 10
13 0
13 20
13 18
13 12
13 4
14 6
14 3
14 0
14 18
14 12
15 2
15 1
15 14
15 6
15 21
15 10
15 12
15 5
16 15
16 1
16 3
16 21
16 10
16 5
17 8
17 19
17 15
17 2
17 1
17 14
17 7
17 21
17 0
17 20
17 4
17 5
18 4
19 16
19 1
19 21
19 18
19 12
19 5
20 12
21 10
21 0
21 20
21 4
