24 143
0 23
0 10
0 17
0 19
0 21
0 16
0 3
0 2
0 12
1 14
1 23
1 19
1 15
1 5
1 7
1 20
1 6
1 2
3 6
4 21
4 5
4 12
5 16
5 2
5 12
6 2
6 12
7 20
7 3
7 12
8 4
8 23
8 10
8 5
8 20
8 2
8 12
9 22
9 13
9 8
9 1
9 4
9 19
9 21
9 16
9 7
9 3
10 19
10 16
10 20
10 6
10 2
10 12
11 4
11 19
11 21
11 15
11 16
11 7
11 20
11 3
11 12
13 11
13 1
13 14
13 0
13 17
13 15
13 16
13 7
13 6
13 2
13 12
14 0
14 17
14 19
14 16
14 7
14 3
14 6
14 2
14 12
15 2
15 12
16 20
16 6
16 12
17 21
17 15
17 5
17 6
17 12
18 9
18 22
18 11
18 8
18 1
18 4
18 23
18 15
18 5
18 7
18 3
18 6
18 2
18 12
19 21
19 16
19 7
19 6
19 2
19 12
20 3
20 2
21 5
21 16
21 20
21 3
21 6
21 12
22 13
22 11
22 8
22 14
22 0
22 4
22 10
22 17
22 19
22 21
22 15
22 5
22 16
22 7
22 20
22 6
23 17
23 19
23 21
23 15
23 5
23 7
23 6
