21 111
0 13
0 3
0 6
1 2
1 9
1 20
1 13
1 15
2 16
2 13
2 12
2 3
2 14
2 15
2 6
3 15
4 17
4 1
4 2
4 16
4 0
4 13
4 3
4 15
5 13
5 12
7 19
7 11
7 10
7 17
7 1
7 9
7 20
7 5
7 0
7 13
7 14
8 7
8 19
8 4
8 1
8 2
8 16
8 20
8 5
8 12
8 14
8 15
8 6
9 20
9 5
9 0
9 12
9 14
9 15
10 17
10 5
10 13
10 12
10 3
10 14
10 6
11 2
11 20
11 0
11 13
11 12
11 6
12 14
12 15
12 6
13 12
13 3
13 15
14 15
15 6
16 5
16 13
16 12
16 14
16 15
16 6
17 1
17 16
17 20
17 5
17 12
17 3
17 15
18 19
18 11
18 10
18 4
18 2
18 9
18 5
18 0
18 3
19 4
19 9
19 16
19 5
19 14
19 15
20 5
20 13
20 12
20 3
20 14
20 15
20 6
