25 101
0 3
0 14
0 17
0 11
0 2
0 19
1 13
1 8
1 3
1 14
3 11
3 24
3 22
3 6
4 20
4 7
4 3
4 23
4 17
4 12
4 18
4 24
4 6
5 15
5 18
5 6
6 19
7 3
7 14
7 5
7 18
7 21
7 19
8 3
8 10
8 23
8 17
8 12
8 18
8 2
8 24
8 21
9 13
9 4
9 20
9 18
9 21
9 22
10 23
10 18
10 24
10 22
11 12
11 18
11 2
11 24
11 22
12 15
12 18
12 24
12 19
13 4
13 7
13 8
13 3
13 17
13 11
13 5
13 15
13 2
13 24
13 22
13 19
14 17
14 11
14 24
14 21
14 22
15 24
16 8
16 3
16 10
16 17
16 2
16 24
16 21
16 6
17 2
17 24
17 22
18 6
20 7
20 10
20 23
20 12
20 18
20 21
23 15
23 2
23 6
24 22
