22 114
0 16
0 6
0 17
0 7
0 20
0 11
0 10
0 1
0 9
0 4
0 15
1 19
1 3
1 9
1 4
2 0
2 6
2 8
2 17
2 20
2 11
2 10
2 1
2 4
2 14
3 9
4 15
5 1
5 19
5 14
6 13
6 8
6 17
6 5
6 1
6 19
6 3
6 9
6 4
6 14
7 10
7 19
7 21
7 14
8 17
8 5
8 11
8 19
8 21
8 15
8 14
10 19
10 3
10 9
10 21
10 4
10 15
10 14
11 9
11 21
11 15
11 14
12 18
12 0
12 17
12 7
12 1
12 19
12 3
12 9
12 21
12 4
12 15
12 14
13 8
13 7
13 5
13 10
13 3
13 21
13 15
15 14
16 6
16 8
16 17
16 5
16 20
16 1
16 19
16 14
17 7
17 5
17 19
17 3
17 4
17 15
18 0
18 17
18 10
18 1
18 19
18 3
18 9
19 3
19 9
19 21
20 11
20 10
20 19
20 9
20 21
20 14
21 4
21 15
