24 141
0 12
0 18
0 1
0 21
0 10
0 22
1 3
1 14
1 2
1 10
2 21
3 13
3 14
3 15
3 21
3 10
3 8
4 18
4 23
4 3
4 13
4 14
4 21
5 4
5 18
5 23
5 3
5 13
5 14
5 21
6 17
6 4
6 18
6 23
6 13
6 2
6 21
6 10
6 8
7 6
7 9
7 12
7 19
7 5
7 18
7 23
7 14
7 2
7 21
7 10
7 8
7 22
8 22
9 17
9 0
9 12
9 4
9 1
9 23
9 3
9 13
9 2
9 15
9 21
9 10
9 8
9 22
11 16
11 6
11 17
11 5
11 4
11 18
11 14
11 2
11 15
11 21
11 10
11 22
12 19
12 18
12 1
12 23
12 13
12 14
12 15
12 8
13 2
13 21
14 15
14 8
15 8
16 9
16 0
16 12
16 19
16 4
16 18
16 23
16 14
16 21
16 22
17 0
17 12
17 1
17 13
17 2
17 10
18 23
18 14
18 2
18 21
18 8
18 22
19 5
19 4
19 18
19 1
19 3
19 14
19 15
19 10
19 8
19 22
20 19
20 18
20 13
20 14
20 15
20 21
20 10
20 8
20 22
21 10
21 8
21 22
23 3
23 14
23 2
23 15
23 22
