23 177
0 14
1 12
1 0
1 14
1 8
2 6
2 7
2 19
2 5
2 16
2 20
2 4
2 10
2 18
2 15
2 13
2 1
2 12
2 3
2 21
2 8
3 0
3 14
4 10
4 18
4 1
4 12
4 3
4 14
5 20
5 4
5 18
5 15
5 12
5 0
5 14
6 7
6 19
6 16
6 20
6 13
6 12
6 3
6 0
6 21
6 8
7 19
7 5
7 16
7 20
7 10
7 18
7 13
7 1
7 12
7 3
7 0
7 14
9 17
9 2
9 6
9 7
9 19
9 5
9 16
9 18
9 13
9 1
9 12
9 3
9 0
9 8
10 18
10 15
10 13
10 1
10 0
10 21
10 8
11 17
11 6
11 19
11 5
11 16
11 20
11 4
11 10
11 18
11 15
11 13
11 12
11 3
11 21
11 14
11 8
12 3
12 0
12 14
12 8
13 1
13 12
13 0
13 14
13 8
14 8
15 13
15 1
15 12
15 21
15 14
15 8
16 20
16 4
16 10
16 18
16 12
16 3
16 0
16 21
16 14
17 2
17 7
17 19
17 5
17 16
17 20
17 4
17 18
17 15
17 13
17 1
17 12
17 3
17 14
18 15
18 1
18 0
18 21
18 14
18 8
19 16
19 20
19 10
19 18
19 15
19 1
19 12
19 0
19 21
19 14
19 8
20 4
20 15
20 13
20 1
20 12
20 3
20 0
20 21
20 14
21 14
22 9
22 11
22 17
22 2
22 7
22 19
22 5
22 20
22 4
22 10
22 15
22 1
22 12
22 3
22 21
22 14
