24 116
0 20
1 14
1 23
1 6
2 13
2 22
2 9
2 5
2 19
2 10
2 1
2 8
2 15
2 20
4 0
4 15
4 20
5 10
5 14
5 23
5 0
5 3
6 15
6 3
7 11
7 1
7 23
7 4
7 3
8 0
9 17
9 5
9 6
9 0
10 1
10 6
10 8
10 0
10 20
11 23
11 6
11 4
11 8
11 3
12 16
12 17
12 18
12 5
12 7
12 11
12 10
12 1
12 4
12 15
12 3
13 22
13 17
13 11
13 1
13 23
13 6
13 15
13 3
14 23
14 0
14 20
16 13
16 9
16 17
16 10
16 1
16 23
16 15
16 20
16 3
17 7
17 23
17 4
17 15
18 5
18 19
18 7
18 23
18 6
18 15
18 20
19 7
19 10
19 6
19 4
19 8
21 16
21 22
21 9
21 18
21 7
21 10
21 23
21 6
21 4
21 15
22 18
22 5
22 10
22 14
22 23
22 6
22 4
22 8
22 0
22 15
22 3
23 4
23 8
23 15
23 3
