24 128
0 6
0 23
0 11
0 22
0 20
0 4
0 9
0 10
0 15
0 16
0 2
1 6
1 22
1 10
1 21
1 2
3 13
3 18
3 12
3 22
3 20
3 5
3 9
3 10
3 15
3 16
3 2
4 21
5 9
5 10
5 2
6 23
6 4
6 5
6 9
6 15
6 16
7 19
7 0
7 1
7 12
7 22
7 4
7 10
8 14
8 7
8 19
8 17
8 13
8 18
8 12
8 23
8 11
8 15
9 10
9 15
9 16
9 21
9 2
10 16
11 9
11 21
12 6
12 23
12 22
12 20
12 10
12 15
12 16
13 1
13 12
13 23
13 11
13 20
13 5
13 21
14 17
14 13
14 18
14 6
14 23
14 4
14 21
14 2
15 16
15 21
15 2
16 21
17 0
17 1
17 12
17 23
17 20
17 4
17 9
17 15
17 21
18 0
18 1
18 6
18 22
18 5
18 10
18 15
18 16
18 2
19 17
19 13
19 0
19 6
19 23
19 11
19 9
19 16
19 21
20 5
20 10
20 15
20 2
22 4
22 10
22 21
22 2
23 22
23 20
23 4
23 5
23 9
