25 212
1 11
1 19
1 14
1 2
1 7
1 0
2 7
3 19
3 14
3 2
3 7
3 0
4 16
4 18
4 6
4 22
4 13
4 1
4 11
4 19
4 2
4 7
4 0
5 20
5 23
5 12
5 4
5 9
5 21
5 16
5 18
5 6
5 22
5 13
5 10
5 1
5 11
5 3
5 19
5 14
5 2
5 0
6 24
6 10
6 1
6 11
6 3
6 19
6 7
6 0
7 0
8 24
8 10
8 1
8 3
8 19
8 14
8 2
8 7
9 21
9 16
9 22
9 8
9 10
9 11
9 19
9 14
9 2
9 7
9 0
10 1
10 2
10 0
11 3
11 19
11 2
11 7
11 0
12 4
12 9
12 21
12 18
12 22
12 8
12 13
12 10
12 3
12 19
12 14
12 7
12 0
13 24
13 1
13 3
13 14
13 2
13 7
13 0
14 2
14 0
15 20
15 23
15 12
15 4
15 9
15 16
15 18
15 6
15 22
15 8
15 13
15 24
15 10
15 1
15 11
15 3
15 19
15 14
15 2
15 7
15 0
16 18
16 6
16 22
16 8
16 13
16 24
16 10
16 3
16 19
16 2
16 7
16 0
17 15
17 23
17 12
17 9
17 6
17 22
17 24
17 10
17 1
17 3
17 0
18 6
18 22
18 13
18 24
18 10
18 1
18 3
18 19
18 14
18 2
18 7
18 0
19 7
20 23
20 12
20 9
20 21
20 16
20 18
20 6
20 22
20 13
20 24
20 1
20 11
20 3
20 14
20 7
20 0
21 16
21 6
21 22
21 1
21 11
21 3
21 19
21 14
21 2
21 0
22 8
22 13
22 24
22 10
22 3
22 19
22 14
22 2
22 0
23 12
23 4
23 9
23 21
23 16
23 18
23 8
23 13
23 24
23 10
23 1
23 11
23 3
23 14
23 2
24 1
24 11
24 14
24 2
24 7
