21 103
0 15
0 1
0 7
0 4
1 19
1 7
2 15
2 1
2 19
2 14
3 15
3 5
3 1
3 4
5 1
5 19
6 8
6 16
6 2
6 0
6 5
6 1
6 7
8 10
8 3
8 9
8 5
9 2
9 15
9 5
9 4
10 16
10 9
10 15
10 5
10 19
10 14
10 4
11 8
11 3
11 1
11 19
11 7
12 13
12 8
12 10
12 16
12 3
12 2
12 0
12 5
12 1
12 7
12 4
13 3
13 2
13 5
13 19
13 7
13 4
14 7
14 4
15 5
15 1
15 19
16 3
16 2
16 15
16 1
16 19
16 14
16 7
17 6
17 12
17 13
17 10
17 16
17 9
17 2
17 0
17 15
17 5
17 19
18 8
18 10
18 16
18 3
18 9
18 0
18 5
18 19
18 7
19 7
20 17
20 6
20 11
20 13
20 8
20 10
20 3
20 2
20 15
20 19
