23 185
0 8
0 17
0 15
0 13
0 16
0 4
0 6
0 19
0 18
0 10
0 5
0 1
0 9
1 9
2 21
2 12
2 0
2 22
2 8
2 15
2 13
2 4
2 6
2 19
2 18
2 10
2 5
2 7
2 3
2 9
3 1
3 9
4 19
4 11
4 18
4 10
4 7
4 3
4 1
5 7
5 3
5 9
6 18
6 10
6 5
6 7
6 1
6 9
7 3
7 9
8 17
8 16
8 4
8 6
8 19
8 11
8 18
8 10
8 5
8 7
8 3
8 9
10 7
10 3
10 1
10 9
11 18
11 10
11 5
11 7
11 3
11 1
11 9
12 0
12 8
12 15
12 13
12 16
12 4
12 11
12 10
12 5
12 3
12 1
12 9
13 16
13 20
13 4
13 6
13 11
13 18
13 5
13 3
13 1
14 2
14 21
14 12
14 0
14 22
14 8
14 17
14 13
14 16
14 20
14 4
14 6
14 19
14 18
14 10
14 7
14 3
14 1
15 13
15 16
15 20
15 4
15 6
15 11
15 18
15 10
15 7
15 3
15 9
16 6
16 19
16 11
16 18
16 10
16 5
16 7
16 3
16 1
16 9
17 16
17 20
17 4
17 6
17 19
17 18
17 10
17 3
17 9
18 10
18 5
18 9
19 11
19 18
19 10
19 5
19 7
19 1
19 9
20 4
20 6
20 19
20 18
20 5
20 1
21 0
21 8
21 16
21 20
21 4
21 11
21 18
21 10
21 5
21 7
21 3
21 1
21 9
22 8
22 17
22 15
22 16
22 20
22 6
22 19
22 11
22 18
22 5
22 7
22 3
22 1
22 9
