23 118
0 10
0 18
0 5
1 10
1 3
1 11
1 4
2 13
2 8
2 1
2 10
2 4
3 11
3 19
3 5
4 7
5 7
6 21
6 20
6 14
6 0
6 8
6 19
6 4
6 7
8 3
8 19
8 5
9 20
9 14
9 22
9 8
9 1
9 18
9 11
9 5
9 4
9 7
10 3
10 18
10 19
10 5
10 7
11 19
11 5
11 7
12 20
12 14
12 16
12 22
12 13
12 8
12 1
12 10
12 11
12 19
12 5
13 10
13 3
13 19
14 16
14 1
14 10
14 11
14 5
14 7
15 14
15 22
15 13
15 8
15 1
15 18
15 11
15 19
15 5
15 4
16 22
16 8
16 1
16 19
16 4
16 7
17 2
17 0
17 22
17 13
17 1
17 3
17 18
17 11
18 11
18 19
18 4
18 7
19 5
19 4
19 7
20 16
20 2
20 0
20 13
20 1
20 10
20 3
20 4
20 7
21 9
21 16
21 2
21 1
21 3
21 11
21 19
21 4
22 8
22 18
22 11
22 5
