21 133
0 2
0 17
0 16
0 13
0 15
0 1
0 7
0 12
0 3
0 18
0 11
0 14
0 5
1 12
1 10
1 20
1 18
1 11
1 8
1 14
1 5
2 17
2 4
2 13
2 15
2 9
2 7
2 3
2 10
2 6
2 14
2 5
3 10
3 6
3 11
3 8
3 14
4 13
4 15
4 9
4 1
4 7
4 12
4 3
4 10
4 20
4 18
4 11
4 8
4 14
6 20
6 11
6 8
6 14
6 5
7 12
7 3
7 10
7 6
7 18
7 11
7 14
9 7
9 12
9 3
9 10
9 6
9 20
9 18
9 11
9 8
9 5
10 6
10 11
10 8
11 8
11 14
12 10
12 6
12 20
12 8
12 5
13 15
13 7
13 12
13 3
13 10
13 20
13 18
13 11
13 8
13 14
13 5
14 5
15 1
15 7
15 3
15 6
15 8
16 19
16 13
16 15
16 1
16 12
16 3
16 6
16 20
16 18
16 14
16 5
17 19
17 4
17 15
17 9
17 1
17 7
17 12
17 10
17 18
17 8
17 14
17 5
18 11
18 8
18 14
19 13
19 7
19 3
19 10
19 20
19 18
19 14
20 5
