21 105
0 11
0 6
0 16
0 18
1 0
1 17
1 10
1 8
1 2
1 7
3 0
3 9
3 11
3 16
3 18
3 7
4 12
4 20
4 3
4 1
4 11
4 6
4 16
4 18
4 8
4 2
4 7
5 13
5 14
5 4
5 12
5 20
5 1
5 11
5 6
5 16
5 18
5 17
5 8
5 7
6 16
6 8
6 2
8 2
8 7
9 6
9 2
10 2
11 18
11 10
11 8
12 20
12 1
12 0
12 11
12 16
12 18
12 10
12 7
13 15
13 19
13 14
13 4
13 20
13 9
13 6
13 16
13 18
13 17
14 20
14 0
14 16
14 8
14 2
14 7
15 4
15 12
15 20
15 1
15 11
15 16
15 17
16 17
16 8
16 7
17 8
17 2
17 7
18 10
18 8
18 7
19 14
19 3
19 0
19 6
19 16
19 18
19 7
20 1
20 0
20 9
20 11
20 16
20 18
20 8
