25 142
0 10
0 4
0 16
0 1
0 13
1 13
2 15
2 5
2 19
2 20
2 9
2 21
2 11
2 4
2 3
2 24
2 16
2 1
3 1
4 16
4 1
5 19
5 8
5 14
5 9
5 11
5 6
5 0
5 4
5 16
5 1
5 13
6 7
6 24
6 1
7 4
7 24
7 16
8 17
8 12
8 9
8 11
8 6
8 4
8 3
8 24
8 16
8 1
9 6
9 7
9 4
9 3
9 24
9 13
10 7
10 3
10 24
11 22
11 6
11 7
11 4
11 24
11 1
11 13
12 14
12 9
12 23
12 7
14 9
14 21
14 11
14 0
14 7
14 3
15 5
15 8
15 20
15 9
15 6
15 7
15 4
15 3
15 16
15 1
15 13
16 13
17 12
17 9
17 23
17 22
17 10
17 24
17 16
17 13
18 19
18 20
18 17
18 12
18 9
18 22
18 6
19 8
19 20
19 21
19 11
19 0
19 10
19 7
19 4
19 24
20 17
20 12
20 9
20 21
20 11
20 6
20 0
20 10
20 7
20 4
20 16
20 1
21 23
21 22
21 10
21 4
21 24
21 16
21 13
22 10
22 7
22 4
22 3
22 24
22 16
22 13
23 11
23 6
23 0
23 7
23 24
24 13
