20 141
0 17
1 7
1 3
1 8
1 13
1 4
1 18
1 15
1 12
2 10
2 19
2 16
2 1
2 3
2 13
2 14
2 4
2 0
2 15
2 12
3 8
3 14
3 6
3 4
3 18
3 0
3 15
3 12
4 18
4 0
4 17
4 15
4 12
5 6
5 4
5 18
5 0
5 17
5 12
6 4
6 18
6 0
6 17
7 3
7 13
7 14
7 5
7 6
7 18
7 0
7 17
7 12
8 14
8 5
8 6
8 18
8 0
8 17
8 15
8 12
9 16
9 1
9 7
9 3
9 13
9 14
9 5
9 6
9 18
9 0
9 17
9 15
9 12
10 19
10 9
10 7
10 3
10 8
10 13
10 14
10 5
10 6
10 18
10 0
10 17
10 15
10 12
11 2
11 10
11 9
11 16
11 1
11 7
11 3
11 13
11 14
11 5
11 6
11 4
11 18
11 0
11 17
11 12
13 14
13 6
13 4
13 18
13 0
13 15
13 12
14 4
14 0
14 17
14 15
14 12
15 12
16 1
16 7
16 3
16 13
16 14
16 5
16 4
16 18
16 0
16 17
16 12
17 15
17 12
18 12
19 1
19 7
19 3
19 13
19 14
19 5
19 4
19 18
19 0
19 17
19 12
