18 111
0 10
0 1
0 15
0 8
0 4
0 6
0 17
0 7
0 14
0 12
0 11
0 13
0 2
1 15
1 4
1 6
1 17
1 14
1 11
1 2
3 13
4 6
4 17
4 7
4 14
4 3
4 13
4 2
5 16
5 0
5 1
5 15
5 8
5 4
5 6
5 17
5 14
5 12
5 11
5 13
5 2
6 17
6 7
6 14
6 12
6 3
6 11
6 2
7 14
7 12
7 11
7 13
7 2
8 4
8 7
8 12
8 3
8 11
8 13
9 5
9 16
9 0
9 1
9 15
9 6
9 7
9 14
9 12
9 13
9 2
10 1
10 15
10 8
10 4
10 6
10 7
10 12
10 11
10 13
10 2
12 3
12 11
12 13
12 2
13 2
14 12
14 3
14 2
15 8
15 4
15 6
15 14
15 11
15 2
16 0
16 10
16 1
16 15
16 8
16 4
16 17
16 7
16 12
16 11
16 13
16 2
17 14
17 3
17 11
17 13
17 2
