21 114
0 13
1 12
1 13
1 17
2 12
2 13
2 17
3 10
3 14
3 16
3 6
3 15
3 18
3 12
3 0
4 1
4 13
4 17
5 1
5 2
5 12
5 0
6 18
6 0
6 13
7 20
7 14
7 16
7 8
7 6
7 18
7 0
7 13
8 6
8 5
8 15
8 18
8 1
8 2
8 0
8 13
8 17
9 4
9 6
9 15
9 18
9 1
9 2
9 13
9 17
10 14
10 16
10 8
10 9
10 6
10 1
10 12
10 17
11 7
11 3
11 14
11 16
11 8
11 4
11 6
11 5
11 15
11 2
11 12
11 0
11 13
12 13
12 17
14 16
14 8
14 9
14 6
14 5
14 15
14 18
14 1
14 12
14 0
14 13
14 17
15 18
15 1
15 12
16 9
16 2
16 0
16 13
16 17
18 1
18 0
18 13
19 7
19 3
19 10
19 14
19 16
19 5
19 15
19 18
19 1
19 0
19 17
20 9
20 4
20 5
20 15
20 18
20 1
20 13
