25 207
0 5
0 6
0 15
0 8
0 17
0 2
0 10
0 19
0 14
0 16
0 9
0 3
0 24
0 11
0 13
0 4
0 1
0 20
0 18
1 20
1 18
2 19
2 9
2 3
2 24
2 11
2 13
2 4
2 20
2 18
3 24
3 11
3 13
3 4
3 1
3 20
3 18
4 1
4 20
4 18
5 15
5 8
5 21
5 17
5 2
5 7
5 12
5 10
5 14
5 16
5 22
5 9
5 3
5 24
5 13
5 1
5 18
6 15
6 8
6 21
6 12
6 10
6 14
6 16
6 22
6 9
6 13
6 4
6 20
6 18
7 10
7 19
7 14
7 16
7 9
7 3
7 24
7 11
7 4
7 1
7 18
8 21
8 17
8 2
8 7
8 12
8 10
8 19
8 14
8 16
8 22
8 9
8 3
8 24
8 11
8 20
8 18
9 3
9 24
9 11
9 13
9 4
9 1
9 18
10 19
10 14
10 16
10 22
10 9
10 3
10 11
10 13
10 4
10 1
10 20
10 18
11 13
11 18
12 10
12 14
12 16
12 22
12 3
12 24
12 11
12 13
12 4
12 20
13 4
13 1
13 20
14 22
14 9
14 3
14 13
14 1
14 20
14 18
15 8
15 17
15 2
15 7
15 12
15 10
15 16
15 22
15 9
15 24
15 11
15 13
15 4
15 1
15 18
16 9
16 13
16 1
16 20
16 18
17 2
17 12
17 16
17 22
17 24
17 13
17 1
17 20
19 16
19 22
19 3
19 24
19 13
19 1
19 18
20 18
21 7
21 19
21 14
21 16
21 22
21 9
21 3
21 24
21 11
21 13
21 4
21 1
22 9
22 24
22 11
22 1
22 20
22 18
23 15
23 8
23 7
23 12
23 19
23 14
23 22
23 9
23 24
23 11
23 4
23 20
24 11
24 13
24 20
