21 146
0 8
0 11
0 5
0 9
0 6
0 15
0 7
0 20
0 1
0 2
0 18
0 3
1 10
1 18
1 14
1 3
2 10
2 18
2 14
2 3
4 7
4 2
4 10
4 14
4 3
5 9
5 15
5 1
5 2
5 10
5 18
5 14
6 15
6 4
6 20
6 1
6 2
6 10
6 18
6 14
6 3
7 20
7 10
7 18
7 3
8 12
8 11
8 9
8 6
8 4
8 7
8 1
8 2
8 18
8 14
8 3
9 20
9 1
9 2
9 10
9 18
9 14
9 3
10 18
10 14
10 3
11 5
11 9
11 15
11 7
11 20
11 1
12 11
12 9
12 6
12 15
12 7
12 1
12 2
12 10
12 18
12 14
12 3
13 0
13 11
13 6
13 15
13 7
13 20
13 1
13 2
13 18
14 3
15 4
15 20
15 1
15 2
15 10
15 14
15 3
16 13
16 0
16 8
16 12
16 11
16 9
16 6
16 15
16 4
16 20
16 1
16 2
16 10
16 18
16 14
17 0
17 8
17 12
17 11
17 5
17 6
17 15
17 4
17 7
17 1
17 2
17 10
17 18
17 3
19 13
19 17
19 0
19 8
19 11
19 9
19 6
19 15
19 4
19 7
19 20
19 1
19 14
20 1
20 2
20 18
20 14
