18 106
0 9
0 2
0 16
0 7
0 11
0 6
0 12
1 17
1 9
1 5
1 13
1 11
1 6
1 12
1 8
2 11
2 6
2 12
2 8
3 1
3 17
3 2
3 13
3 16
3 7
3 11
3 12
4 3
4 1
4 2
4 13
4 16
4 7
4 11
4 6
4 12
4 8
5 2
5 16
5 7
5 6
5 12
6 12
6 8
7 11
7 6
9 5
9 2
9 13
9 7
9 11
9 6
9 12
9 8
10 3
10 15
10 1
10 17
10 0
10 9
10 5
10 2
10 13
10 7
10 6
10 8
11 6
11 12
11 8
12 8
13 16
13 7
13 11
13 12
13 8
14 3
14 15
14 1
14 17
14 0
14 9
14 16
14 11
14 6
14 12
14 8
15 1
15 17
15 0
15 5
15 2
15 13
15 16
15 11
16 7
16 12
16 8
17 0
17 9
17 5
17 2
17 13
17 16
17 11
17 6
17 8
