24 201
0 21
0 23
1 20
1 14
1 5
1 2
1 9
1 4
1 13
1 15
1 7
1 10
1 16
1 18
1 6
1 0
1 21
1 23
2 9
2 4
2 13
2 15
2 16
2 18
2 6
2 0
2 21
3 22
3 1
3 20
3 5
3 11
3 2
3 9
3 4
3 13
3 15
3 10
3 16
3 6
4 13
4 15
4 7
4 10
4 16
4 18
4 0
4 21
5 11
5 2
5 9
5 13
5 15
5 7
5 10
5 18
5 6
5 21
5 23
6 23
7 18
7 6
7 0
7 23
8 12
8 22
8 19
8 1
8 20
8 14
8 5
8 2
8 9
8 4
8 13
8 7
8 6
8 21
8 23
9 4
9 13
9 15
9 10
9 16
9 18
9 6
9 0
9 21
9 23
10 16
10 6
10 0
10 21
10 23
11 2
11 9
11 4
11 13
11 16
11 18
11 6
11 21
11 23
12 22
12 20
12 5
12 11
12 9
12 4
12 13
12 15
12 7
12 10
12 6
12 21
12 23
13 15
13 10
13 18
13 6
13 0
13 21
14 5
14 11
14 2
14 9
14 13
14 10
14 16
14 0
14 21
15 16
15 18
15 6
15 0
15 21
15 23
16 18
16 6
16 0
16 21
17 3
17 8
17 12
17 22
17 19
17 1
17 14
17 5
17 11
17 9
17 4
17 15
17 10
17 16
17 18
17 6
17 0
17 23
18 6
18 21
18 23
19 1
19 20
19 14
19 5
19 2
19 9
19 13
19 15
19 7
19 16
19 6
19 21
19 23
20 14
20 11
20 9
20 13
20 15
20 7
20 10
20 16
20 18
20 6
20 21
20 23
22 19
22 1
22 20
22 14
22 5
22 2
22 9
22 15
22 7
22 10
22 16
22 18
22 0
22 23
