21 111
0 11
0 12
0 2
0 1
0 14
0 8
1 8
3 9
3 11
3 2
4 10
4 9
4 11
4 14
4 8
5 20
5 13
5 19
5 18
5 16
5 15
5 6
5 7
5 10
5 3
5 9
5 0
5 11
5 12
5 1
5 8
6 7
6 10
6 12
7 0
7 2
7 1
7 14
9 0
9 11
9 12
9 2
9 1
9 8
10 3
10 0
10 12
10 1
10 14
10 8
11 12
11 2
11 1
11 8
12 14
12 8
13 19
13 18
13 4
13 7
13 10
13 0
13 2
13 14
14 8
15 4
15 6
15 3
15 9
15 0
15 1
16 4
16 6
16 3
16 9
16 0
16 11
16 1
16 14
17 19
17 7
17 10
17 9
17 2
17 14
17 8
18 4
18 7
18 3
18 0
18 11
18 12
18 2
18 1
18 14
19 16
19 6
19 10
19 11
19 12
19 1
19 8
20 19
20 18
20 15
20 4
20 6
20 3
20 0
20 11
20 12
