20 134
0 6
0 11
0 8
0 12
0 17
0 7
0 2
1 9
1 18
1 13
1 16
1 0
1 6
1 11
1 8
1 15
1 17
1 7
3 15
3 12
3 17
3 7
4 1
4 9
4 13
4 16
4 0
4 6
4 5
4 3
4 17
4 7
4 2
5 8
5 3
5 15
5 12
5 17
5 7
5 2
6 11
6 8
6 3
6 15
6 12
6 17
7 2
8 3
8 15
8 12
8 2
9 18
9 13
9 16
9 5
9 11
9 8
9 3
9 15
9 17
9 2
10 1
10 9
10 18
10 13
10 16
10 0
10 6
10 11
10 8
10 3
10 15
10 12
10 17
10 7
11 8
11 3
11 12
11 17
11 7
11 2
12 17
13 16
13 6
13 5
13 11
13 8
13 3
13 15
13 17
13 7
13 2
14 19
14 4
14 1
14 16
14 6
14 5
14 11
14 3
14 15
14 12
14 7
14 2
15 12
15 7
15 2
16 6
16 8
16 3
16 12
16 7
17 7
18 13
18 16
18 0
18 5
18 8
18 3
18 15
18 12
18 17
18 2
19 4
19 1
19 9
19 18
19 13
19 5
19 11
19 3
19 17
19 7
19 2
