24 195
0 1
0 13
3 0
3 1
3 2
3 13
4 16
4 23
4 20
4 22
4 3
4 0
4 1
4 2
4 13
5 19
5 20
5 22
5 0
5 1
5 2
5 13
6 8
6 12
6 10
6 16
6 19
6 23
6 20
6 22
6 3
6 0
6 2
6 13
7 18
7 6
7 8
7 12
7 10
7 16
7 21
7 5
7 19
7 23
7 20
7 22
7 3
7 1
7 2
7 13
8 10
8 4
8 16
8 21
8 5
8 23
8 3
8 1
8 2
8 13
9 7
9 18
9 6
9 8
9 12
9 10
9 17
9 16
9 21
9 5
9 19
9 20
9 0
10 17
10 4
10 16
10 21
10 19
10 23
10 20
10 3
10 0
10 1
10 13
11 15
11 9
11 7
11 18
11 8
11 21
11 5
11 19
11 20
11 22
11 0
11 1
11 2
11 13
12 17
12 4
12 16
12 19
12 23
12 20
12 22
12 3
12 0
12 1
12 2
12 13
14 9
14 7
14 10
14 17
14 4
14 5
14 19
14 23
14 20
14 22
14 3
14 0
14 1
14 2
14 13
15 18
15 6
15 10
15 4
15 16
15 21
15 5
15 23
15 20
15 3
15 0
15 1
15 2
16 21
16 22
16 3
16 1
16 2
16 13
17 16
17 19
17 23
17 20
17 22
17 3
17 0
17 1
17 2
17 13
18 6
18 8
18 12
18 10
18 17
18 21
18 5
18 19
18 23
18 3
18 1
18 13
19 23
19 20
19 22
19 3
19 0
19 1
20 22
20 3
20 0
20 1
20 2
21 5
21 19
21 23
21 20
21 22
21 3
21 0
21 2
21 13
22 3
22 1
22 13
23 20
23 22
23 3
23 0
23 1
23 13
