21 151
1 2
1 8
1 17
1 0
2 11
2 8
2 17
2 0
3 4
3 12
3 1
3 10
3 11
3 7
3 0
4 13
4 12
4 1
4 10
4 2
4 17
4 7
4 0
5 20
5 9
5 16
5 3
5 13
5 12
5 1
5 10
5 2
5 8
5 17
5 7
6 5
6 20
6 18
6 9
6 16
6 3
6 4
6 12
6 1
6 10
6 2
6 8
6 0
8 17
8 0
9 3
9 13
9 12
9 1
9 10
9 11
9 7
9 0
10 2
10 11
10 8
10 17
10 7
10 0
11 8
11 17
11 7
11 0
12 2
12 17
12 7
12 0
13 12
13 1
13 10
13 11
13 8
13 17
13 7
13 0
14 5
14 20
14 18
14 16
14 3
14 4
14 12
14 10
14 2
14 11
14 8
14 17
14 0
15 19
15 5
15 20
15 9
15 16
15 3
15 4
15 10
15 2
15 11
15 8
15 17
15 7
16 3
16 1
16 10
16 2
16 11
16 8
16 17
16 7
16 0
17 7
17 0
18 9
18 16
18 1
18 2
18 11
18 8
18 17
19 14
19 20
19 18
19 9
19 16
19 3
19 13
19 12
19 10
19 2
19 11
19 8
19 7
20 18
20 9
20 16
20 3
20 4
20 13
20 12
20 1
20 2
20 11
20 8
20 17
20 7
20 0
