22 115
0 5
0 3
0 12
0 4
0 20
0 1
0 14
2 9
2 13
2 11
2 15
2 17
2 8
2 16
2 5
2 10
2 21
2 1
2 14
3 12
3 20
3 21
3 1
3 14
4 20
4 21
5 3
5 21
5 1
6 12
6 10
6 14
7 19
7 2
7 15
7 16
7 6
7 3
7 4
7 1
7 14
8 18
8 0
8 6
8 5
8 3
8 12
8 10
8 4
8 21
8 14
9 11
9 17
9 8
9 18
9 16
9 5
9 10
9 4
9 14
10 4
10 1
10 14
11 15
11 8
11 18
11 16
11 0
11 5
11 3
11 10
11 4
11 20
11 14
12 4
12 21
12 1
13 15
13 8
13 3
13 12
13 10
13 4
13 21
15 8
15 18
15 0
15 6
15 5
15 10
15 20
15 21
16 5
16 10
17 16
17 3
17 12
18 6
18 5
18 3
18 12
18 1
19 15
19 17
19 0
19 6
19 3
19 10
19 4
19 20
19 1
20 21
20 1
20 14
21 1
