22 166
0 3
0 5
0 19
0 14
0 2
0 4
0 11
0 20
0 9
0 8
0 18
0 1
0 17
0 6
0 16
1 17
1 16
2 4
2 11
2 21
2 20
2 9
2 8
2 18
2 1
2 16
3 15
3 13
3 5
3 19
3 2
3 4
3 11
3 21
3 20
3 9
3 18
3 1
3 17
3 6
4 21
4 20
4 8
4 1
4 17
5 19
5 14
5 2
5 4
5 11
5 21
5 8
5 6
5 16
7 0
7 15
7 13
7 5
7 19
7 14
7 4
7 11
7 20
7 9
7 18
7 1
7 6
8 18
8 1
8 17
8 6
8 16
9 8
9 18
9 1
9 17
9 6
10 7
10 0
10 3
10 15
10 13
10 5
10 19
10 14
10 2
10 4
10 11
10 20
10 18
10 17
10 6
10 16
11 21
11 20
11 8
11 18
11 1
11 6
12 7
12 0
12 15
12 13
12 2
12 11
12 21
12 20
12 9
12 1
12 17
12 6
12 16
13 5
13 4
13 9
13 1
13 17
14 2
14 11
14 21
14 9
14 8
14 18
14 1
14 17
14 6
14 16
15 5
15 19
15 14
15 2
15 4
15 21
15 20
15 9
15 8
15 1
15 17
15 16
17 6
17 16
18 1
18 17
18 6
19 14
19 4
19 11
19 20
19 9
19 8
19 18
19 1
19 17
19 6
20 8
20 1
20 17
20 6
20 16
21 20
21 9
21 8
21 18
21 17
21 6
21 16
