18 118
0 5
0 8
0 12
0 15
0 3
0 14
0 11
0 9
0 7
1 4
1 0
1 12
1 15
1 14
1 13
1 9
1 7
2 16
2 17
2 10
2 1
2 4
2 0
2 5
2 8
2 3
2 11
2 9
2 7
3 14
3 11
3 9
3 7
4 0
4 5
4 8
4 12
4 15
4 3
4 14
4 13
4 9
4 7
5 8
5 15
5 3
5 14
5 13
6 16
6 17
6 10
6 1
6 4
6 0
6 5
6 12
6 15
6 3
6 14
6 13
6 9
6 7
8 11
8 13
8 9
8 7
9 7
10 1
10 4
10 0
10 5
10 8
10 12
10 3
10 11
10 13
10 7
11 13
11 9
11 7
12 15
12 3
12 14
12 11
12 9
12 7
13 9
13 7
14 13
14 9
15 3
15 14
15 13
15 9
15 7
16 17
16 10
16 1
16 0
16 5
16 8
16 15
16 3
16 14
16 11
16 13
16 9
17 10
17 4
17 0
17 8
17 12
17 15
17 3
17 14
17 11
17 9
17 7
