18 102
0 3
0 1
0 13
0 6
0 2
0 4
1 6
1 2
2 4
3 7
3 1
3 13
3 6
3 4
5 15
5 11
5 0
5 9
5 3
5 7
5 1
5 17
5 6
5 4
6 2
6 4
7 1
7 13
7 17
7 6
7 2
7 4
8 0
8 9
8 7
8 13
8 17
8 4
9 7
9 1
9 13
9 17
9 2
9 4
10 5
10 12
10 15
10 0
10 9
10 3
10 13
10 2
11 0
11 7
11 13
11 17
11 6
11 2
12 8
12 11
12 0
12 9
12 7
12 1
12 13
12 6
12 2
12 4
13 2
13 4
14 10
14 5
14 15
14 0
14 3
14 7
14 13
14 17
14 6
15 11
15 0
15 9
15 3
15 1
15 13
15 4
16 14
16 10
16 12
16 8
16 11
16 3
16 7
16 1
16 13
16 17
16 6
16 2
16 4
17 6
17 2
17 4
