19 117
0 9
1 12
1 14
1 2
1 18
1 17
1 10
1 9
2 18
2 17
2 10
2 9
3 12
3 14
3 2
3 18
3 17
3 10
3 9
4 5
4 3
4 12
4 14
4 2
4 18
4 17
4 10
4 13
4 0
4 9
5 1
5 14
5 17
5 10
5 13
5 9
6 8
6 5
6 1
6 12
6 2
6 18
6 10
6 0
6 9
7 8
7 5
7 3
7 1
7 15
7 12
7 18
7 10
7 13
7 9
8 1
8 15
8 12
8 14
8 2
8 18
8 17
8 10
8 13
8 0
8 9
10 13
10 0
10 9
11 7
11 4
11 6
11 8
11 5
11 3
11 1
11 12
11 14
11 2
11 17
11 10
11 13
11 9
12 14
12 2
12 18
12 17
12 10
12 13
12 0
12 9
13 9
14 2
14 18
14 17
14 13
14 0
14 9
15 12
15 14
15 2
15 18
15 13
15 9
16 11
16 8
16 3
16 17
16 10
16 13
16 9
17 10
17 0
17 9
18 10
18 13
18 9
