22 118
0 5
0 10
0 1
1 2
2 9
2 20
2 15
2 7
3 12
3 0
3 4
3 5
3 10
3 9
3 20
3 7
4 5
4 16
4 2
4 20
4 7
5 9
5 7
6 21
6 14
6 18
6 12
6 17
6 4
6 5
6 16
6 1
6 2
6 9
6 15
8 19
8 18
8 12
8 0
8 17
8 10
8 16
8 1
8 2
8 15
9 20
9 15
10 1
10 2
10 7
11 12
11 0
11 17
11 4
11 2
11 9
11 20
12 0
12 17
12 4
12 10
12 2
12 15
13 21
13 3
13 4
13 5
13 10
13 16
13 1
13 2
13 9
13 7
14 18
14 11
14 3
14 17
14 5
14 16
14 9
14 15
14 7
15 7
16 9
16 7
17 4
17 1
17 2
17 9
17 20
18 3
18 12
18 10
18 16
18 1
19 14
19 18
19 11
19 3
19 12
19 17
19 4
19 15
19 7
20 15
21 19
21 18
21 11
21 3
21 12
21 0
21 17
21 4
21 10
21 1
21 2
21 20
21 7
