23 171
1 20
1 7
1 9
1 22
1 16
1 5
1 2
1 3
1 12
1 6
1 11
1 13
1 0
2 17
2 3
2 12
2 6
2 11
2 13
2 15
3 12
3 6
3 13
3 15
3 0
4 14
4 10
4 19
4 20
4 7
4 18
4 5
4 17
4 12
4 13
5 17
5 3
5 12
5 6
5 11
5 13
6 11
6 13
6 15
6 0
7 9
7 22
7 21
7 16
7 5
7 2
7 17
7 6
7 11
7 15
8 4
8 19
8 7
8 9
8 16
8 5
8 2
8 3
8 12
8 6
8 11
8 13
9 22
9 21
9 5
9 2
9 17
9 3
9 12
9 6
9 11
9 13
9 0
10 19
10 1
10 9
10 21
10 16
10 18
10 17
10 3
10 12
10 6
10 15
11 13
11 15
12 11
12 13
12 0
13 15
13 0
14 20
14 7
14 22
14 21
14 16
14 5
14 12
14 6
14 13
14 15
15 0
16 18
16 5
16 2
16 17
16 3
16 12
16 6
16 11
16 13
16 15
16 0
17 3
17 12
17 6
17 15
18 5
18 2
18 3
18 12
18 6
18 11
18 13
18 0
19 20
19 7
19 9
19 21
19 18
19 2
19 17
19 3
19 12
19 6
19 11
19 13
19 15
19 0
20 9
20 22
20 16
20 5
20 2
20 3
20 6
20 11
20 0
21 16
21 5
21 2
21 17
21 3
21 12
21 6
21 11
21 13
22 16
22 5
22 17
22 3
22 12
22 11
22 13
22 15
22 0
