25 210
0 7
0 5
0 24
0 18
0 22
0 3
0 8
0 23
0 15
0 9
0 1
1 14
1 20
2 12
2 11
2 0
2 10
2 5
2 4
2 22
2 3
2 8
2 23
2 15
2 9
2 14
2 20
3 8
3 23
3 15
3 14
4 24
4 18
4 19
4 22
4 23
4 15
4 9
4 1
4 14
4 20
5 24
5 18
5 22
5 3
5 23
5 15
5 1
5 14
5 20
6 2
6 12
6 17
6 11
6 0
6 10
6 7
6 5
6 19
6 22
6 3
6 8
6 15
6 1
6 20
7 5
7 24
7 18
7 22
7 3
7 23
7 1
7 14
8 23
8 9
8 1
8 14
8 20
10 5
10 4
10 19
10 3
10 8
10 23
10 9
10 1
10 14
10 20
11 10
11 5
11 18
11 19
11 22
11 8
11 9
12 17
12 11
12 10
12 5
12 4
12 24
12 18
12 19
12 22
12 3
12 8
12 23
12 9
12 1
12 20
13 2
13 12
13 17
13 11
13 10
13 7
13 4
13 24
13 18
13 19
13 22
13 23
13 15
13 9
13 20
15 1
15 14
16 21
16 13
16 2
16 12
16 11
16 0
16 5
16 4
16 24
16 19
16 8
16 23
16 15
16 9
16 1
16 14
16 20
17 11
17 0
17 10
17 5
17 24
17 18
17 19
17 22
17 3
17 23
17 15
17 9
17 1
17 14
17 20
18 3
18 8
18 23
18 15
18 14
19 22
19 3
19 8
19 23
19 15
19 9
19 1
19 14
19 20
21 13
21 6
21 2
21 17
21 11
21 0
21 10
21 7
21 5
21 4
21 18
21 22
21 3
21 8
21 23
21 15
21 9
21 14
21 20
22 3
22 8
22 23
22 15
22 14
22 20
23 15
23 1
23 14
23 20
24 18
24 22
24 3
24 8
24 15
24 9
24 1
24 20
