20 136
0 18
0 5
0 7
0 17
0 12
1 6
1 8
1 15
1 0
1 4
1 18
1 9
1 17
1 10
1 12
1 14
2 1
2 6
2 8
2 16
2 3
2 19
2 0
2 4
2 13
2 18
2 5
2 7
2 11
2 9
2 10
2 12
3 15
3 0
3 4
3 5
3 7
3 11
3 17
3 10
3 12
4 13
4 18
4 5
4 7
4 9
5 7
5 11
5 17
5 12
6 16
6 3
6 19
6 15
6 0
6 4
6 13
6 5
6 7
6 11
6 9
6 10
6 12
6 14
7 11
7 9
7 10
7 14
8 16
8 3
8 19
8 15
8 0
8 4
8 13
8 18
8 5
8 7
8 11
8 9
8 17
8 10
8 12
8 14
9 17
9 10
9 12
9 14
10 12
10 14
11 9
11 17
11 10
11 12
11 14
12 14
13 18
13 11
13 9
13 10
13 12
13 14
15 0
15 13
15 18
15 5
15 7
15 11
15 9
15 17
15 12
16 3
16 19
16 15
16 4
16 18
16 11
16 17
16 10
16 14
17 10
18 5
18 7
18 11
18 9
18 17
18 12
18 14
19 15
19 4
19 13
19 5
19 7
19 10
19 12
19 14
