22 157
1 7
1 0
1 8
2 6
2 7
2 13
3 4
3 10
3 21
3 9
3 20
3 2
3 16
3 7
3 0
4 10
4 5
4 2
4 6
4 16
4 1
4 7
4 13
4 8
5 6
5 1
5 0
6 16
6 13
6 0
6 8
7 13
7 0
7 8
9 20
9 16
9 7
9 13
9 0
9 8
10 21
10 5
10 2
10 6
10 16
10 1
10 7
10 13
10 0
10 8
11 15
11 14
11 21
11 9
11 20
11 2
11 6
11 16
11 7
11 13
11 0
12 19
12 17
12 3
12 11
12 15
12 14
12 4
12 10
12 6
12 16
12 1
12 7
12 13
13 0
13 8
14 10
14 21
14 9
14 5
14 6
14 16
14 1
14 7
14 13
14 8
15 10
15 21
15 9
15 20
15 16
15 7
15 13
15 0
15 8
16 1
16 7
16 0
16 8
17 3
17 15
17 14
17 10
17 21
17 9
17 20
17 2
17 7
17 13
17 0
18 12
18 17
18 11
18 15
18 14
18 4
18 10
18 21
18 9
18 20
18 5
18 2
18 6
18 16
18 7
18 13
18 0
18 8
19 17
19 3
19 11
19 14
19 4
19 10
19 21
19 9
19 5
19 2
19 6
19 16
19 1
19 7
19 0
19 8
20 16
20 1
20 13
20 0
20 8
21 9
21 5
21 6
21 16
21 1
21 7
21 13
21 0
