22 161
0 9
1 5
1 6
1 0
1 9
2 3
2 1
2 13
2 0
3 4
3 19
3 1
3 5
3 6
3 9
4 19
4 13
4 5
4 6
4 0
5 6
5 0
6 0
7 20
7 18
7 11
7 19
7 1
7 5
7 0
7 9
8 10
8 16
8 12
8 7
8 20
8 18
8 2
8 11
8 4
8 19
8 1
8 13
8 5
8 6
8 9
10 17
10 16
10 15
10 12
10 7
10 18
10 11
10 3
10 19
10 1
10 13
10 5
10 6
10 0
10 9
11 3
11 19
11 5
11 0
11 9
12 14
12 7
12 20
12 18
12 2
12 11
12 4
12 1
12 13
12 5
12 6
12 9
13 5
13 6
13 0
13 9
14 20
14 2
14 11
14 3
14 4
14 1
14 13
14 5
14 6
14 9
15 12
15 7
15 20
15 18
15 2
15 11
15 3
15 4
15 1
15 13
15 5
15 0
15 9
16 15
16 7
16 18
16 2
16 11
16 3
16 4
16 19
16 13
16 5
16 6
16 0
17 16
17 15
17 12
17 14
17 7
17 20
17 2
17 11
17 4
17 19
17 1
17 5
17 6
17 0
17 9
18 2
18 19
18 13
18 5
18 0
18 9
19 1
19 13
19 5
19 6
19 0
19 9
20 18
20 3
20 4
20 19
20 0
21 16
21 15
21 12
21 7
21 20
21 2
21 4
21 19
21 13
21 5
21 6
21 0
