23 172
0 8
0 2
0 12
0 10
0 17
0 4
0 7
0 5
0 14
0 19
0 15
0 21
1 10
1 4
1 7
1 5
1 14
1 15
1 21
1 9
2 18
2 13
2 1
2 17
2 14
2 19
2 21
3 6
3 8
3 18
3 13
3 12
3 1
3 4
3 5
3 14
3 19
3 15
3 9
4 5
4 14
4 15
4 9
5 14
5 19
5 21
6 8
6 2
6 18
6 12
6 1
6 10
6 17
6 7
6 5
6 14
6 19
6 15
7 14
7 19
7 15
7 21
7 9
8 2
8 18
8 13
8 17
8 4
8 19
8 21
8 9
10 17
10 4
10 7
10 5
10 14
10 19
10 15
10 21
10 9
11 16
11 3
11 22
11 0
11 6
11 8
11 2
11 12
11 1
11 4
11 7
11 14
11 19
11 21
11 9
12 1
12 10
12 17
12 4
12 14
12 21
12 9
13 12
13 1
13 10
13 17
13 7
13 5
13 14
13 9
15 21
15 9
16 22
16 0
16 6
16 8
16 2
16 18
16 1
16 4
16 7
16 5
16 19
16 15
16 21
16 9
17 4
17 7
17 5
17 14
17 15
17 21
17 9
18 12
18 1
18 17
18 7
18 14
18 19
18 21
18 9
19 15
19 21
20 3
20 22
20 6
20 8
20 18
20 13
20 12
20 1
20 10
20 17
20 19
20 15
20 21
20 9
22 0
22 6
22 8
22 2
22 18
22 13
22 12
22 10
22 7
22 5
22 14
22 19
22 15
22 21
22 9
