25 210
0 8
0 6
0 13
0 21
0 17
1 22
1 20
1 14
1 16
1 7
1 10
1 2
1 24
1 15
1 12
1 4
1 8
1 6
1 13
1 17
1 3
2 11
2 0
2 8
2 6
2 17
2 3
4 0
4 6
4 21
4 17
4 3
5 9
5 1
5 22
5 20
5 14
5 7
5 18
5 10
5 23
5 2
5 24
5 15
5 12
5 0
5 8
5 6
5 13
5 17
6 13
6 17
6 3
7 18
7 23
7 2
7 24
7 15
7 11
7 4
7 8
7 6
7 21
7 17
7 3
8 13
8 21
8 3
9 1
9 14
9 16
9 18
9 10
9 23
9 2
9 15
9 4
9 0
9 13
9 21
9 17
10 23
10 2
10 24
10 15
10 12
10 4
10 0
10 13
10 21
10 17
11 12
11 4
11 0
11 8
11 6
11 13
11 3
12 4
12 0
12 8
12 6
12 13
12 21
12 17
13 21
14 7
14 18
14 10
14 23
14 2
14 24
14 15
14 12
14 4
14 0
14 8
14 6
14 21
14 3
15 11
15 12
15 8
15 6
15 13
15 21
15 17
15 3
16 7
16 18
16 2
16 24
16 11
16 12
16 4
16 0
16 8
16 13
16 17
16 3
17 3
18 23
18 2
18 15
18 12
18 0
18 6
18 13
18 17
18 3
19 5
19 9
19 1
19 22
19 14
19 16
19 7
19 18
19 2
19 24
19 15
19 4
19 0
19 6
19 13
19 3
20 16
20 18
20 10
20 24
20 15
20 0
20 8
20 6
20 17
20 3
21 17
21 3
22 20
22 14
22 16
22 18
22 23
22 2
22 24
22 11
22 12
22 0
22 8
22 6
22 13
22 21
23 2
23 11
23 12
23 4
23 0
23 6
23 21
23 17
23 3
24 11
24 12
24 0
24 8
24 6
24 13
24 21
24 17
24 3
