24 147
1 14
1 7
1 13
1 23
1 9
1 2
1 0
2 0
3 21
3 12
3 23
3 20
3 6
3 9
3 22
3 0
4 17
4 21
4 12
4 20
4 22
4 11
5 7
5 4
5 17
5 21
5 12
5 23
5 6
5 9
5 22
5 19
5 18
5 11
5 2
5 0
6 9
6 22
6 19
6 11
6 0
7 4
7 13
7 17
7 3
7 21
7 12
7 23
7 20
7 9
7 22
7 19
7 11
7 2
7 0
8 14
8 16
8 7
8 13
8 17
8 21
8 20
8 6
8 9
8 19
9 22
9 19
9 2
10 16
10 5
10 7
10 3
10 21
10 9
10 22
10 0
12 9
12 22
12 2
12 0
13 17
13 21
13 12
13 20
13 6
13 9
13 22
13 2
13 0
14 4
14 21
14 20
14 22
14 19
14 18
14 11
14 0
15 8
15 10
15 1
15 5
15 4
15 3
15 12
15 23
15 20
15 9
15 22
15 19
15 18
15 11
15 2
16 4
16 3
16 21
16 12
16 23
16 9
16 18
16 11
16 2
16 0
17 23
17 9
17 22
17 11
18 2
18 0
19 2
20 6
20 9
21 12
21 23
21 20
21 6
21 9
21 22
21 11
21 0
22 18
23 20
23 6
23 19
23 18
23 11
23 2
23 0
