21 141
0 19
0 20
0 8
0 13
0 12
0 10
0 1
0 17
1 17
2 15
2 3
2 9
2 0
2 8
2 13
2 14
2 6
2 10
2 1
3 9
3 0
3 19
3 8
3 13
3 14
3 10
3 1
3 17
4 20
4 8
4 18
4 13
4 12
4 10
4 17
5 3
5 9
5 19
5 4
5 18
5 13
5 12
5 14
5 6
5 10
5 17
6 10
6 1
6 17
7 2
7 11
7 15
7 5
7 3
7 9
7 8
7 18
7 14
7 6
7 10
8 18
8 13
8 12
8 14
8 6
8 10
8 1
8 17
9 4
9 8
9 14
9 6
9 10
9 1
9 17
10 1
11 15
11 5
11 9
11 0
11 19
11 4
11 20
11 8
11 18
11 13
12 10
12 1
12 17
13 12
13 6
13 10
13 1
13 17
14 6
14 10
14 1
15 5
15 3
15 9
15 0
15 4
15 8
15 18
15 13
15 12
15 14
15 6
15 10
16 7
16 2
16 11
16 15
16 5
16 3
16 9
16 0
16 4
16 13
16 12
16 14
16 10
16 1
16 17
18 13
18 12
18 14
18 10
18 17
19 4
19 18
19 12
19 14
19 10
19 17
20 8
20 18
20 13
20 6
20 1
20 17
