22 110
0 13
0 16
0 18
0 12
0 19
0 8
1 0
1 15
1 13
1 18
1 10
1 3
1 20
2 18
2 12
2 5
2 19
2 8
3 4
3 20
4 20
5 19
5 8
5 3
5 20
6 9
6 2
6 21
6 18
6 10
6 5
6 19
6 8
6 3
6 20
7 1
7 14
7 2
7 16
7 18
7 10
7 12
7 5
7 3
7 20
9 7
9 2
9 0
9 13
9 16
9 10
11 14
11 2
11 0
11 13
11 18
11 10
11 12
11 19
11 8
11 3
11 20
12 3
12 4
13 16
13 18
13 12
13 3
13 4
14 0
14 21
14 15
14 13
14 16
14 18
14 10
14 12
14 5
14 19
14 8
14 20
15 13
15 10
15 5
15 8
15 3
15 4
16 18
16 5
16 3
16 20
17 6
17 9
17 7
17 1
17 2
17 15
17 13
17 16
17 12
17 19
17 8
17 4
18 8
18 3
19 20
21 16
21 12
21 5
21 19
