21 113
0 11
0 2
0 15
0 13
0 9
0 1
0 18
1 18
2 13
2 6
2 9
2 18
3 7
3 4
3 20
3 0
3 19
3 2
3 15
3 8
3 1
4 20
4 0
4 14
4 11
4 13
4 6
4 9
4 18
5 3
5 7
5 17
5 0
5 19
5 14
5 13
5 8
5 6
5 9
5 1
5 18
6 9
6 12
7 20
7 17
7 10
7 16
7 0
7 19
7 11
7 2
7 15
7 9
8 6
8 1
8 12
9 18
10 16
10 0
10 19
10 11
10 2
10 13
10 8
10 1
10 12
11 2
11 15
11 13
11 8
11 9
11 12
11 18
12 18
13 8
13 1
13 18
14 11
14 13
14 1
15 8
15 6
15 9
15 12
15 18
16 0
16 2
16 13
16 8
16 6
16 12
17 10
17 11
17 2
17 8
17 6
17 9
17 1
17 18
19 11
19 2
19 6
19 12
20 17
20 0
20 19
20 14
20 11
20 15
20 8
20 6
20 1
20 12
