25 205
0 21
1 22
1 11
1 24
1 6
1 0
1 21
1 2
3 15
3 8
3 22
3 24
3 6
3 5
3 0
3 2
4 14
4 3
4 15
4 1
4 24
4 5
4 17
4 21
4 2
5 17
5 21
5 2
6 5
6 2
7 10
7 4
7 9
7 14
7 12
7 3
7 16
7 15
7 1
7 22
7 11
7 24
7 5
7 17
7 0
7 21
7 2
8 1
8 11
8 6
8 5
8 17
8 0
8 21
8 2
9 14
9 3
9 16
9 15
9 1
9 24
9 6
9 17
9 0
9 21
9 2
10 4
10 9
10 12
10 16
10 15
10 1
10 22
10 11
10 24
10 6
10 17
10 21
10 2
11 24
11 6
11 5
11 17
11 0
12 3
12 15
12 8
12 11
12 24
12 6
12 5
12 0
12 21
12 2
13 19
13 20
13 23
13 7
13 10
13 4
13 9
13 14
13 3
13 16
13 1
13 22
13 11
13 24
13 6
13 5
13 17
13 0
13 21
13 2
14 12
14 3
14 15
14 1
14 22
14 5
14 17
14 0
14 21
14 2
15 8
15 1
15 22
15 11
15 6
15 5
15 17
15 0
15 21
16 15
16 1
16 11
16 24
16 6
16 5
16 17
18 13
18 19
18 20
18 10
18 3
18 16
18 15
18 1
18 22
18 11
18 6
18 5
18 0
18 21
18 2
19 20
19 23
19 10
19 4
19 12
19 16
19 22
19 6
19 17
19 0
19 21
19 2
20 23
20 7
20 4
20 9
20 3
20 16
20 15
20 1
20 24
20 6
20 17
20 2
21 2
22 11
22 24
22 6
22 5
22 0
22 2
23 10
23 12
23 3
23 16
23 15
23 8
23 1
23 22
23 11
23 24
23 5
23 17
23 0
23 21
23 2
24 17
24 0
24 21
24 2
