24 187
0 3
0 4
0 11
0 12
0 14
0 15
0 13
0 1
0 17
0 16
0 18
0 9
0 8
1 17
1 18
1 9
1 7
1 8
1 6
1 5
2 10
2 0
2 4
2 11
2 12
2 15
2 21
2 13
2 17
2 18
2 7
2 8
2 23
2 6
2 5
3 4
3 12
3 14
3 15
3 21
3 1
3 17
3 16
3 18
3 9
3 7
3 8
3 5
4 11
4 12
4 15
4 21
4 17
4 9
4 7
4 23
4 6
4 5
7 8
7 23
7 5
8 23
8 6
8 5
9 7
9 8
9 6
10 0
10 3
10 4
10 11
10 15
10 13
10 1
10 17
10 16
10 9
10 7
10 8
10 5
11 14
11 22
11 21
11 13
11 17
11 9
11 8
11 23
11 6
11 5
12 14
12 21
12 13
12 1
12 16
12 18
12 7
12 23
12 6
12 5
13 1
13 17
13 16
13 9
13 7
13 8
13 23
13 6
14 22
14 15
14 21
14 13
14 16
14 18
14 8
14 23
14 6
15 21
15 13
15 1
15 17
15 18
15 9
15 7
15 5
16 9
16 8
16 23
16 6
17 16
17 9
17 7
17 8
17 23
17 6
17 5
18 9
18 8
18 23
18 6
18 5
19 20
19 10
19 3
19 4
19 11
19 12
19 14
19 22
19 15
19 21
19 13
19 17
19 16
19 18
19 9
19 7
19 8
19 23
19 5
20 10
20 0
20 3
20 12
20 14
20 15
20 13
20 1
20 8
20 23
20 5
21 13
21 17
21 16
21 18
21 9
21 7
21 6
21 5
22 21
22 1
22 16
22 18
22 7
22 8
23 6
23 5
