23 129
0 19
0 13
0 8
0 9
0 14
0 1
0 4
0 5
1 4
1 2
1 17
2 17
2 5
4 17
4 3
6 19
6 8
6 16
6 9
6 10
6 20
6 1
6 2
6 17
6 3
6 5
7 14
7 20
7 12
7 5
8 7
8 9
8 20
8 4
8 17
9 14
9 20
9 1
9 2
9 17
9 3
9 5
10 20
10 1
10 3
11 22
11 7
11 16
11 9
11 1
11 12
11 17
11 3
12 4
12 3
12 5
13 8
13 7
13 20
13 1
13 4
13 2
13 17
13 3
14 10
14 1
14 4
14 17
14 3
14 5
15 21
15 22
15 0
15 19
15 8
15 16
15 9
15 10
15 20
15 1
15 4
15 17
15 3
15 5
16 9
16 14
16 20
16 1
16 12
16 3
18 6
18 22
18 13
18 8
18 7
18 10
18 20
18 12
18 4
18 2
18 5
19 13
19 9
19 14
19 10
19 1
19 12
19 17
20 1
20 12
20 2
20 3
20 5
21 22
21 8
21 7
21 10
21 20
21 1
21 12
21 2
21 17
21 3
21 5
22 13
22 7
22 10
22 20
22 12
