20 133
0 12
0 19
0 4
0 1
0 18
0 10
0 5
0 3
0 6
0 11
0 9
0 15
1 18
1 10
1 5
1 6
1 9
1 15
1 17
1 2
3 6
3 11
3 9
3 15
3 17
3 2
4 1
4 18
4 10
4 3
4 6
4 11
4 9
4 15
4 17
5 3
5 6
5 11
5 9
5 17
5 2
6 11
6 9
6 15
6 17
7 19
7 8
7 4
7 1
7 10
7 5
7 3
7 6
7 11
7 9
7 17
7 2
8 4
8 18
8 5
8 3
8 6
8 11
8 9
8 15
8 17
8 2
10 5
10 3
10 6
10 11
10 17
11 9
11 17
12 7
12 19
12 8
12 4
12 1
12 18
12 10
12 3
12 6
12 11
12 15
12 17
13 14
13 7
13 4
13 1
13 18
13 10
13 3
13 6
13 9
13 15
13 17
14 0
14 12
14 8
14 4
14 1
14 10
14 6
14 9
14 15
15 2
16 13
16 14
16 7
16 19
16 10
16 5
16 3
16 6
16 11
16 9
16 17
16 2
17 2
18 5
18 3
18 11
18 9
18 17
18 2
19 8
19 1
19 18
19 5
19 3
19 17
19 2
