23 184
0 21
1 13
1 6
1 3
1 12
1 11
1 22
1 18
1 8
1 20
1 19
1 0
1 7
1 2
2 21
2 4
3 11
3 10
3 22
3 18
3 15
3 8
3 9
3 16
3 19
3 5
3 14
3 0
3 7
3 2
3 4
5 14
5 0
5 2
5 21
6 3
6 11
6 10
6 22
6 18
6 8
6 16
6 20
6 19
6 5
6 14
6 0
6 7
6 2
6 21
6 4
7 2
7 21
7 4
8 16
8 20
8 19
8 5
8 14
8 0
8 7
9 20
9 19
9 5
9 14
9 0
9 7
9 21
9 4
10 18
10 9
10 20
10 19
10 14
10 0
10 7
10 2
10 21
10 4
11 22
11 18
11 15
11 9
11 16
11 20
11 14
11 0
11 7
11 21
12 11
12 10
12 22
12 18
12 15
12 9
12 20
12 19
12 5
12 7
12 21
12 4
13 6
13 3
13 11
13 10
13 15
13 16
13 20
13 19
13 5
13 14
13 0
13 7
13 2
13 21
13 4
14 0
14 7
14 21
15 8
15 9
15 16
15 20
15 5
15 7
15 21
15 4
16 20
16 19
16 14
16 0
16 7
16 21
16 4
17 1
17 13
17 6
17 3
17 12
17 18
17 15
17 8
17 16
17 20
17 19
17 0
17 7
17 2
17 4
18 8
18 9
18 16
18 20
18 19
18 5
18 14
18 0
18 7
18 21
18 4
19 5
19 14
19 0
19 7
19 2
19 4
20 19
20 7
20 2
20 21
20 4
21 4
22 18
22 15
22 8
22 9
22 20
22 19
22 5
22 0
22 7
22 2
22 21
22 4
