20 104
0 1
0 18
0 17
1 18
1 2
1 6
1 17
2 6
2 17
3 1
3 18
4 11
4 14
4 3
4 0
4 1
4 18
5 16
5 10
5 4
5 9
5 15
5 0
5 18
5 2
5 17
6 17
7 14
7 15
7 19
7 3
7 0
7 13
7 1
7 18
7 6
8 7
8 9
8 15
8 3
8 0
8 13
8 1
8 18
8 6
8 17
9 3
9 0
9 13
9 1
9 18
9 2
10 12
10 8
10 7
10 4
10 9
10 15
10 19
10 3
10 1
10 2
10 17
11 9
11 15
11 0
11 18
11 2
11 6
12 4
12 11
12 18
12 17
13 1
13 18
13 2
13 17
14 9
14 15
14 19
14 3
14 0
14 2
15 19
15 1
15 18
15 2
15 6
15 17
16 10
16 8
16 7
16 4
16 11
16 15
16 3
16 13
16 17
18 17
19 0
19 13
19 18
19 6
19 17
