22 120
1 18
2 4
2 10
3 18
5 6
5 13
5 7
5 3
5 18
5 2
5 10
6 11
6 1
6 21
6 3
6 18
6 10
6 0
7 15
7 21
7 4
7 0
8 5
8 19
8 9
8 16
8 6
8 14
8 13
8 3
8 2
8 0
9 16
9 13
9 7
9 15
9 12
9 21
9 18
9 10
10 0
11 14
11 7
11 12
11 1
11 21
11 4
11 10
11 0
12 1
12 21
12 18
12 4
13 7
13 15
13 12
13 1
13 21
13 3
13 4
13 10
13 0
14 13
14 7
14 12
14 1
14 21
14 3
14 10
14 0
15 12
15 1
15 3
15 18
15 0
16 6
16 13
16 7
16 15
16 18
17 8
17 19
17 14
17 7
17 15
17 12
17 1
17 3
17 18
17 2
17 4
17 10
17 0
18 2
18 10
18 0
19 9
19 6
19 13
19 12
19 1
19 21
19 2
20 5
20 19
20 9
20 16
20 6
20 13
20 7
20 15
20 12
20 3
20 18
20 10
21 3
21 18
21 4
21 10
21 0
