23 172
0 20
0 15
0 14
0 17
0 19
0 10
0 4
0 6
0 7
0 9
0 3
1 13
1 15
1 14
1 19
1 10
1 4
1 7
1 9
1 3
1 21
2 0
2 20
2 14
2 17
2 19
2 10
2 5
2 4
2 16
2 6
2 7
2 9
2 3
3 11
4 16
4 6
4 7
4 9
4 18
4 3
5 16
5 6
5 7
5 9
5 18
5 11
5 21
6 3
6 21
7 9
7 3
7 11
8 12
8 22
8 1
8 13
8 2
8 20
8 15
8 14
8 17
8 19
8 10
8 4
8 16
8 6
8 9
8 18
8 3
8 11
8 21
9 18
9 11
9 21
10 5
10 6
10 7
10 18
10 11
10 21
11 21
12 1
12 2
12 0
12 20
12 14
12 17
12 19
12 10
12 5
12 6
12 7
12 9
12 18
12 11
13 2
13 0
13 20
13 15
13 5
13 4
13 6
13 7
13 9
13 3
13 21
14 19
14 10
14 5
14 16
14 6
14 7
14 9
14 18
14 3
14 11
15 14
15 17
15 19
15 10
15 5
15 4
15 18
15 3
15 11
15 21
16 6
16 7
16 18
16 3
16 11
16 21
17 5
17 4
17 16
17 6
17 7
17 9
18 21
19 6
19 18
19 3
19 11
19 21
20 15
20 14
20 17
20 19
20 4
20 16
20 6
20 7
20 9
20 18
20 3
20 11
20 21
22 1
22 2
22 0
22 20
22 15
22 14
22 19
22 5
22 4
22 6
22 7
22 9
22 18
22 21
