19 120
0 18
0 5
0 4
0 2
0 8
0 15
0 1
0 9
0 10
0 14
0 13
1 9
1 10
1 14
1 13
2 6
2 8
2 10
2 13
3 0
3 18
3 5
3 7
3 2
3 8
3 15
3 1
3 9
3 10
3 14
4 2
4 6
4 8
4 1
4 9
4 10
4 14
5 7
5 4
5 2
5 6
5 15
5 1
5 9
5 10
5 14
6 8
6 15
6 10
7 2
7 6
7 8
7 15
7 1
7 9
7 10
7 13
8 15
8 1
8 10
8 14
9 13
10 14
10 13
11 17
11 3
11 12
11 5
11 7
11 2
11 8
11 15
11 1
11 9
11 10
11 13
12 0
12 18
12 5
12 7
12 2
12 6
12 8
12 15
12 9
12 13
15 9
15 14
15 13
16 11
16 12
16 0
16 18
16 5
16 7
16 4
16 6
16 15
16 10
16 14
16 13
17 3
17 0
17 18
17 5
17 7
17 6
17 8
17 15
17 1
17 9
17 10
18 5
18 7
18 6
18 8
18 15
18 9
18 14
18 13
