22 118
0 1
2 20
2 1
3 15
3 19
3 7
3 6
3 21
3 20
3 0
4 2
4 0
4 1
5 3
5 14
5 13
5 19
5 8
5 12
5 10
5 2
5 20
5 0
6 21
6 10
6 2
6 20
7 8
7 9
7 12
7 6
7 4
7 10
7 2
7 0
8 9
8 12
8 6
8 21
8 10
8 20
9 12
9 21
9 10
9 2
9 0
9 1
10 2
11 14
11 7
11 12
11 4
11 0
11 1
12 21
12 10
12 2
12 20
12 0
12 1
13 15
13 8
13 12
13 6
13 10
13 1
14 13
14 19
14 9
14 12
14 6
14 21
14 10
14 0
15 19
15 9
15 21
15 10
15 2
15 20
15 0
15 1
16 11
16 5
16 14
16 13
16 15
16 19
16 7
16 21
16 10
16 20
16 0
17 5
17 3
17 15
17 7
17 21
17 4
17 10
17 2
17 20
17 0
17 1
18 15
18 7
18 21
18 4
18 20
18 1
19 7
19 6
19 21
19 2
19 20
19 0
20 1
21 4
