22 105
0 1
0 5
0 20
0 14
0 3
0 7
0 18
0 2
1 9
1 3
1 18
1 13
1 8
2 8
3 16
3 8
4 15
4 1
4 5
4 20
4 7
4 16
4 8
5 7
5 2
5 13
5 8
6 12
6 1
6 11
6 9
6 18
6 16
6 13
7 18
7 13
7 8
9 20
9 7
9 18
9 2
9 16
10 21
10 17
10 6
10 12
10 11
10 3
10 13
10 8
11 9
11 20
11 3
11 18
12 1
12 11
12 20
12 3
12 7
12 18
12 16
13 8
14 3
14 13
15 0
15 1
15 5
15 20
15 3
15 7
15 16
15 13
15 8
17 15
17 6
17 0
17 9
17 14
17 3
17 2
17 16
17 8
18 2
19 10
19 17
19 15
19 11
19 20
19 3
19 13
19 8
20 3
20 2
20 16
21 17
21 15
21 0
21 1
21 11
21 9
21 20
21 3
21 18
21 13
21 8
