19 123
0 2
0 6
0 9
0 14
1 12
1 18
1 17
1 10
1 8
1 7
1 3
1 0
1 11
1 2
1 9
1 14
2 9
2 14
3 0
3 11
3 2
3 6
3 14
4 1
4 18
4 17
4 10
4 5
4 15
4 3
4 11
4 2
4 6
5 15
5 7
5 3
5 0
5 11
5 6
5 14
6 9
6 14
7 0
7 11
7 2
7 9
7 14
8 7
8 3
8 0
8 2
8 6
8 14
9 14
10 8
10 5
10 15
10 7
10 3
10 0
10 11
10 2
10 14
11 6
11 9
12 18
12 17
12 10
12 8
12 5
12 7
12 3
12 0
12 11
12 2
12 6
12 9
12 14
13 4
13 1
13 17
13 10
13 5
13 15
13 3
13 0
13 2
13 14
15 7
15 3
15 0
15 11
15 2
15 6
16 13
16 1
16 12
16 18
16 10
16 8
16 5
16 15
16 7
16 3
16 0
16 11
16 9
16 14
17 5
17 15
17 7
17 3
17 11
17 14
18 17
18 10
18 5
18 15
18 3
18 0
18 2
18 6
18 9
