21 120
0 15
0 11
0 3
0 4
0 13
0 5
0 6
1 9
1 18
1 16
1 8
1 7
1 2
1 15
1 4
1 13
1 12
1 5
2 10
2 3
2 4
2 19
2 13
2 12
2 6
3 4
3 19
3 12
3 6
4 13
4 5
4 6
7 15
7 10
7 11
7 3
7 13
7 12
7 5
7 6
8 0
8 15
8 10
8 11
8 4
8 19
9 18
9 16
9 8
9 7
9 0
9 2
9 4
9 13
9 5
9 6
10 11
10 3
10 4
10 19
10 13
11 3
11 4
11 13
11 12
11 5
13 6
14 9
14 18
14 16
14 2
14 11
14 3
14 4
14 12
14 6
15 10
15 4
15 13
15 12
15 5
15 6
16 8
16 7
16 0
16 2
16 11
16 3
16 4
16 19
16 13
16 12
17 14
17 9
17 18
17 0
17 4
17 13
17 12
17 5
18 16
18 8
18 7
18 15
18 11
18 4
18 19
18 13
18 12
18 5
18 6
19 12
19 5
19 6
20 9
20 16
20 7
20 15
20 11
20 13
