19 131
0 6
0 4
0 17
0 1
0 11
0 14
0 13
0 12
0 10
1 18
1 7
1 14
1 13
1 9
1 10
2 4
2 15
2 1
2 11
2 18
2 7
2 14
2 13
2 9
2 12
2 10
3 16
3 5
3 0
3 6
3 2
3 4
3 17
3 1
3 11
3 13
3 12
3 10
4 15
4 1
4 11
4 18
4 7
4 14
4 13
4 12
4 10
5 4
5 17
5 15
5 1
5 11
5 7
5 14
5 13
5 9
5 12
5 10
6 4
6 17
6 15
6 1
6 11
6 18
6 7
6 14
6 13
6 9
6 10
7 14
7 13
7 9
7 12
7 10
8 16
8 5
8 6
8 4
8 17
8 15
8 11
8 7
8 14
8 13
8 9
8 12
9 12
9 10
11 18
11 14
11 13
11 12
11 10
12 10
13 9
13 12
13 10
14 13
14 9
14 12
14 10
15 11
15 18
15 12
16 5
16 0
16 6
16 2
16 4
16 17
16 15
16 1
16 11
16 18
16 7
16 14
16 9
16 12
17 15
17 11
17 18
17 7
17 14
17 13
17 9
17 12
17 10
18 14
18 13
18 12
18 10
