24 148
0 4
0 8
0 18
0 16
0 5
0 13
0 3
1 6
1 19
1 21
1 17
1 12
1 0
1 16
1 10
1 7
1 3
2 10
2 13
2 3
4 8
4 16
4 10
4 13
4 7
4 3
5 10
5 7
5 3
6 19
6 11
6 9
6 20
6 4
6 8
6 18
6 10
6 13
6 7
6 3
7 3
8 18
8 5
8 13
8 7
8 3
9 12
9 0
9 4
10 13
10 3
11 2
11 17
11 0
11 18
11 16
11 5
11 10
11 7
12 20
12 4
12 8
12 18
12 16
12 5
12 13
13 3
14 1
14 6
14 21
14 23
14 2
14 17
14 9
14 12
14 8
14 5
14 10
15 14
15 21
15 23
15 11
15 12
15 20
15 0
15 8
15 18
15 16
15 13
16 5
16 13
16 3
17 9
17 12
17 20
17 8
17 18
17 5
17 13
18 10
18 7
19 21
19 23
19 2
19 9
19 0
19 4
19 8
19 18
19 16
19 5
19 10
19 13
19 7
20 0
20 4
20 18
20 5
20 13
20 3
21 23
21 11
21 12
21 20
21 13
22 14
22 19
22 21
22 2
22 9
22 4
22 8
22 16
22 5
22 10
22 13
22 3
23 17
23 9
23 12
23 20
23 4
23 8
23 18
23 16
23 13
23 7
23 3
