23 128
0 10
0 16
0 1
0 15
1 15
2 11
2 19
2 4
2 22
2 18
2 6
2 15
3 22
3 18
3 0
3 10
3 16
4 22
4 0
4 6
5 0
6 16
6 15
7 11
7 19
7 4
7 21
7 8
7 18
7 5
7 10
7 15
8 18
8 16
8 1
9 13
9 14
9 22
9 8
9 5
9 0
9 10
9 6
9 1
10 6
10 16
10 1
10 15
11 4
11 22
11 6
11 16
11 15
12 11
12 19
12 14
12 3
12 4
12 21
12 8
12 18
12 5
12 0
12 10
12 6
12 16
12 15
13 19
13 22
13 8
13 18
13 5
13 0
13 10
13 6
13 1
14 3
14 4
14 22
14 21
14 8
14 0
14 10
14 16
14 1
14 15
16 15
17 7
17 2
17 12
17 13
17 19
17 14
17 21
17 8
17 18
17 10
18 5
18 0
18 15
19 14
19 3
19 22
19 21
19 18
19 5
19 0
19 10
19 6
20 17
20 9
20 12
20 19
20 14
20 22
20 21
20 8
20 0
20 6
20 15
21 8
21 5
21 0
21 16
21 1
21 15
22 5
22 6
