19 116
0 3
0 6
0 8
0 18
0 12
0 13
0 14
0 4
0 7
0 5
0 11
1 9
1 15
1 16
1 3
1 8
1 18
1 10
1 13
1 5
1 11
2 16
2 8
2 18
2 10
2 13
2 14
2 4
2 5
3 18
3 10
3 12
3 13
3 14
3 11
4 5
5 11
6 8
6 18
6 4
6 7
6 5
6 11
7 5
8 18
8 10
8 12
8 7
8 11
9 2
9 15
9 0
9 3
9 6
9 8
9 18
9 10
9 12
9 13
9 14
9 4
9 5
9 11
10 12
10 14
10 4
10 7
10 5
10 11
12 13
12 14
12 7
12 11
13 7
13 5
13 11
14 4
14 7
14 11
15 16
15 3
15 8
15 18
15 10
15 13
15 14
15 4
15 7
15 5
16 3
16 6
16 8
16 18
16 10
16 14
16 7
16 11
17 16
17 0
17 3
17 6
17 18
17 10
17 12
17 13
17 14
17 4
17 7
17 5
17 11
18 10
18 12
18 13
18 14
18 4
18 7
