21 144
0 4
0 6
0 14
0 17
0 15
0 9
1 10
1 20
1 12
1 0
1 4
1 6
1 3
1 11
1 8
1 9
2 20
2 18
2 0
2 4
2 14
2 11
2 17
2 15
2 8
2 9
3 14
3 15
3 8
3 9
4 6
4 14
4 17
4 8
5 19
5 2
5 20
5 12
5 0
5 4
5 14
5 11
5 17
5 15
5 8
6 3
6 14
6 11
6 15
6 8
6 9
7 13
7 10
7 5
7 19
7 2
7 4
7 3
7 14
7 15
7 8
8 9
10 5
10 19
10 2
10 20
10 18
10 12
10 4
10 6
10 14
10 11
10 15
10 8
10 9
11 17
11 15
11 8
11 9
12 4
12 6
12 3
12 11
12 15
12 8
12 9
13 1
13 10
13 5
13 2
13 18
13 0
13 4
13 11
13 15
13 8
13 9
14 15
14 9
15 8
16 7
16 1
16 10
16 5
16 19
16 18
16 12
16 0
16 3
16 11
16 17
16 15
16 8
16 9
17 15
17 9
18 12
18 0
18 3
18 14
18 11
18 17
18 15
18 8
18 9
19 20
19 18
19 0
19 4
19 14
19 11
19 15
19 8
19 9
20 18
20 12
20 0
20 4
20 6
20 3
20 14
20 17
20 15
20 9
