23 116
0 15
0 7
0 5
1 0
1 15
1 7
1 19
1 12
2 16
2 9
2 1
2 13
2 6
2 0
2 5
4 1
4 13
4 15
4 3
4 19
6 0
6 21
6 7
6 3
6 5
7 3
7 19
7 12
7 5
8 6
8 0
8 21
8 7
8 19
8 12
9 8
9 6
9 15
9 5
10 20
10 2
10 1
10 8
10 13
10 6
10 0
10 3
10 19
10 12
10 5
11 20
11 9
11 8
11 13
11 0
11 21
11 19
11 12
11 5
13 6
13 0
13 3
13 5
14 2
14 16
14 4
14 1
14 8
14 13
14 21
14 7
14 3
14 19
15 12
15 5
16 9
16 4
16 8
16 15
16 7
16 3
17 20
17 16
17 9
17 4
17 1
17 8
17 13
17 0
17 15
17 21
17 19
18 11
18 20
18 16
18 4
18 1
18 15
18 3
18 19
18 5
19 12
20 9
20 1
20 8
20 13
20 6
20 7
20 19
20 12
20 5
21 5
22 16
22 1
22 15
22 3
