21 143
0 19
0 13
0 4
0 12
0 20
1 18
2 16
2 13
2 12
2 10
2 18
3 9
3 16
3 4
3 12
3 20
3 10
3 1
3 18
4 12
4 10
4 1
5 7
5 11
5 9
5 19
5 16
5 13
5 4
5 20
5 10
6 14
6 5
6 7
6 15
6 11
6 8
6 0
6 2
6 3
6 9
6 16
6 13
6 12
6 1
7 11
7 8
7 0
7 2
7 3
7 9
7 19
7 16
7 13
7 12
7 10
7 18
8 0
8 2
8 3
8 9
8 16
8 13
8 4
8 1
9 19
9 16
9 12
9 10
9 1
10 1
10 18
11 0
11 2
11 3
11 9
11 19
11 16
11 13
11 4
11 12
11 20
11 10
11 1
11 18
12 20
12 10
12 18
13 12
13 10
13 1
13 18
14 5
14 15
14 11
14 0
14 3
14 9
14 19
14 12
14 1
15 11
15 0
15 9
15 19
15 16
15 13
15 4
15 12
15 20
15 10
15 1
15 18
16 12
16 20
16 10
16 1
17 6
17 14
17 5
17 7
17 15
17 11
17 8
17 0
17 2
17 3
17 19
17 16
17 13
17 4
17 12
17 20
17 1
17 18
19 16
19 20
19 10
19 1
19 18
20 10
20 1
20 18
