24 198
0 13
0 21
0 23
0 16
0 11
0 17
0 2
0 20
0 15
0 18
0 7
1 12
1 9
1 4
1 6
1 22
1 0
1 23
1 16
1 11
1 17
1 10
1 3
1 2
1 20
1 15
1 18
2 15
2 7
2 19
3 2
3 15
3 18
3 7
3 19
4 6
4 22
4 0
4 21
4 11
4 10
4 3
4 2
4 20
4 15
4 7
4 19
5 8
5 12
5 9
5 4
5 14
5 6
5 22
5 0
5 13
5 23
5 10
5 3
5 2
5 20
5 18
5 7
5 19
6 22
6 0
6 13
6 23
6 16
6 11
6 17
6 10
6 3
6 15
6 18
6 7
6 19
7 19
8 1
8 12
8 4
8 14
8 6
8 0
8 13
8 23
8 16
8 11
8 17
8 3
8 2
8 15
8 18
9 4
9 14
9 0
9 13
9 16
9 11
9 17
9 10
9 3
9 2
9 20
9 15
9 18
9 7
9 19
10 2
10 20
10 15
11 17
11 10
11 2
11 19
12 9
12 4
12 14
12 0
12 13
12 23
12 16
12 11
12 17
12 10
12 3
12 2
12 20
12 15
12 19
13 21
13 23
13 16
13 11
13 17
13 10
13 3
13 20
13 7
14 6
14 22
14 0
14 11
14 17
14 2
14 20
14 15
14 18
14 7
14 19
15 18
15 7
15 19
16 11
16 17
16 10
16 2
16 20
16 15
16 18
16 7
17 3
17 2
17 20
17 15
17 18
17 7
17 19
18 7
20 15
20 18
20 19
21 23
21 16
21 11
21 17
21 20
21 15
21 18
21 7
22 0
22 13
22 21
22 16
22 11
22 17
22 10
22 2
22 20
22 18
22 7
22 19
23 2
23 20
23 15
23 18
23 7
23 19
