20 126
0 19
0 18
0 17
0 12
0 16
1 15
1 13
1 14
1 0
1 19
1 11
1 17
1 12
1 16
2 5
2 15
2 7
2 13
2 0
2 19
2 9
2 4
2 11
2 18
2 17
2 12
3 2
3 5
3 1
3 15
3 7
3 13
3 14
3 19
3 18
3 17
3 12
3 16
4 11
4 18
4 12
5 15
5 13
5 14
5 19
5 18
5 17
5 12
6 10
6 8
6 3
6 2
6 5
6 15
6 7
6 13
6 0
6 4
6 18
6 17
7 13
7 14
7 0
7 9
7 4
7 11
7 17
7 16
8 5
8 1
8 13
8 19
8 9
8 4
8 18
8 17
8 12
9 4
9 11
9 18
10 8
10 3
10 2
10 5
10 1
10 15
10 7
10 14
10 0
10 19
10 17
10 12
11 18
11 17
11 12
13 14
13 19
13 4
13 11
13 18
13 17
13 12
13 16
14 0
14 4
14 11
14 18
14 17
15 7
15 13
15 14
15 19
15 9
15 11
15 18
15 16
17 12
17 16
18 17
18 12
18 16
19 9
19 4
19 17
19 12
19 16
