21 103
0 14
0 18
0 13
0 20
0 9
0 12
0 11
0 19
1 18
1 20
1 9
1 2
1 8
2 19
3 7
3 10
3 16
3 0
3 1
3 18
3 13
3 9
3 19
4 17
4 14
4 1
4 20
4 9
4 5
4 11
4 8
5 2
5 11
5 19
6 10
6 0
6 15
6 14
6 1
6 13
6 9
6 5
6 12
6 2
6 11
7 10
7 4
7 0
7 14
7 1
7 20
7 9
7 12
7 2
7 19
9 2
9 8
10 16
10 4
10 15
10 14
10 1
10 13
10 9
10 2
10 11
10 19
12 11
12 8
13 20
13 5
13 8
14 18
14 5
14 2
14 11
14 19
15 18
15 13
15 5
15 2
15 11
16 4
16 14
16 1
16 18
16 20
16 9
16 11
16 19
17 0
17 14
17 1
17 20
17 8
18 13
18 12
18 11
18 8
19 8
20 9
20 5
20 2
