23 133
0 17
1 5
1 12
1 14
1 3
1 7
1 13
1 19
1 15
1 6
1 4
1 0
2 0
2 17
3 7
3 16
3 20
3 19
3 4
3 22
3 2
4 2
5 18
5 11
5 12
5 3
5 16
5 13
5 20
5 19
5 15
5 8
5 0
5 17
6 22
6 2
6 17
7 21
7 13
7 6
7 22
7 2
7 0
8 0
8 17
9 5
9 11
9 3
9 7
9 13
9 22
10 9
10 18
10 11
10 14
10 3
10 7
10 21
10 19
10 15
10 6
10 4
10 2
11 12
11 14
11 7
11 16
11 13
11 15
11 6
11 4
11 2
11 0
11 17
12 3
12 21
12 16
12 20
12 19
12 15
12 22
12 17
13 20
13 8
13 0
13 17
14 21
14 16
14 20
14 19
14 4
14 22
14 2
14 0
15 6
15 4
15 2
16 15
16 8
16 6
16 4
16 0
18 14
18 3
18 7
18 21
18 16
18 13
18 19
18 8
18 6
18 4
18 0
19 15
19 8
19 6
19 4
19 0
19 17
20 19
20 15
20 8
20 22
20 2
20 0
21 13
21 20
21 19
21 8
21 6
21 4
21 2
21 0
