22 159
0 8
0 14
0 16
0 18
0 12
0 3
1 9
1 8
1 14
1 16
1 18
1 12
1 3
2 17
2 19
2 1
2 0
2 8
2 18
2 12
2 10
2 3
4 6
4 17
4 19
4 1
4 9
4 0
4 8
4 14
4 16
4 18
4 12
4 10
4 3
5 20
5 13
5 4
5 2
5 6
5 17
5 19
5 1
5 0
5 8
5 14
5 18
5 12
5 10
5 3
6 17
6 19
6 1
6 9
6 0
6 16
6 18
6 12
6 10
6 3
7 15
7 11
7 5
7 20
7 4
7 2
7 6
7 17
7 19
7 1
7 9
7 16
7 18
7 10
7 3
8 14
8 16
8 18
8 12
8 10
8 3
9 0
9 8
9 16
9 18
9 10
9 3
10 3
11 5
11 20
11 13
11 4
11 6
11 17
11 19
11 1
11 16
11 18
11 12
11 3
12 10
12 3
13 4
13 6
13 17
13 1
13 9
13 8
13 16
13 10
14 16
14 18
14 12
14 10
15 11
15 20
15 13
15 4
15 2
15 6
15 17
15 9
15 8
15 12
15 10
15 3
16 18
16 12
16 10
17 1
17 0
17 8
17 16
17 18
17 10
18 12
18 10
19 0
19 16
19 12
19 10
20 9
20 0
20 14
20 16
20 18
20 3
21 7
21 15
21 11
21 20
21 13
21 4
21 2
21 9
21 14
21 16
21 12
21 10
