22 158
0 21
0 19
0 14
0 6
0 18
0 16
0 8
0 17
0 5
0 1
0 9
0 7
0 12
0 3
1 9
1 7
1 12
1 15
2 20
2 5
2 1
2 7
2 13
2 12
4 20
4 5
4 9
4 7
4 12
5 1
5 9
5 7
5 13
5 12
6 18
6 16
6 2
6 8
6 17
6 4
6 1
6 9
6 13
6 12
6 15
6 3
7 13
7 12
7 15
7 3
8 17
8 4
8 9
8 13
8 12
8 15
8 3
9 7
9 13
9 12
9 15
9 3
10 6
10 18
10 16
10 2
10 17
10 4
10 5
10 1
10 9
10 7
10 13
10 12
10 15
10 3
11 14
11 18
11 16
11 2
11 17
11 4
11 20
11 9
11 7
11 13
11 12
11 15
11 3
12 15
13 15
14 10
14 6
14 16
14 2
14 8
14 17
14 4
14 5
14 1
14 13
14 12
14 15
15 3
16 8
16 17
16 20
16 5
16 1
16 9
16 3
17 4
17 5
17 9
17 7
17 13
17 12
17 15
17 3
18 16
18 2
18 8
18 17
18 4
18 20
18 9
18 7
18 13
18 15
18 3
19 11
19 14
19 10
19 6
19 18
19 16
19 8
19 17
19 4
19 20
19 5
19 9
19 7
20 1
20 9
20 7
20 12
20 15
20 3
21 19
21 14
21 16
21 2
21 17
21 4
21 20
21 13
21 15
