25 194
0 14
0 15
0 16
0 10
0 8
0 7
0 1
0 2
0 22
0 9
1 2
1 22
1 24
1 9
1 17
2 3
2 17
2 12
3 24
3 9
3 12
4 14
4 21
4 6
4 1
4 2
4 24
4 9
4 17
4 12
5 21
5 6
5 15
5 10
5 7
5 1
5 2
5 22
5 24
5 12
6 16
6 10
6 7
6 2
6 22
6 3
6 24
6 9
6 17
6 12
7 1
7 2
7 3
7 24
7 9
8 7
8 22
8 24
8 9
8 12
9 17
9 12
10 7
10 2
10 22
10 3
10 24
10 9
10 17
10 12
11 20
11 18
11 0
11 4
11 14
11 5
11 21
11 16
11 2
11 22
11 24
11 9
11 17
11 12
13 20
13 0
13 4
13 14
13 19
13 21
13 6
13 15
13 10
13 8
13 7
13 1
13 2
13 22
13 24
14 5
14 6
14 15
14 10
14 7
14 1
14 2
14 22
14 9
14 12
15 16
15 10
15 8
15 7
15 1
15 2
15 3
15 24
15 9
15 12
16 10
16 8
16 7
16 1
16 22
16 24
16 12
17 12
18 4
18 14
18 19
18 5
18 6
18 15
18 10
18 8
18 7
18 2
18 22
18 3
18 24
18 9
18 17
18 12
19 21
19 15
19 8
19 1
19 2
19 22
19 3
19 24
19 17
19 12
20 18
20 0
20 4
20 5
20 21
20 16
20 10
20 8
20 1
20 22
20 3
20 24
20 9
20 17
21 7
21 1
21 22
21 3
21 24
21 12
22 3
22 24
22 17
22 12
23 20
23 18
23 0
23 14
23 19
23 5
23 21
23 6
23 15
23 16
23 8
23 22
23 3
23 24
23 12
24 9
24 17
