25 197
0 10
0 7
0 14
0 3
0 24
0 5
0 11
0 1
0 13
2 10
2 7
2 14
2 3
2 8
2 5
2 17
2 11
2 1
2 13
3 8
3 24
3 5
3 17
3 11
3 1
3 13
4 16
4 0
4 10
4 8
4 24
4 5
4 17
4 11
4 1
4 13
4 12
5 17
5 11
5 1
5 13
5 12
6 18
6 22
6 19
6 0
6 20
6 2
6 10
6 7
6 3
6 24
6 5
6 17
6 1
6 13
6 12
7 3
7 8
7 24
7 5
7 17
7 11
7 1
7 13
8 24
8 5
8 1
8 13
9 6
9 18
9 22
9 4
9 19
9 16
9 20
9 2
9 7
9 14
9 3
9 24
9 5
9 11
9 13
9 12
10 7
10 3
10 8
10 24
10 5
10 17
10 1
10 13
10 12
11 1
11 13
11 12
13 12
14 24
14 17
14 11
14 12
15 19
15 16
15 2
15 10
15 3
15 24
15 5
15 17
15 13
15 12
16 0
16 2
16 10
16 14
16 24
16 5
16 17
16 11
16 1
16 12
17 1
17 13
18 21
18 22
18 15
18 19
18 0
18 10
18 14
18 3
18 5
18 13
19 16
19 0
19 20
19 2
19 10
19 7
19 14
19 3
19 8
19 24
19 5
19 11
19 1
19 12
20 2
20 7
20 14
20 3
20 5
20 17
20 11
20 13
21 22
21 16
21 2
21 14
21 8
21 24
21 5
21 17
21 11
21 13
22 19
22 0
22 2
22 10
22 7
22 14
22 3
22 8
22 24
22 1
22 13
23 9
23 18
23 21
23 22
23 4
23 19
23 16
23 0
23 20
23 2
23 7
23 3
23 24
23 5
23 1
23 13
23 12
24 5
24 1
24 13
