24 138
0 11
0 19
0 9
0 2
1 16
1 4
1 22
1 18
1 14
1 11
1 15
1 7
1 20
1 2
3 23
4 10
4 0
4 14
4 11
4 19
4 15
4 6
4 23
5 4
5 18
5 14
5 11
5 19
5 6
5 23
5 2
6 23
6 7
6 20
6 2
7 20
7 2
8 12
8 21
8 5
8 1
8 16
8 4
8 17
8 22
8 0
8 14
8 19
8 9
8 3
9 6
9 23
9 2
10 22
10 18
10 0
10 11
10 3
10 6
10 20
10 2
11 19
11 15
11 2
12 21
12 5
12 13
12 16
12 17
12 22
12 18
12 14
12 11
12 19
12 9
12 3
12 7
13 17
13 10
13 22
13 18
13 11
13 19
13 15
13 23
13 2
14 11
14 15
14 3
14 6
14 20
14 2
15 7
15 2
16 17
16 10
16 11
16 9
16 23
16 20
16 2
17 10
17 22
17 18
17 9
17 7
18 14
18 11
18 15
18 9
18 20
19 23
19 7
19 20
19 2
20 2
21 5
21 1
21 16
21 10
21 0
21 9
21 3
21 6
21 23
21 7
21 20
21 2
22 18
22 0
22 19
22 15
22 9
22 7
22 20
23 7
23 20
23 2
