20 100
0 7
1 8
1 18
1 0
1 7
1 9
2 19
2 6
2 11
2 15
2 13
2 8
2 18
2 5
2 0
2 9
3 7
4 16
4 8
4 18
4 5
4 9
5 3
5 7
6 11
6 15
6 17
6 14
6 0
6 7
6 9
7 9
8 18
8 3
8 0
8 9
10 12
10 1
10 17
10 16
10 13
10 8
10 18
10 3
10 0
10 9
11 17
11 14
11 8
11 18
11 5
11 0
11 7
12 4
12 16
12 13
12 14
12 5
12 3
12 0
12 7
13 14
13 0
13 7
13 9
14 8
14 18
14 7
15 10
15 12
15 4
15 13
15 14
15 18
15 0
15 7
15 9
16 18
16 5
16 3
16 0
16 7
16 9
17 16
17 13
17 3
17 7
17 9
18 5
18 3
18 0
18 9
19 15
19 12
19 1
19 17
19 4
19 14
19 5
19 7
