24 191
0 12
1 17
1 11
1 20
1 4
1 14
1 18
1 13
1 7
1 19
1 21
1 23
1 16
1 9
1 15
1 3
1 6
1 12
2 20
2 4
2 14
2 10
2 18
2 22
2 13
2 7
2 19
2 23
2 16
2 9
2 3
2 6
2 0
3 6
3 12
4 14
4 10
4 18
4 13
4 7
4 19
4 21
4 16
4 9
4 3
4 0
4 12
5 7
5 19
5 21
5 23
5 3
5 0
5 12
6 0
7 21
7 23
7 16
7 9
7 15
7 3
7 0
8 1
8 17
8 2
8 11
8 4
8 14
8 10
8 18
8 22
8 13
8 19
8 23
8 16
8 9
8 15
8 6
8 0
8 12
9 3
9 6
9 0
9 12
10 18
10 5
10 7
10 16
10 15
10 3
10 6
10 12
11 4
11 10
11 22
11 13
11 19
11 16
11 9
11 15
11 0
11 12
13 19
13 21
13 23
13 16
13 9
13 15
13 3
13 0
14 10
14 22
14 13
14 19
14 21
14 15
14 6
14 0
14 12
15 3
15 6
15 0
15 12
16 9
16 15
16 6
16 0
16 12
17 2
17 11
17 20
17 4
17 14
17 10
17 7
17 19
17 23
17 16
17 15
17 3
17 6
17 12
18 7
18 19
18 21
18 16
18 15
18 3
18 6
18 0
18 12
19 16
19 9
19 15
19 6
19 0
19 12
20 4
20 14
20 18
20 5
20 22
20 13
20 19
20 23
20 16
20 9
20 6
20 0
20 12
21 23
21 16
21 9
21 15
21 3
21 0
21 12
22 7
22 19
22 21
22 16
22 9
22 15
22 3
22 6
22 0
22 12
23 16
23 9
23 15
23 6
