22 112
0 17
0 15
1 6
1 14
1 9
1 15
2 4
2 20
2 16
2 11
2 18
2 5
2 8
2 13
2 6
2 17
2 15
3 10
3 7
3 1
3 6
3 0
3 14
3 17
3 15
4 21
4 19
4 18
4 5
4 12
4 8
4 3
4 0
5 12
5 10
5 13
5 7
5 1
5 6
5 17
5 15
6 0
6 9
6 17
7 1
7 6
7 0
7 14
7 9
7 15
8 3
8 7
8 6
8 0
8 17
9 15
10 7
10 6
10 14
10 17
11 18
11 5
11 8
11 1
11 9
11 15
12 10
12 13
12 9
12 17
13 6
13 0
13 15
14 9
14 17
16 19
16 5
16 8
16 3
16 10
16 6
16 9
18 5
18 12
18 3
18 10
18 13
18 7
18 6
18 0
18 15
19 18
19 13
19 6
19 0
19 14
19 17
19 15
20 16
20 12
20 3
20 10
20 1
20 0
20 9
20 17
20 15
21 12
21 10
21 13
21 7
21 15
