22 165
0 4
0 3
2 12
2 13
2 0
2 4
2 1
2 3
4 10
4 1
4 3
5 14
5 12
5 13
5 15
5 1
5 3
6 11
6 7
6 5
6 14
6 2
6 0
6 4
6 10
6 1
7 5
7 14
7 2
7 12
7 13
7 0
7 15
7 10
7 1
7 3
8 6
8 11
8 14
8 2
8 12
8 15
8 4
8 10
8 1
9 16
9 20
9 17
9 19
9 8
9 11
9 5
9 2
9 0
9 15
9 4
9 10
9 3
10 1
10 3
11 5
11 14
11 13
11 0
11 15
11 1
12 13
12 15
12 4
12 10
12 1
12 3
13 0
13 4
13 10
13 3
14 2
14 12
14 13
14 0
14 15
14 4
14 10
14 1
14 3
15 1
15 3
16 20
16 17
16 8
16 6
16 11
16 7
16 5
16 2
16 13
16 15
16 4
16 10
16 1
16 3
17 19
17 6
17 11
17 7
17 5
17 14
17 2
17 12
17 13
17 0
17 15
17 4
17 10
17 1
17 3
18 20
18 17
18 19
18 8
18 11
18 14
18 12
18 13
18 0
18 10
18 3
19 11
19 7
19 12
19 13
19 0
19 4
19 10
19 1
19 3
20 17
20 19
20 5
20 12
20 13
20 0
20 15
20 4
20 10
20 1
20 3
21 16
21 18
21 20
21 8
21 6
21 11
21 7
21 5
21 14
21 2
21 12
21 13
21 0
21 15
21 4
21 10
21 1
21 3
