25 144
0 10
1 18
1 2
1 12
1 0
1 15
1 5
2 16
2 12
2 0
2 3
4 6
4 18
4 16
4 24
6 18
6 16
6 10
6 3
6 8
7 19
7 18
7 16
7 12
7 15
7 8
9 4
9 7
9 19
9 16
9 24
9 21
9 12
9 0
9 3
9 8
9 17
9 5
10 3
10 8
10 17
10 5
11 22
11 4
11 7
11 20
11 18
11 2
11 16
11 24
11 21
11 12
11 0
11 15
11 10
11 3
11 8
11 17
12 0
12 10
12 3
12 17
13 14
13 1
13 9
13 7
13 19
13 18
13 2
13 24
13 0
13 15
13 10
13 3
13 17
14 22
14 4
14 20
14 6
14 18
14 16
14 21
15 5
16 12
16 15
16 10
16 3
16 5
17 5
18 2
18 16
18 24
18 0
18 10
18 3
18 5
19 20
19 18
19 2
19 12
19 0
19 15
19 10
19 17
19 5
20 6
20 2
20 21
20 12
20 0
20 15
20 10
20 17
20 5
21 8
21 5
22 7
22 19
22 20
22 6
22 2
22 16
22 24
22 12
22 0
22 15
22 3
22 8
23 14
23 22
23 4
23 7
23 19
23 6
23 18
23 2
23 16
23 15
23 3
23 5
24 21
24 0
24 10
24 17
