19 112
0 3
1 14
1 18
1 17
1 13
1 10
1 6
1 2
1 0
1 4
2 0
2 4
3 4
5 1
5 14
5 18
5 17
5 10
5 2
5 0
5 3
5 4
6 0
6 3
7 6
7 2
7 3
7 4
8 5
8 12
8 1
8 14
8 18
8 17
8 13
8 9
8 6
8 15
8 2
8 0
8 3
9 2
9 3
9 4
10 6
10 15
10 2
10 4
11 8
11 12
11 17
11 7
11 9
11 10
11 6
11 15
11 0
11 3
11 4
12 18
12 13
12 7
12 10
12 0
12 3
13 7
13 9
13 10
13 6
13 2
13 0
13 3
13 4
14 17
14 13
14 7
14 9
14 6
14 15
14 2
14 0
14 3
14 4
15 2
15 0
15 4
16 11
16 8
16 5
16 14
16 17
16 13
16 7
16 6
16 15
16 2
16 0
16 3
16 4
17 7
17 9
17 2
17 0
18 17
18 13
18 9
18 6
18 15
18 2
18 0
18 3
18 4
