23 111
0 8
0 1
2 22
2 20
2 19
2 17
2 5
2 0
2 15
2 1
3 8
4 2
4 16
4 18
4 17
4 5
4 0
4 3
4 1
5 13
5 1
6 20
6 18
6 14
6 8
6 1
7 14
7 13
7 3
7 15
8 15
9 11
9 2
9 7
9 6
9 18
9 17
9 13
9 3
9 8
9 15
10 4
10 9
10 11
10 2
10 6
10 22
10 20
10 18
10 0
10 14
10 13
10 3
10 15
11 21
11 2
11 7
11 6
11 22
11 0
11 8
11 15
12 10
12 11
12 7
12 6
12 20
12 16
12 17
12 5
12 0
12 14
12 13
12 3
12 15
12 1
13 3
13 1
14 8
14 1
15 1
16 14
16 3
18 5
18 14
18 8
18 1
19 18
19 17
19 5
19 14
19 8
19 15
20 19
20 17
20 14
20 3
20 15
21 6
21 19
21 17
21 5
21 0
21 14
21 13
21 8
21 1
22 16
22 5
22 14
22 15
