33 170
0 23
0 4
0 10
0 28
0 6
0 32
0 26
1 22
1 30
1 10
1 12
1 13
1 15
2 0
2 23
2 7
2 3
2 1
2 22
2 30
2 10
2 13
2 15
2 17
2 14
3 1
3 4
3 20
3 28
3 6
3 14
4 25
4 20
4 21
4 10
4 6
4 13
4 26
4 18
4 31
4 8
5 0
5 23
5 29
5 4
5 28
5 11
5 6
5 13
5 31
6 15
6 26
6 31
6 8
6 17
7 22
7 4
7 18
9 5
9 2
9 0
9 23
9 3
9 27
9 28
9 12
9 32
9 31
9 8
10 28
10 13
10 18
10 31
11 12
11 18
11 17
12 13
12 15
12 18
12 31
13 32
13 15
13 26
13 17
15 8
15 14
16 23
16 7
16 29
16 3
16 1
16 26
16 31
16 17
18 14
19 24
19 5
19 7
19 4
19 20
19 10
19 11
19 15
19 17
19 14
20 21
20 12
20 13
20 26
20 14
21 6
21 31
21 17
22 25
22 27
22 10
22 11
22 6
22 32
22 15
22 26
22 8
23 3
23 1
23 22
23 30
23 4
23 20
23 28
23 32
23 26
23 17
24 2
24 7
24 29
24 22
24 30
24 28
24 15
24 18
24 31
25 21
25 28
25 13
25 15
25 17
25 14
26 17
26 14
27 12
27 32
27 18
27 14
28 6
28 32
28 15
29 3
29 25
29 10
29 28
29 6
29 15
29 26
30 25
30 21
30 27
30 8
32 26
32 31
32 17
