34 168
0 5
0 3
2 20
2 28
2 10
3 1
4 23
4 31
4 9
4 17
4 27
4 8
4 28
4 10
4 5
6 13
6 29
6 9
6 17
6 27
6 21
6 28
7 31
7 14
7 17
7 27
7 21
7 33
7 20
7 32
7 10
9 0
9 8
9 28
9 10
9 5
9 1
11 13
11 18
11 23
11 9
11 2
11 33
11 0
11 5
11 3
12 26
12 18
12 23
12 27
12 21
12 2
12 33
12 8
12 28
12 32
12 3
13 7
13 29
13 9
13 14
13 17
13 27
13 2
14 17
14 27
14 32
14 3
15 7
15 31
15 14
15 32
16 6
16 29
16 23
16 31
16 17
16 20
16 3
17 27
17 21
17 33
17 20
17 28
17 10
17 3
18 31
18 33
18 8
18 28
18 3
18 1
19 11
19 13
19 18
19 29
19 31
19 17
19 21
20 10
20 5
20 1
21 32
21 3
22 16
22 11
22 18
22 7
22 23
22 31
22 0
22 28
22 3
22 1
23 9
23 17
23 21
23 33
23 32
24 12
24 22
24 25
24 16
24 4
24 29
24 31
24 20
24 32
24 3
25 15
25 16
25 23
25 2
25 33
25 20
25 5
25 3
26 11
26 4
26 29
26 2
26 20
26 28
26 32
27 33
27 1
28 32
28 3
28 1
29 14
29 28
29 1
30 12
30 25
30 15
30 16
30 11
30 29
30 20
30 3
31 14
31 27
31 2
31 32
32 5
32 1
33 8
33 32
