34 158
0 14
0 28
1 6
1 22
1 3
1 14
1 28
2 1
2 15
2 9
2 6
2 22
2 3
2 4
2 28
3 0
3 14
3 28
4 0
4 28
5 11
5 23
5 2
5 8
5 27
5 13
5 0
5 24
6 7
6 3
6 28
6 24
7 13
7 4
7 0
7 31
7 14
8 9
8 14
8 28
10 17
10 26
10 1
10 8
10 6
10 27
10 7
11 1
11 15
11 27
12 10
12 26
12 23
12 1
12 9
12 6
12 3
12 13
12 4
12 0
12 31
13 4
13 0
13 28
13 24
15 9
15 6
15 31
16 8
16 3
16 13
16 4
16 0
17 5
17 15
17 3
18 16
18 17
18 26
18 11
18 1
18 15
18 6
18 22
18 0
18 28
19 23
19 15
19 27
19 7
19 3
19 0
19 24
20 17
20 5
20 23
20 2
20 8
20 22
21 33
21 18
21 29
21 19
21 23
21 27
21 0
22 3
22 0
22 24
23 3
23 4
25 21
25 26
25 6
25 27
25 7
25 3
26 11
26 19
26 23
26 8
26 15
26 13
26 14
26 28
26 24
27 7
27 0
29 26
29 23
29 2
29 8
29 27
29 13
29 31
29 14
29 28
29 24
30 11
30 19
30 2
30 8
30 15
30 13
30 4
30 14
30 24
31 24
32 11
32 9
32 27
32 24
33 17
33 26
33 15
33 6
33 4
33 28
