26 95
0 11
0 9
0 6
1 10
2 4
2 13
2 8
2 10
3 24
3 2
3 18
3 21
3 6
5 11
5 9
5 24
5 15
5 17
5 7
5 23
5 13
5 8
5 6
6 20
7 2
7 23
7 16
8 10
9 3
9 15
9 7
9 25
9 4
9 22
9 16
9 8
9 6
9 14
9 10
11 24
11 23
11 18
11 13
11 8
12 15
12 17
12 7
12 2
12 1
12 25
12 4
12 8
12 6
12 14
12 20
13 21
13 8
14 20
15 18
15 13
15 6
15 20
16 13
16 6
16 14
17 2
17 1
17 4
17 21
17 20
18 21
18 8
19 11
19 24
19 17
19 7
19 16
19 8
22 16
22 21
22 8
22 10
23 4
23 22
23 18
23 10
24 25
24 23
24 8
25 23
25 16
25 21
25 6
25 14
25 10
