33 145
0 17
0 29
0 16
0 14
0 10
1 23
2 10
2 25
2 31
3 20
3 26
3 22
3 7
3 19
4 2
4 14
4 9
4 7
4 32
5 25
5 15
5 7
6 30
6 13
6 12
6 29
6 18
7 19
8 12
8 29
8 2
8 9
9 1
9 23
10 21
10 7
10 32
11 18
11 14
11 1
11 23
11 32
11 19
12 29
12 11
12 2
12 21
12 15
12 7
12 19
13 28
13 27
13 29
13 4
13 5
13 9
13 19
14 22
14 1
14 31
15 22
15 31
16 18
16 2
16 10
16 25
16 9
16 15
16 31
17 12
17 10
17 9
17 22
17 7
18 2
18 9
18 22
18 32
18 19
20 6
20 8
20 14
20 10
20 7
20 19
21 25
21 22
21 1
21 23
21 32
21 19
22 32
23 7
23 19
24 27
24 8
24 12
24 29
24 16
24 4
24 2
24 15
25 31
25 7
26 24
26 13
26 17
26 12
26 11
26 10
26 21
26 25
26 22
26 1
26 31
26 23
27 17
27 8
27 12
27 16
27 14
27 10
27 25
27 15
27 23
27 32
27 19
28 17
28 25
28 9
29 4
29 10
29 21
29 5
29 23
29 19
30 27
30 2
30 21
30 5
30 9
30 31
30 23
30 7
31 7
