28 116
0 25
0 17
0 9
0 26
0 19
0 24
0 8
0 1
0 22
0 13
0 12
1 22
2 18
2 14
2 25
2 17
2 26
2 19
2 24
2 8
2 15
2 12
3 11
4 26
4 3
5 15
5 13
5 12
6 27
6 26
6 5
6 15
6 12
7 20
7 16
7 19
7 24
7 22
8 1
8 22
8 3
9 19
9 8
9 22
9 12
10 25
10 7
10 6
10 27
10 24
10 8
10 15
10 1
10 3
10 13
10 11
13 12
13 11
14 7
14 9
14 26
14 5
14 15
14 22
14 12
16 13
17 16
17 9
17 5
17 24
17 15
17 1
17 22
17 12
17 21
18 10
18 6
18 16
18 4
18 26
18 8
18 1
18 12
18 11
19 15
19 12
19 21
20 19
20 5
20 8
20 15
20 1
20 22
20 12
23 10
23 0
23 7
23 17
23 27
23 20
23 19
23 1
23 11
24 8
24 1
24 12
25 4
25 12
25 21
26 8
26 1
27 16
27 9
27 26
27 5
27 12
