31 237
0 7
1 20
1 30
1 15
1 6
1 21
1 28
1 29
1 19
1 11
1 0
1 7
2 27
2 1
2 4
2 10
2 21
2 5
2 29
2 8
2 19
2 11
3 18
3 27
3 30
3 9
3 4
3 15
3 21
3 28
3 14
3 29
3 8
3 13
3 7
4 10
4 6
4 23
4 28
4 5
4 29
4 13
4 0
4 7
5 29
5 19
5 13
6 23
6 28
6 14
6 8
6 19
6 13
6 11
8 13
8 7
9 6
9 28
9 13
9 0
9 7
10 21
10 28
10 14
10 29
10 8
10 11
12 22
12 24
12 17
12 3
12 18
12 16
12 2
12 27
12 20
12 30
12 4
12 28
12 5
12 14
12 13
12 0
12 7
13 11
14 8
14 19
14 13
14 0
15 23
15 28
15 5
15 29
15 8
15 13
15 11
16 27
16 30
16 9
16 4
16 10
16 6
16 21
16 23
16 28
16 5
16 19
16 11
16 0
17 3
17 18
17 25
17 2
17 1
17 20
17 9
17 4
17 6
17 21
17 28
17 5
17 14
17 29
17 8
17 19
17 11
17 0
18 25
18 2
18 27
18 20
18 4
18 10
18 6
18 28
18 14
18 29
18 13
18 11
19 11
20 30
20 9
20 15
20 10
20 6
20 21
20 29
20 8
20 19
20 0
20 7
21 23
21 28
21 14
21 13
21 11
22 24
22 25
22 16
22 27
22 1
22 30
22 9
22 4
22 15
22 6
22 21
22 5
22 14
22 8
22 19
22 0
22 7
23 28
23 5
23 14
23 19
23 13
23 11
24 17
24 3
24 2
24 27
24 20
24 30
24 4
24 15
24 10
24 6
24 21
24 23
24 28
24 0
24 7
25 16
25 27
25 4
25 15
25 28
25 14
25 29
25 13
25 7
26 18
26 25
26 16
26 2
26 4
26 21
26 23
26 8
26 0
26 7
27 30
27 4
27 6
27 28
27 19
27 13
27 11
27 0
27 7
28 14
28 29
28 8
28 0
28 7
29 11
30 9
30 4
30 15
30 5
30 29
30 8
30 19
30 0
30 7
