34 170
0 25
0 22
0 28
0 27
0 31
0 4
0 3
0 5
0 17
0 14
0 2
1 26
1 11
2 6
2 1
2 23
3 15
3 2
3 23
3 21
4 10
4 17
4 2
4 1
4 24
4 23
4 26
4 21
5 15
5 17
5 2
5 6
5 1
5 24
5 16
5 21
5 13
6 1
6 29
6 16
7 17
7 19
7 1
7 26
8 20
8 9
8 10
8 19
8 24
8 23
8 21
9 5
9 13
10 17
10 19
10 29
10 16
10 21
12 18
12 27
12 32
12 31
12 8
12 14
12 19
12 6
12 1
12 23
12 13
12 11
14 1
14 24
14 26
14 11
15 10
15 17
15 14
15 29
15 16
15 13
16 26
17 14
17 19
17 21
18 28
18 27
18 8
18 20
18 10
18 2
18 23
19 2
19 24
19 23
19 13
20 23
20 29
20 26
22 32
22 8
22 10
22 17
22 19
22 26
22 21
22 11
23 16
24 29
24 11
25 18
25 28
25 27
25 32
25 5
25 19
25 1
25 21
25 13
26 13
26 11
27 32
27 20
27 9
27 5
27 23
27 26
27 11
28 27
28 31
28 9
28 10
28 6
28 23
28 21
28 13
28 11
29 26
29 11
30 22
30 27
30 4
30 3
30 9
30 15
30 2
30 6
30 13
31 8
31 15
31 19
31 16
31 26
32 31
32 8
32 20
32 5
32 14
32 19
32 23
32 13
33 25
33 27
33 31
33 9
33 15
33 10
33 19
33 6
33 1
33 26
