32 149
0 9
0 18
0 17
0 15
0 24
0 7
0 5
0 16
2 21
2 29
2 26
2 11
2 13
2 24
2 6
2 19
3 21
3 23
3 22
3 25
3 11
3 8
3 19
3 16
4 14
4 0
4 20
4 12
4 18
4 26
4 11
4 13
4 24
4 30
5 19
5 28
5 30
5 27
7 6
7 19
8 5
8 28
8 16
9 31
9 12
9 2
9 24
9 30
9 16
10 20
10 9
10 21
10 22
10 13
10 24
10 5
10 19
10 27
10 1
11 15
11 8
11 19
11 16
12 21
12 18
12 17
12 26
13 15
13 24
13 30
13 16
14 3
14 21
14 23
14 29
14 25
14 26
14 11
14 19
14 30
14 27
15 16
15 27
15 1
16 1
17 25
17 26
17 24
17 6
17 1
18 25
18 5
18 19
18 30
18 27
19 28
19 16
19 1
20 9
20 18
20 23
20 8
20 24
20 28
21 18
21 23
21 22
21 26
21 7
21 27
21 1
22 15
22 24
22 19
22 1
23 22
23 15
23 24
23 19
23 30
23 16
24 7
24 16
25 26
25 13
25 28
26 11
26 13
26 7
26 6
26 5
26 30
27 1
28 30
28 16
28 27
29 25
29 13
29 8
29 7
29 30
29 1
30 1
31 15
31 24
31 7
31 5
31 28
31 27
