30 225
0 22
1 22
1 13
1 17
2 21
2 29
2 23
2 4
2 18
2 14
2 24
2 25
2 3
2 7
2 17
3 0
3 7
3 1
3 20
3 13
4 27
4 24
4 8
4 15
4 26
4 11
4 25
4 7
4 22
4 13
4 17
5 19
5 24
5 8
5 15
5 12
5 26
5 25
5 3
5 0
5 1
5 20
5 22
5 13
5 17
6 23
6 16
6 18
6 14
6 19
6 8
6 12
6 26
6 0
6 7
6 20
6 22
6 17
7 1
7 17
8 12
8 26
8 11
8 0
8 17
9 10
9 21
9 29
9 6
9 4
9 28
9 27
9 14
9 3
9 7
9 20
9 22
10 2
10 29
10 23
10 16
10 18
10 27
10 24
10 3
10 7
10 17
11 25
11 0
11 22
11 13
12 26
12 11
12 0
12 1
12 20
12 22
12 13
13 17
14 5
14 19
14 24
14 12
14 11
14 3
14 0
14 20
15 26
15 11
15 25
15 0
15 1
15 13
15 17
16 28
16 18
16 27
16 14
16 5
16 24
16 15
16 12
16 26
16 11
16 25
16 3
16 7
16 20
16 22
16 13
16 17
18 27
18 14
18 19
18 8
18 15
18 12
18 26
18 3
18 0
18 7
18 1
18 22
19 24
19 15
19 12
19 26
19 3
19 1
19 20
19 13
20 13
20 17
21 23
21 16
21 4
21 27
21 14
21 8
21 26
21 0
21 7
21 22
21 13
22 13
23 16
23 4
23 28
23 14
23 5
23 8
23 15
23 12
23 11
23 3
23 0
23 22
23 13
23 17
24 8
24 15
24 0
24 7
24 20
24 22
24 13
24 17
25 3
25 7
25 1
25 20
25 22
26 0
26 7
26 20
26 13
26 17
27 24
27 8
27 15
27 3
27 0
27 7
27 20
28 14
28 19
28 24
28 8
28 15
28 12
28 7
28 22
29 6
29 23
29 16
29 27
29 5
29 24
29 8
29 11
29 25
29 7
29 1
29 20
29 17
