32 239
0 14
1 14
1 17
2 4
2 15
2 20
2 28
2 8
2 25
2 30
2 19
2 1
4 30
4 0
4 14
6 9
6 28
6 10
6 8
6 25
6 7
6 19
6 21
6 5
6 3
7 21
7 1
7 0
7 14
7 3
8 25
8 30
8 7
8 21
8 1
8 0
8 17
8 3
9 20
9 28
9 8
9 30
9 7
9 21
9 5
9 0
9 3
10 25
10 21
10 1
10 5
10 17
11 26
11 9
11 4
11 28
11 10
11 8
11 7
11 19
11 21
11 5
11 0
11 17
12 22
12 11
12 26
12 2
12 4
12 15
12 20
12 8
12 30
12 7
12 5
12 17
13 12
13 22
13 11
13 6
13 4
13 15
13 20
13 28
13 31
13 25
13 5
13 0
13 14
14 17
15 20
15 10
15 25
15 30
15 7
15 19
15 21
15 14
15 17
15 3
16 12
16 27
16 9
16 2
16 15
16 20
16 28
16 31
16 10
16 25
16 19
16 1
16 5
16 14
18 22
18 29
18 6
18 26
18 9
18 4
18 15
18 28
18 31
18 10
18 8
18 1
18 5
18 0
19 1
19 5
19 0
19 14
20 31
20 8
20 25
20 7
20 19
20 21
20 17
21 0
21 14
21 17
22 29
22 6
22 15
22 31
22 10
22 8
22 7
22 1
22 14
23 18
23 16
23 22
23 11
23 6
23 26
23 4
23 20
23 28
23 31
23 10
23 8
23 25
23 7
23 1
23 0
23 14
23 17
24 23
24 18
24 16
24 27
24 11
24 29
24 6
24 26
24 15
24 28
24 31
24 10
24 30
24 1
24 5
24 17
25 7
25 21
25 1
25 5
25 0
25 14
25 17
26 2
26 20
26 28
26 10
26 25
26 30
26 19
26 21
26 0
26 3
27 11
27 29
27 9
27 2
27 15
27 31
27 30
27 21
27 1
27 5
27 17
27 3
28 31
28 10
28 8
28 30
28 7
28 21
28 14
29 6
29 9
29 28
29 31
29 30
29 7
29 21
29 5
29 14
30 7
30 21
30 1
30 0
31 10
31 5
31 14
31 17
31 3
