33 154
0 28
0 4
0 19
0 13
0 27
0 6
0 11
0 8
1 16
1 15
1 14
1 29
1 11
1 30
1 18
3 21
3 19
3 1
3 10
3 24
3 6
3 2
4 19
4 26
4 25
4 1
4 10
4 16
4 17
4 24
4 2
4 32
5 28
5 22
5 4
5 19
5 13
5 6
5 14
6 11
6 8
7 14
7 30
7 2
9 12
9 20
9 4
9 31
9 16
9 15
9 17
9 7
9 11
9 30
10 16
10 7
10 8
10 18
11 18
12 0
12 4
12 19
12 10
12 16
12 27
12 7
12 24
12 6
12 29
12 8
12 18
12 32
13 25
13 14
13 29
13 2
14 11
14 32
15 6
15 11
15 30
15 2
15 32
16 29
16 18
17 7
17 6
17 8
17 18
18 2
18 32
19 1
19 27
19 14
19 30
19 18
20 4
20 27
20 14
20 29
21 4
21 19
21 31
21 16
21 27
21 29
21 30
22 4
22 15
22 17
22 7
22 29
22 11
22 32
23 21
23 1
23 17
23 6
23 8
23 18
23 2
24 11
25 14
25 29
25 11
25 32
26 1
26 31
26 15
26 17
26 11
26 2
27 17
27 29
27 8
27 30
27 18
27 32
28 19
28 25
28 1
28 10
28 11
28 32
29 8
29 2
30 2
30 32
31 16
31 17
31 7
31 6
31 11
31 2
