32 230
0 14
0 22
0 3
0 1
0 2
0 23
0 26
0 31
0 11
0 28
1 2
1 21
1 26
1 12
1 27
1 9
2 23
2 31
2 11
2 28
2 9
3 17
3 1
3 21
3 23
3 26
3 31
3 28
3 9
4 22
4 3
4 17
4 30
4 12
4 11
4 28
4 27
4 9
5 29
5 19
5 8
5 7
5 22
5 17
5 2
5 26
5 11
6 5
6 29
6 8
6 0
6 1
6 2
7 20
7 3
7 1
7 2
7 26
7 12
7 11
7 28
7 27
8 24
8 22
8 3
8 17
8 30
8 21
8 26
8 31
8 11
8 28
8 27
8 9
10 13
10 18
10 4
10 15
10 29
10 8
10 14
10 7
10 24
10 22
10 20
10 17
10 1
10 21
10 31
10 12
10 11
10 28
10 27
10 9
12 28
12 9
13 6
13 16
13 5
13 4
13 15
13 29
13 8
13 24
13 22
13 20
13 3
13 17
13 1
13 23
13 27
13 9
14 22
14 20
14 1
14 11
15 14
15 7
15 24
15 22
15 17
15 30
15 1
15 21
15 26
15 12
15 11
15 28
15 27
15 9
16 15
16 29
16 19
16 8
16 0
16 22
16 20
16 30
16 1
16 21
16 23
16 12
16 28
16 9
17 21
17 31
17 11
17 28
17 27
17 9
18 15
18 29
18 19
18 8
18 0
18 14
18 24
18 20
18 3
18 2
18 21
18 31
18 11
18 28
18 27
19 8
19 30
19 21
19 31
19 11
19 27
20 17
20 2
20 21
20 12
20 9
21 26
21 11
22 30
22 2
22 23
22 11
22 28
22 9
23 26
23 11
23 27
24 17
24 21
24 23
24 26
24 12
24 9
25 6
25 16
25 18
25 4
25 15
25 29
25 19
25 7
25 24
25 22
25 2
25 12
25 27
26 28
28 27
28 9
29 0
29 7
29 24
29 20
29 17
29 30
29 1
29 2
29 21
29 23
29 26
29 31
29 28
29 27
30 2
30 12
30 28
31 11
31 28
31 27
31 9
