26 102
0 11
1 7
1 14
1 23
1 5
1 15
1 4
1 0
1 9
2 8
2 18
2 19
2 12
2 4
2 9
3 18
3 20
3 11
3 16
4 16
5 2
5 18
5 12
5 16
5 9
6 0
7 18
7 24
7 4
8 3
8 15
8 4
8 16
10 1
10 7
10 22
10 6
10 8
10 15
10 24
10 17
10 16
12 16
13 7
13 22
13 25
13 5
13 2
13 18
13 19
13 4
13 0
13 16
14 15
14 12
14 20
14 16
14 9
15 12
15 20
15 24
15 17
15 0
15 9
17 4
17 9
18 19
18 16
18 9
19 12
19 11
19 9
20 17
20 4
20 9
21 14
21 22
21 25
21 2
21 3
21 19
21 20
21 0
21 16
22 2
22 8
22 3
23 22
23 5
23 8
23 3
23 15
23 4
23 0
23 9
24 4
24 16
25 5
25 18
25 24
25 0
25 9
