27 159
0 16
0 6
0 19
0 10
0 18
0 3
0 24
1 11
1 17
1 25
1 9
1 21
1 22
1 2
1 24
1 13
2 13
3 2
3 24
4 11
4 0
4 16
4 6
4 19
4 18
4 21
4 3
4 23
4 14
4 2
5 13
6 25
6 19
6 10
6 9
6 3
6 23
6 13
7 10
7 3
7 23
7 14
7 24
7 13
8 23
8 14
8 2
8 24
8 13
9 21
9 23
9 5
10 9
10 3
10 23
10 24
11 16
11 19
11 10
11 18
11 9
11 14
11 22
11 2
11 13
12 1
12 17
12 7
12 6
12 25
12 3
12 23
12 22
12 24
12 5
14 22
14 24
14 5
14 13
15 17
15 6
15 10
15 18
15 8
15 3
15 23
15 5
16 7
16 6
16 25
16 19
16 10
16 9
16 21
16 3
16 23
16 2
17 7
17 8
17 9
17 14
17 2
17 5
17 13
18 8
18 9
18 21
18 3
18 23
18 22
18 24
18 13
19 8
19 9
19 3
19 23
19 14
19 24
19 5
19 13
20 11
20 7
20 19
20 10
20 8
20 9
20 14
20 2
20 24
20 5
20 13
21 14
21 22
21 5
21 13
22 2
22 13
23 14
23 2
23 24
23 5
24 5
25 10
25 8
25 9
25 21
25 24
25 5
26 4
26 20
26 0
26 17
26 9
26 23
26 14
26 22
26 2
26 24
26 13
