30 126
0 24
1 0
2 4
2 17
2 23
2 11
2 24
2 29
3 10
3 17
3 28
3 23
3 1
3 25
3 0
3 26
3 29
4 10
4 27
4 17
4 23
4 1
4 25
4 0
4 24
4 29
5 2
5 28
5 19
5 11
6 14
6 3
6 2
6 4
6 28
6 15
6 29
7 8
7 13
7 5
7 22
7 6
7 2
7 4
7 19
7 1
8 6
8 3
8 4
8 10
8 17
8 23
8 29
9 20
9 22
9 2
9 10
9 28
9 19
9 1
9 24
9 15
9 29
10 21
10 28
10 23
10 1
10 24
10 29
11 15
11 29
12 2
12 4
12 25
12 0
13 22
13 12
13 18
13 17
13 25
14 17
14 21
14 1
14 24
14 15
14 29
16 6
16 3
16 4
17 28
17 0
17 24
17 26
18 3
18 27
18 23
18 19
20 8
20 22
20 6
20 27
20 28
20 23
20 25
20 0
21 23
21 11
21 25
21 0
21 26
21 29
22 12
22 18
22 16
22 6
22 2
22 17
22 25
23 25
23 0
25 0
27 23
27 19
28 23
28 11
28 0
