30 218
0 18
0 8
0 14
0 7
0 6
0 11
0 2
0 12
0 23
0 25
0 26
0 10
1 20
1 24
1 13
1 3
1 27
1 29
1 8
1 14
1 28
1 7
1 6
1 11
1 21
1 23
1 16
2 12
2 23
2 15
2 22
2 10
3 0
3 14
3 7
3 23
3 25
3 26
3 16
4 24
4 13
4 3
4 27
4 29
4 8
4 19
4 9
4 7
4 6
4 11
4 12
4 26
4 22
4 16
5 1
5 24
5 13
5 3
5 27
5 29
5 18
5 9
5 7
5 11
5 2
5 26
5 22
6 21
6 22
7 21
7 15
7 25
7 26
7 10
7 16
8 14
8 21
8 2
8 25
8 16
9 28
9 7
9 6
9 11
9 2
9 23
10 16
11 25
11 26
11 22
11 10
11 16
12 25
12 26
12 16
13 27
13 18
13 8
13 19
13 25
13 26
13 22
13 10
14 19
14 28
14 6
14 2
14 15
14 25
14 26
14 22
15 26
15 22
17 20
17 3
17 0
17 18
17 8
17 14
17 9
17 28
17 6
17 23
17 25
17 10
17 16
18 8
18 14
18 19
18 9
18 11
18 21
18 2
18 12
18 23
18 15
18 25
18 26
18 22
18 10
19 9
19 28
19 21
19 2
19 12
19 23
19 15
19 25
19 26
19 22
20 24
20 13
20 3
20 29
20 9
20 28
20 7
20 6
20 11
20 2
20 12
20 23
20 25
20 26
20 22
20 16
21 2
21 12
21 23
21 25
21 10
22 16
23 25
23 22
24 13
24 3
24 27
24 0
24 14
24 19
24 7
24 2
24 12
24 15
24 25
24 26
24 10
24 16
25 10
26 10
27 18
27 19
27 9
27 28
27 7
27 6
27 11
27 21
27 15
27 25
27 22
27 10
27 16
28 2
28 12
28 25
28 22
28 10
29 19
29 7
29 11
29 12
29 23
29 15
29 26
29 22
29 10
29 16
