27 110
0 18
1 23
1 17
1 0
1 18
1 2
3 13
3 5
3 7
3 15
3 24
3 0
4 23
4 19
4 17
4 16
5 4
5 15
5 18
5 6
5 16
6 16
7 15
7 24
7 18
7 6
7 14
8 5
8 10
8 22
8 25
8 24
8 0
8 16
9 26
9 7
9 10
9 23
9 17
9 18
9 14
10 0
10 6
10 14
10 2
11 15
11 23
11 19
11 24
11 17
11 18
11 6
11 2
12 13
12 9
12 8
12 15
12 22
12 19
12 24
13 8
13 5
13 10
13 19
13 24
13 18
13 2
15 19
15 16
15 2
17 2
18 6
18 16
18 2
19 17
19 18
19 2
20 12
20 1
20 4
20 7
20 24
20 0
20 16
21 3
21 9
21 7
21 24
21 17
21 16
21 2
22 25
22 6
22 2
23 19
23 18
23 6
23 16
23 2
25 24
25 0
25 6
25 16
25 2
26 8
26 4
26 23
26 17
26 0
26 16
