34 177
0 32
0 12
0 7
0 18
0 31
0 9
0 28
1 15
1 14
1 17
1 27
1 8
1 31
2 11
2 1
2 21
2 32
2 4
2 17
2 12
2 8
2 7
2 31
3 23
3 25
3 2
3 0
3 24
3 31
3 9
3 26
4 17
4 6
4 28
5 14
5 27
5 18
5 9
5 26
6 26
7 31
7 26
8 18
10 30
10 23
10 25
10 29
10 22
10 0
10 5
10 16
10 7
11 1
11 15
11 24
11 32
11 4
11 17
11 31
11 26
11 28
12 6
12 26
13 22
13 1
13 24
13 32
13 16
13 27
13 12
13 31
13 26
14 17
14 27
14 8
14 31
14 26
14 28
15 4
15 17
15 12
15 6
15 31
16 7
16 18
17 27
17 6
19 13
19 29
19 22
19 15
19 32
19 6
19 9
20 25
20 19
20 13
20 22
20 21
20 15
20 32
20 12
20 7
20 18
21 15
21 24
21 14
21 4
21 17
21 18
21 9
21 26
22 0
22 24
22 17
22 12
22 31
22 28
23 1
23 32
23 14
23 4
23 16
23 27
23 12
23 8
23 18
24 5
24 4
24 16
24 17
24 27
24 12
24 6
24 18
24 28
25 13
25 22
25 1
25 5
25 6
25 7
25 31
27 7
27 18
27 9
27 26
29 0
29 1
29 21
29 24
29 27
29 8
29 31
30 23
30 2
30 1
30 4
30 27
30 6
30 8
30 9
30 26
31 26
31 28
32 14
32 4
32 16
32 27
32 12
32 8
33 30
33 2
33 14
33 4
33 26
33 28
