34 168
0 8
0 19
0 9
0 28
1 18
1 14
1 17
1 5
1 10
2 14
2 17
3 30
3 8
3 12
3 2
3 31
3 21
3 9
3 28
3 15
3 11
4 14
4 31
4 5
4 15
4 11
4 22
5 11
6 32
6 19
6 14
6 11
7 8
7 12
7 19
7 1
7 28
7 15
7 10
7 11
8 4
8 1
8 31
8 25
8 21
8 5
8 15
8 10
9 28
10 11
10 22
12 4
12 5
12 9
12 28
12 11
13 8
13 32
13 4
13 1
13 21
14 17
14 15
15 22
16 8
16 32
16 12
16 19
16 2
16 14
16 17
16 22
17 5
17 28
17 15
17 10
17 11
17 22
18 14
18 25
18 22
19 4
19 14
19 31
19 25
19 10
20 16
20 8
20 1
20 14
20 17
20 25
20 9
20 15
20 10
20 22
21 9
23 16
23 19
23 14
23 25
23 22
24 27
24 6
24 7
24 20
24 0
24 32
24 12
24 1
24 15
25 5
25 28
25 22
26 29
26 33
26 12
26 4
26 18
26 14
26 31
26 15
26 10
26 22
27 8
27 12
27 21
27 28
27 15
27 11
27 22
28 22
29 33
29 20
29 8
29 12
29 18
29 25
29 28
30 0
30 12
30 19
30 2
30 1
30 14
30 17
30 25
30 21
31 17
31 9
31 10
31 11
31 22
32 4
32 1
32 11
33 6
33 30
33 7
33 20
33 8
33 18
33 14
33 31
33 5
33 28
33 11
33 22
