31 132
0 12
0 27
0 23
0 5
0 4
1 15
1 27
1 26
1 23
1 18
1 9
1 21
1 19
1 20
1 30
1 4
2 13
2 18
2 21
2 10
2 19
2 30
2 5
2 4
3 5
6 7
6 9
6 10
6 20
6 5
7 27
7 26
7 19
7 17
7 5
8 0
8 9
8 30
8 17
8 5
9 21
9 19
9 5
10 30
10 4
11 6
11 0
11 1
11 26
11 23
11 28
11 20
11 30
11 5
11 4
12 1
12 15
12 27
12 23
12 28
12 3
13 18
13 10
13 19
13 20
14 12
14 23
14 13
14 9
14 10
14 20
14 3
14 17
15 26
15 13
15 9
15 21
15 17
15 5
16 13
16 9
16 20
16 4
17 5
18 20
18 5
19 30
21 20
21 17
22 8
22 16
22 27
22 10
22 19
22 20
23 2
23 13
23 10
23 17
24 8
24 14
24 26
24 18
24 17
24 5
25 22
25 0
25 26
25 18
25 10
25 30
26 2
26 18
26 9
26 10
26 30
26 4
27 23
27 21
27 3
27 17
28 9
28 17
29 16
29 1
29 15
29 23
29 28
29 10
30 3
30 17
30 5
