31 251
0 28
0 27
0 4
0 18
0 7
0 29
0 12
0 1
0 10
0 16
0 20
1 9
1 21
1 30
2 21
2 16
2 30
2 8
3 30
3 20
3 8
4 25
4 13
4 5
4 12
4 10
4 26
4 2
4 16
4 3
4 20
4 8
5 1
5 10
5 26
5 21
5 16
5 3
5 20
5 8
6 27
6 4
6 25
6 18
6 13
6 5
6 1
6 10
6 9
6 26
6 16
6 30
6 20
7 29
7 5
7 12
7 10
7 26
7 3
7 20
7 8
9 26
9 21
9 16
9 30
10 9
10 21
10 3
10 30
10 8
11 19
11 14
11 23
11 17
11 0
11 27
11 24
11 4
11 25
11 18
11 15
11 13
11 7
11 29
11 12
11 1
11 26
11 2
11 21
11 3
11 20
11 8
12 1
12 9
12 26
12 2
12 21
12 16
12 30
12 20
13 12
13 2
13 3
13 20
13 8
14 0
14 28
14 27
14 4
14 25
14 13
14 7
14 29
14 5
14 10
14 26
14 3
14 30
14 20
15 5
15 12
15 10
15 2
15 21
15 3
15 30
15 8
16 30
16 20
16 8
17 0
17 6
17 4
17 29
17 5
17 10
17 9
17 26
17 2
17 16
17 20
17 8
18 13
18 12
18 1
18 10
18 9
18 26
18 2
18 21
18 16
18 3
18 30
18 20
19 22
19 14
19 23
19 28
19 27
19 25
19 18
19 7
19 29
19 12
19 10
19 26
19 16
21 30
22 0
22 6
22 28
22 27
22 29
22 5
22 12
22 1
22 10
22 9
22 16
22 20
23 28
23 27
23 4
23 25
23 18
23 15
23 29
23 12
23 1
23 9
23 2
23 21
23 3
23 20
23 8
24 4
24 25
24 18
24 15
24 13
24 29
24 12
24 9
24 2
24 16
24 3
24 20
24 8
25 5
25 9
25 21
25 16
26 2
26 21
26 16
26 3
26 30
26 20
27 24
27 25
27 15
27 13
27 7
27 29
27 5
27 12
27 1
27 10
27 9
27 26
27 21
27 3
27 30
28 27
28 4
28 15
28 7
28 29
28 5
28 12
28 26
28 2
29 5
29 12
29 9
29 2
29 16
29 3
29 30
30 20
30 8
