31 126
0 15
0 18
0 6
1 9
1 29
1 21
2 26
2 30
2 24
2 28
2 25
2 8
2 13
2 9
4 24
4 0
4 18
4 8
4 13
4 9
5 0
5 28
5 25
5 8
5 1
5 20
5 9
5 17
6 1
6 9
7 23
7 24
7 0
7 10
7 15
7 14
7 9
7 29
8 6
8 13
8 21
10 15
10 12
10 28
10 22
10 29
11 4
11 23
11 30
11 10
11 28
11 14
11 22
11 25
11 8
11 13
11 1
11 16
11 29
12 25
12 8
12 29
13 9
14 25
14 20
14 29
14 21
15 28
15 22
15 9
15 17
15 29
15 3
18 28
18 14
18 8
18 6
18 17
18 21
19 24
19 15
19 6
19 20
19 21
19 3
20 17
20 29
20 21
22 25
22 20
22 16
23 0
23 10
23 28
23 14
23 6
23 13
23 1
23 16
23 29
23 3
24 0
24 8
24 6
24 1
24 20
24 29
25 16
25 29
26 30
26 0
26 10
26 14
26 6
27 4
27 30
27 12
27 28
27 22
27 20
27 17
28 14
28 20
28 9
28 3
29 3
