26 106
0 18
0 25
0 24
1 21
1 10
1 0
1 23
1 25
2 17
2 14
2 1
2 3
2 8
2 0
2 18
2 25
3 8
3 0
3 18
3 25
3 24
4 10
5 12
5 20
5 1
5 3
5 21
5 4
5 7
5 22
5 10
5 23
5 25
6 3
6 21
6 7
6 22
6 10
6 0
6 25
7 18
9 11
9 2
9 20
9 3
9 8
9 21
9 4
9 7
9 24
10 0
10 24
11 13
11 16
11 21
11 4
11 25
12 15
12 3
12 4
12 7
12 25
13 2
13 15
13 21
13 10
13 18
14 3
15 16
15 3
15 8
15 21
15 18
15 24
16 17
16 14
16 22
16 10
16 24
17 14
17 1
17 4
17 10
18 25
19 2
19 16
19 1
19 8
19 7
19 10
19 18
19 25
20 16
20 14
20 1
20 6
20 3
20 21
20 23
20 25
20 24
21 4
21 7
21 24
22 10
22 18
