27 108
0 16
0 7
0 18
0 19
0 15
0 23
0 8
1 11
1 10
1 4
1 19
2 23
3 2
3 19
3 23
4 26
4 19
4 23
5 1
5 12
5 10
5 3
5 15
6 25
6 24
6 9
6 17
6 1
6 11
6 12
6 3
6 15
7 18
7 14
7 3
9 11
9 10
9 18
9 14
9 26
9 23
10 18
10 14
11 0
11 16
11 7
11 10
11 18
11 4
11 8
12 18
12 4
12 15
12 8
13 9
13 21
13 12
13 18
13 3
13 26
13 19
14 26
14 15
16 10
16 18
16 14
16 3
16 2
17 11
17 10
17 26
18 14
18 2
19 15
20 6
20 9
20 1
20 0
20 4
20 23
21 12
21 10
21 4
21 15
21 23
21 8
22 20
22 6
22 25
22 9
22 5
22 12
22 19
23 8
24 11
24 3
24 15
24 23
24 8
25 9
25 17
25 5
25 12
25 10
25 14
25 26
25 19
26 15
