28 179
0 21
0 3
0 24
0 8
1 6
1 27
1 22
1 24
1 17
1 8
1 20
1 5
2 23
2 4
2 14
2 19
2 18
2 0
2 21
2 3
2 27
2 22
2 24
2 20
3 27
3 17
3 8
3 20
4 11
4 15
4 14
4 7
4 16
4 1
4 0
4 6
4 20
4 5
6 3
6 20
6 5
7 12
7 1
7 0
7 6
7 22
7 24
8 25
9 3
9 27
9 22
9 8
9 20
9 5
10 9
10 21
10 3
10 24
11 19
11 18
11 16
11 10
11 3
11 27
11 22
11 24
11 20
11 5
12 9
12 0
12 21
12 3
12 22
12 24
12 8
12 20
12 25
12 5
13 2
13 23
13 4
13 11
13 18
13 16
13 10
13 0
13 6
13 3
13 17
13 20
13 25
13 5
14 18
14 12
14 16
14 9
14 21
14 6
14 27
14 22
14 17
14 8
14 20
14 25
14 5
15 14
15 19
15 18
15 10
15 9
15 0
15 24
16 9
16 0
16 21
16 22
16 24
16 17
16 20
17 20
17 25
17 5
18 16
18 9
18 0
18 6
18 3
18 22
18 24
18 20
19 18
19 7
19 12
19 21
19 6
19 3
19 22
19 8
19 20
20 25
20 5
21 3
21 22
21 17
21 8
22 24
22 17
22 8
22 20
22 25
22 5
23 4
23 15
23 14
23 18
23 7
23 16
23 10
23 9
23 3
23 24
23 8
23 25
23 5
24 8
24 20
24 25
26 18
26 9
26 1
26 6
26 27
26 22
26 24
26 8
26 20
27 8
27 20
27 5
