26 144
0 2
0 7
0 12
0 16
0 11
0 20
0 22
0 14
0 4
0 15
0 5
1 14
1 8
1 10
1 25
1 4
1 15
1 13
1 5
1 3
2 17
2 7
2 18
2 1
2 22
2 15
4 13
4 5
5 3
6 17
6 7
6 18
6 11
6 22
6 15
6 13
6 5
6 3
7 18
7 20
7 14
7 24
7 8
7 10
7 9
7 13
7 5
7 3
8 25
8 13
8 5
8 3
9 13
10 15
10 5
11 20
11 22
11 19
11 24
11 8
11 10
11 9
11 15
11 13
11 3
12 19
12 8
12 9
13 5
14 4
14 15
14 5
14 3
15 13
16 19
16 10
16 25
16 4
16 15
16 5
16 3
17 7
17 12
17 16
17 18
17 1
17 20
17 22
17 14
17 8
17 10
17 5
17 3
18 1
18 11
18 20
18 14
18 24
18 10
18 3
19 14
19 24
19 15
19 3
20 22
20 14
20 4
20 3
21 7
21 12
21 11
21 19
21 14
21 24
21 9
21 15
21 13
21 3
22 19
22 4
22 15
22 5
23 21
23 2
23 7
23 1
23 11
23 20
23 22
23 19
23 24
23 8
23 10
23 4
23 15
23 13
23 5
24 9
24 25
24 4
24 15
24 5
25 4
25 5
