34 166
0 24
0 11
0 15
0 18
1 12
1 32
1 29
1 18
2 24
2 8
2 11
3 13
3 19
3 1
3 24
3 33
3 28
3 5
3 15
3 18
4 13
4 6
4 24
4 8
4 32
6 1
6 12
6 29
6 18
7 19
7 2
8 32
8 18
9 25
9 10
9 4
9 7
9 12
9 33
9 28
9 15
10 4
10 6
10 7
10 19
10 2
10 5
10 29
10 18
12 24
12 5
13 6
13 1
13 24
13 8
13 28
13 11
13 29
13 18
14 23
14 25
14 13
14 7
14 1
14 2
14 12
14 28
14 5
15 29
15 16
15 18
16 18
17 20
17 14
17 0
17 8
17 28
17 18
19 33
19 8
19 32
20 9
20 0
20 7
20 12
20 33
20 8
20 28
20 11
21 9
21 4
21 13
21 19
21 24
21 32
21 28
21 5
21 29
22 9
22 0
22 10
22 13
22 6
22 19
22 24
22 33
22 8
23 4
23 8
23 15
23 16
24 28
24 15
25 10
25 1
25 12
25 11
25 29
26 30
26 22
26 0
26 6
26 19
26 12
26 5
27 14
27 9
27 23
27 0
27 6
27 7
27 32
27 28
27 15
28 29
28 18
29 16
29 18
30 17
30 27
30 14
30 21
30 9
30 23
30 3
30 7
30 1
30 24
30 8
30 11
30 5
31 9
31 25
31 19
31 8
31 32
31 11
31 15
31 29
31 16
32 5
32 29
33 32
33 28
33 5
33 16
