30 218
0 1
0 29
0 11
0 4
0 23
0 21
0 9
0 14
0 24
0 27
0 15
1 2
1 29
1 23
1 7
1 5
1 26
1 28
1 19
1 27
1 18
1 12
2 3
2 4
2 23
2 6
2 7
2 25
2 5
2 28
2 27
2 15
2 10
2 12
3 21
3 9
3 6
3 7
3 25
3 5
3 28
3 27
3 18
3 15
3 12
4 22
4 9
4 6
4 24
4 27
4 18
5 26
5 28
5 18
5 10
5 13
6 25
6 26
6 24
6 28
6 19
6 27
6 18
6 15
6 10
6 13
7 5
7 19
7 27
7 10
8 1
8 2
8 29
8 4
8 22
8 21
8 9
8 14
8 6
8 5
8 24
8 19
8 27
8 15
8 10
8 13
9 14
9 6
9 7
9 25
9 5
9 26
9 27
9 18
9 15
9 10
9 12
10 13
11 3
11 22
11 23
11 21
11 9
11 14
11 7
11 28
11 19
11 18
11 10
11 13
11 12
13 12
14 6
14 7
14 24
14 28
14 19
14 27
14 13
14 12
15 10
15 12
16 0
16 1
16 11
16 20
16 4
16 22
16 9
16 6
16 7
16 5
16 24
16 27
16 10
16 13
16 12
17 8
17 1
17 2
17 29
17 20
17 21
17 14
17 5
17 24
17 28
17 19
17 15
17 10
17 13
19 27
19 15
19 13
19 12
20 3
20 4
20 9
20 14
20 6
20 7
20 25
20 13
21 14
21 7
21 26
21 24
21 28
21 10
21 13
21 12
22 14
22 5
22 26
22 24
22 19
22 15
22 13
23 25
23 5
23 26
23 19
23 13
24 19
24 27
24 18
24 15
24 12
25 26
25 24
25 19
25 18
25 10
25 12
26 24
26 18
26 15
26 10
26 13
26 12
27 18
27 15
27 10
28 18
28 15
28 10
29 11
29 20
29 4
29 21
29 14
29 7
29 25
29 5
29 24
29 18
29 10
29 13
