26 166
0 9
0 22
0 25
0 18
0 5
0 7
0 24
0 1
0 12
1 6
1 19
1 15
2 0
2 22
2 23
2 18
2 5
2 12
3 10
3 16
3 8
3 2
3 0
3 22
3 17
3 23
3 18
3 21
3 1
3 12
3 20
3 6
3 19
4 9
4 17
4 23
4 5
4 21
4 24
4 6
5 7
5 21
5 12
5 6
5 19
5 15
7 24
7 12
7 6
7 19
8 14
8 4
8 9
8 18
8 5
8 21
8 1
8 6
9 17
9 25
9 23
9 21
9 24
9 1
9 12
9 6
9 15
10 16
10 14
10 0
10 22
10 23
10 7
10 12
10 20
10 6
10 19
10 15
11 10
11 16
11 8
11 14
11 2
11 0
11 9
11 17
11 23
11 18
11 21
11 24
11 20
11 6
11 19
11 15
12 6
13 8
13 14
13 4
13 9
13 22
13 17
13 5
13 21
13 12
13 20
13 6
13 19
13 15
14 2
14 4
14 22
14 17
14 25
14 23
14 18
14 5
14 21
14 24
14 19
14 15
16 14
16 2
16 9
16 17
16 18
16 5
16 24
16 12
16 19
17 23
17 7
17 24
17 12
17 20
17 19
18 5
18 7
18 21
18 24
18 20
20 6
20 19
20 15
21 1
21 12
21 20
21 19
22 17
22 25
22 23
22 1
22 20
22 6
22 19
23 7
23 21
23 1
23 19
24 12
25 23
25 5
25 7
25 24
25 20
25 6
25 15
