35 182
0 10
0 5
0 9
0 11
0 29
0 7
0 25
0 27
0 21
1 16
1 25
1 27
1 26
1 15
1 19
2 16
2 25
2 19
3 24
4 11
4 18
4 28
4 26
4 24
5 33
5 4
5 11
5 23
6 10
6 1
6 33
6 20
6 13
6 16
6 27
6 21
6 26
6 15
6 3
7 16
7 15
7 3
8 5
8 32
8 33
8 4
8 18
8 23
8 17
8 16
8 26
8 3
8 24
9 4
9 11
9 34
9 7
9 12
9 2
9 16
9 25
9 21
10 1
10 20
10 13
10 29
10 7
10 12
10 17
10 16
10 25
10 21
10 24
11 18
11 28
11 29
11 34
11 7
11 12
11 26
11 15
12 17
12 27
12 26
13 18
13 7
13 16
13 27
14 31
14 6
14 5
14 9
14 13
14 18
14 7
14 17
14 16
14 27
14 21
14 3
15 24
16 27
16 15
17 2
18 28
18 29
18 34
18 23
18 12
18 17
18 2
18 27
18 26
18 3
18 24
20 34
20 7
20 17
20 2
20 16
20 3
21 19
22 31
22 33
22 29
22 23
22 17
22 2
22 25
22 27
23 17
23 3
23 19
25 27
25 19
26 15
27 15
28 34
28 12
28 17
28 2
28 25
28 19
29 34
29 7
29 2
29 16
30 20
30 28
30 23
30 12
30 2
30 16
31 6
31 20
31 11
31 18
31 29
31 7
31 12
31 26
31 3
32 4
32 20
32 13
32 11
32 34
32 23
32 17
32 2
32 21
32 26
32 3
33 4
33 20
33 11
33 28
33 7
33 27
33 26
34 19
34 24
