33 171
0 13
0 26
0 30
0 31
0 16
1 11
1 32
1 25
1 9
1 30
1 6
2 25
2 14
2 19
3 9
3 14
3 31
3 16
4 7
4 27
4 25
4 9
4 21
4 14
4 26
5 23
5 12
5 1
5 10
5 22
5 13
5 32
5 7
5 2
5 9
5 14
5 19
7 25
7 21
7 26
7 31
8 23
8 1
8 10
8 32
8 28
8 3
8 30
8 6
9 21
9 26
9 16
10 22
10 18
10 32
10 28
10 21
10 14
10 30
10 31
10 6
10 16
11 18
11 17
11 20
11 32
11 7
11 3
11 25
11 9
11 30
11 16
12 1
12 13
12 11
12 18
12 17
12 7
12 25
12 9
12 31
13 11
13 4
13 18
13 28
13 27
13 3
13 21
13 6
13 19
14 26
14 6
15 10
15 13
15 4
15 17
15 29
15 2
15 3
15 9
15 21
15 6
15 19
17 32
17 29
17 2
17 3
17 14
17 6
17 19
17 16
18 17
18 7
18 3
18 9
18 19
19 16
20 29
20 27
20 9
20 21
20 19
21 26
21 31
22 11
22 17
22 32
22 27
22 2
22 6
23 12
23 1
23 10
23 22
23 4
23 14
23 26
23 19
24 12
24 1
24 10
24 22
24 13
24 11
24 20
24 32
24 29
24 26
24 19
25 9
26 16
27 2
27 21
27 26
27 31
27 6
27 19
28 27
28 9
28 14
28 30
29 26
29 31
29 19
29 16
30 31
30 6
32 7
32 29
32 30
32 6
