30 132
0 4
0 7
2 9
2 14
2 25
2 11
2 5
3 24
3 14
3 11
4 10
4 11
4 7
4 5
4 15
6 12
6 3
6 24
6 25
6 10
8 19
8 21
8 2
8 0
8 4
9 1
9 14
9 11
9 5
9 15
10 7
12 3
13 26
13 27
13 22
13 3
13 24
13 19
13 20
13 21
13 1
13 25
13 11
13 7
14 0
14 4
14 7
14 5
16 12
16 26
16 27
16 28
16 8
16 20
16 21
16 1
16 14
16 25
16 10
16 11
16 5
17 26
17 24
17 10
17 5
17 15
18 29
18 22
18 24
18 9
18 0
18 25
18 5
18 15
19 23
19 21
19 0
20 0
20 7
20 15
21 2
21 9
21 1
21 4
21 10
21 11
22 24
22 23
22 14
22 4
22 7
22 5
23 4
23 5
24 23
24 21
24 14
24 0
24 11
25 10
25 15
26 27
26 22
26 24
26 8
26 23
26 1
26 14
26 0
26 4
27 20
27 23
27 21
27 14
27 0
27 4
27 5
28 3
28 8
28 20
28 23
28 1
28 14
28 4
28 25
28 5
29 28
29 3
29 2
29 14
29 25
29 11
