33 174
0 32
0 9
0 14
0 22
0 25
0 30
0 16
0 1
0 21
1 21
2 19
2 28
2 20
2 30
2 16
2 21
3 21
4 32
4 13
4 2
4 6
4 19
4 10
4 3
4 1
4 21
5 7
5 29
5 14
5 13
5 10
5 3
6 19
6 28
6 25
6 20
6 10
6 1
6 21
7 9
7 29
7 14
7 22
7 8
7 30
7 10
7 3
7 16
7 21
8 16
8 1
9 29
9 19
9 25
9 30
9 3
9 16
9 21
10 3
11 4
11 32
11 29
11 8
11 6
11 28
11 20
11 31
12 27
12 5
12 32
12 17
12 25
12 20
12 10
12 16
13 2
13 8
13 28
13 25
13 3
13 31
14 8
14 28
14 20
14 30
14 10
14 21
15 7
15 9
15 19
15 25
15 10
16 21
17 30
17 16
17 1
17 21
17 31
18 32
18 7
18 9
18 2
18 8
18 28
18 17
18 10
18 21
19 17
20 10
20 16
21 31
22 13
22 2
22 8
22 6
22 19
22 28
22 30
22 16
22 21
23 27
23 24
23 11
23 7
23 29
23 28
23 30
23 3
24 32
24 26
24 8
24 28
24 17
24 20
24 10
24 21
24 31
25 30
25 10
25 3
25 1
26 9
26 20
26 30
26 3
26 16
26 1
26 31
27 24
27 4
27 7
27 22
27 8
27 28
27 3
27 16
28 25
28 20
28 30
28 10
29 2
29 8
29 6
29 20
29 16
29 31
30 16
32 7
32 9
32 13
32 8
32 28
32 16
32 21
