34 176
0 32
0 5
0 24
0 9
0 19
0 11
0 22
0 26
1 13
1 15
1 30
2 9
2 3
2 17
2 23
2 18
2 7
2 11
2 26
2 30
3 17
3 12
3 21
3 27
3 7
3 11
3 30
4 33
4 31
4 6
4 2
4 24
4 9
4 16
4 20
4 17
4 23
4 1
4 21
4 27
4 11
4 26
4 30
5 2
5 16
5 17
5 15
5 21
5 22
5 26
6 5
6 24
6 10
6 16
6 20
6 19
6 15
6 11
6 22
7 30
8 33
8 31
8 10
8 3
8 1
8 27
8 7
9 16
9 13
9 26
9 30
10 20
10 18
10 30
11 30
12 18
12 13
12 15
12 21
12 27
12 22
12 30
13 7
13 28
13 11
13 26
14 2
14 3
14 16
14 20
14 17
14 12
14 21
14 27
14 7
14 28
14 30
15 7
16 23
16 19
16 1
16 18
16 15
16 27
16 7
16 11
16 22
17 23
17 21
17 22
17 26
18 13
18 21
18 7
18 11
18 26
19 1
20 17
20 13
20 27
20 7
21 22
23 19
23 18
23 13
23 15
23 7
23 30
24 20
24 18
24 15
24 28
24 22
24 26
25 31
25 2
25 10
25 9
25 3
25 23
25 27
25 26
27 30
29 32
29 33
29 31
29 5
29 2
29 24
29 9
29 16
29 23
29 19
29 22
31 24
31 10
31 9
31 17
31 12
31 18
31 21
31 11
31 22
32 31
32 16
32 13
32 27
32 11
32 22
33 31
33 10
33 9
33 3
33 23
33 18
33 28
