30 137
0 12
2 25
2 26
2 23
2 21
2 0
4 2
4 25
4 3
4 18
5 21
5 0
6 11
6 24
6 2
6 3
6 21
6 8
6 0
6 12
7 10
7 11
7 2
7 13
7 29
7 26
7 5
7 1
7 8
7 9
8 9
8 0
10 24
10 19
10 16
10 22
10 4
10 29
10 26
10 3
10 23
10 20
11 19
11 22
11 13
11 29
11 26
11 3
11 23
11 18
11 9
11 0
14 11
14 24
14 2
14 25
14 26
14 28
14 5
14 21
14 18
14 1
14 12
15 19
15 22
15 25
15 26
15 23
15 17
15 8
15 9
15 0
16 22
16 13
16 29
16 28
16 5
16 21
16 18
16 0
17 20
17 1
17 0
17 12
18 12
19 16
19 2
19 29
19 26
19 3
19 23
19 21
19 18
19 1
21 1
21 8
21 0
22 23
22 21
22 1
23 17
23 1
23 8
23 0
23 12
24 16
24 22
24 4
24 29
24 3
24 23
24 18
24 20
25 26
25 3
26 5
26 18
26 20
27 24
27 19
27 16
27 4
27 2
27 25
27 26
27 5
27 21
27 12
28 17
28 20
28 9
29 26
29 3
29 28
29 18
29 20
29 1
