27 98
0 19
0 11
1 22
1 7
2 6
2 0
2 19
2 15
2 24
3 26
3 9
3 25
3 19
3 22
4 8
4 18
4 26
4 14
4 11
4 21
4 22
5 2
5 14
5 13
5 19
5 11
5 15
5 21
6 25
6 0
6 24
8 20
8 5
8 3
8 26
8 2
8 9
8 19
8 21
8 7
9 6
9 22
11 16
11 21
11 24
11 10
12 18
12 26
12 15
12 16
12 7
13 16
13 1
13 24
14 0
14 1
15 16
15 7
16 24
16 10
17 12
17 5
17 3
17 2
17 13
17 19
17 7
18 3
18 2
18 14
18 0
18 19
18 11
18 15
18 24
18 7
19 22
20 5
20 9
20 6
20 0
20 10
21 22
21 10
22 24
23 17
23 4
23 8
23 25
23 0
23 13
23 15
25 19
25 11
25 1
25 10
26 13
26 16
