30 125
0 26
0 3
0 28
0 4
0 13
0 2
0 7
0 24
0 15
0 10
0 22
1 28
1 2
1 21
1 5
1 12
1 9
1 22
2 25
2 7
2 5
2 16
3 28
3 7
3 9
4 5
4 24
4 12
5 24
5 12
5 10
5 22
6 26
6 3
6 29
6 16
6 14
7 11
7 9
7 22
8 1
8 6
8 3
8 28
8 29
8 7
8 11
8 15
8 14
9 14
12 22
13 19
13 7
13 5
13 12
13 14
15 12
15 10
15 22
15 14
16 12
17 26
17 3
17 20
17 25
17 19
17 21
17 16
17 15
17 14
18 8
18 6
18 0
18 4
18 7
18 10
19 21
19 7
19 5
19 16
19 12
19 9
19 10
19 14
20 7
20 11
20 24
20 15
20 9
21 11
21 15
21 12
21 9
21 10
21 14
23 4
23 25
23 21
25 15
25 12
26 4
26 19
26 15
26 9
27 0
27 26
27 3
27 29
27 25
27 19
27 7
27 11
27 5
27 15
27 10
28 4
28 13
28 25
28 11
28 24
28 9
29 25
29 7
29 11
29 10
