34 156
0 10
0 17
0 4
0 30
0 2
0 18
0 29
0 8
0 32
1 29
1 7
1 13
1 8
1 32
1 23
1 12
2 26
2 7
2 15
3 31
3 20
3 28
3 7
3 13
3 32
3 23
4 30
4 14
4 1
4 29
4 7
4 33
4 32
4 12
5 31
5 20
5 22
5 30
5 1
5 9
5 24
5 32
6 14
6 2
6 9
6 24
6 32
7 24
7 8
7 12
8 32
9 29
9 24
9 33
9 32
9 23
9 15
10 28
10 2
10 7
10 8
11 10
11 6
11 28
11 32
11 12
11 15
12 15
13 32
13 12
14 1
14 26
14 24
14 33
14 32
16 19
16 5
16 20
16 6
16 33
16 8
16 23
17 22
17 30
17 14
17 1
17 18
17 29
18 12
19 27
19 31
19 25
19 6
19 18
19 9
19 33
19 32
20 22
20 25
20 26
20 7
20 32
20 12
21 24
21 8
21 32
22 30
22 29
22 26
22 13
22 32
24 15
25 14
25 18
25 24
25 32
26 7
26 13
26 33
26 8
26 32
26 12
26 15
27 5
27 4
27 1
27 18
27 29
27 24
27 33
27 15
28 18
28 29
28 26
28 8
28 23
29 26
29 23
29 12
29 15
30 25
30 6
30 18
30 7
30 13
30 32
31 20
31 22
31 1
31 2
31 9
31 32
32 23
32 15
33 8
33 32
