30 219
0 22
0 25
0 10
0 2
0 4
0 1
0 5
0 27
1 27
2 4
2 5
3 9
3 7
3 11
3 24
3 15
3 8
3 16
3 26
3 22
3 25
3 10
3 5
3 27
3 17
4 5
4 27
6 28
6 16
6 21
6 26
6 0
6 29
6 22
6 25
6 2
6 4
6 27
6 17
7 11
7 20
7 15
7 23
7 12
7 8
7 28
7 16
7 21
7 26
7 25
7 4
7 1
7 27
8 21
8 0
8 22
8 25
8 10
8 4
8 5
8 27
9 20
9 24
9 15
9 12
9 18
9 6
9 28
9 21
9 26
9 0
9 29
9 17
10 2
10 4
10 1
11 20
11 18
11 22
11 25
11 10
11 2
11 4
11 27
12 8
12 6
12 28
12 21
12 26
12 0
12 10
12 4
12 5
12 27
13 19
13 3
13 7
13 11
13 24
13 14
13 23
13 18
13 8
13 6
13 26
13 25
13 10
13 2
13 4
14 15
14 23
14 12
14 8
14 21
14 0
14 29
14 25
14 10
14 5
14 27
14 17
15 12
15 8
15 6
15 28
15 16
15 21
15 26
15 0
15 25
15 1
15 5
15 17
16 26
16 0
16 29
16 22
16 4
16 5
16 27
18 6
18 21
18 29
18 22
18 25
18 10
18 4
18 5
18 27
18 17
19 7
19 11
19 20
19 24
19 14
19 15
19 12
19 8
19 6
19 16
19 21
19 0
19 22
19 4
20 14
20 18
20 28
20 0
20 22
20 1
20 5
20 27
21 0
21 22
21 25
21 2
21 4
22 10
22 5
22 27
23 18
23 28
23 16
23 21
23 26
23 29
23 22
23 1
23 17
24 15
24 12
24 18
24 16
24 21
24 29
24 22
24 25
24 10
24 2
24 1
24 17
25 2
25 5
25 27
25 17
26 0
26 25
26 1
26 27
28 26
28 0
28 25
28 10
28 1
28 5
29 25
29 10
29 1
29 5
