28 112
0 11
0 9
0 24
0 7
0 10
0 4
0 22
0 25
0 14
0 3
1 3
2 19
2 6
2 0
4 22
4 25
6 9
6 7
6 4
6 14
7 10
7 25
8 0
8 11
8 7
8 10
8 4
8 5
8 21
9 24
9 22
9 14
10 5
10 21
11 10
11 5
11 25
11 14
12 17
12 19
12 23
12 8
12 10
12 5
12 21
12 25
12 1
12 14
12 3
13 24
13 22
13 21
13 25
13 14
15 18
15 10
16 5
17 16
17 7
17 10
17 5
17 21
17 25
17 1
17 3
18 23
18 8
18 16
18 9
18 1
18 3
19 23
19 8
19 0
19 16
19 7
19 4
19 5
19 22
19 25
19 1
19 3
20 23
20 8
20 6
20 11
20 9
20 14
23 11
23 9
23 21
23 3
24 7
24 4
24 21
24 25
25 14
26 18
26 8
26 5
26 1
26 3
27 15
27 12
27 2
27 19
27 18
27 8
27 0
27 10
27 22
27 14
