26 172
0 20
0 11
0 13
0 19
0 14
1 20
1 11
1 3
1 24
1 19
1 14
2 19
2 14
2 22
3 15
3 2
4 6
4 21
4 25
4 1
4 0
4 20
4 3
4 15
4 2
4 24
4 22
5 6
5 0
5 20
5 13
5 10
5 2
5 24
5 19
5 22
6 25
6 20
6 11
6 3
6 2
6 22
7 16
7 23
7 8
7 6
7 25
7 20
7 15
7 13
7 2
7 14
7 22
8 5
8 21
8 25
8 11
8 15
8 10
8 24
8 19
8 14
8 22
9 5
9 6
9 25
9 1
9 3
9 24
9 14
9 22
10 2
11 3
11 13
11 10
11 19
11 14
11 22
12 8
12 9
12 4
12 21
12 20
12 11
12 3
12 13
12 10
12 24
12 19
13 10
13 2
13 24
13 19
14 22
15 13
15 10
15 2
15 22
16 23
16 12
16 8
16 9
16 5
16 21
16 25
16 0
16 20
16 3
16 15
16 10
16 2
16 24
16 19
16 22
17 16
17 23
17 12
17 9
17 4
17 5
17 6
17 1
17 20
17 3
17 15
17 22
18 17
18 16
18 23
18 12
18 8
18 4
18 1
18 20
18 11
18 13
18 10
18 2
18 19
18 14
18 22
19 22
20 3
20 15
20 13
20 24
20 22
21 25
21 3
21 13
21 19
21 22
23 12
23 8
23 21
23 1
23 20
23 11
23 3
23 13
23 10
23 2
24 19
24 14
24 22
25 0
25 11
25 13
25 10
25 2
25 24
25 19
