31 148
0 8
0 12
0 26
0 27
0 3
0 20
0 21
0 11
0 24
0 14
0 7
0 13
1 7
1 17
2 1
2 17
3 21
3 7
4 10
4 28
4 11
4 5
4 24
5 14
5 7
5 13
6 20
6 11
6 24
6 30
6 15
6 1
6 18
8 9
8 4
8 12
8 27
8 28
8 29
8 2
8 22
8 21
8 30
8 1
8 13
8 17
9 12
9 10
9 27
9 19
9 28
9 6
9 29
9 11
9 5
9 7
10 5
10 24
10 30
10 14
10 15
10 7
10 17
11 30
11 14
11 15
11 1
11 13
11 17
12 19
12 5
12 30
14 15
14 1
14 7
15 18
16 3
16 20
16 30
16 15
16 1
16 7
19 16
19 29
19 20
19 21
19 24
19 14
19 1
19 13
20 22
20 21
20 24
20 15
20 7
21 11
21 17
22 11
22 24
22 1
23 12
23 27
23 28
23 6
23 20
23 21
23 11
23 5
24 14
24 7
24 17
25 23
25 8
25 26
25 28
25 29
25 24
25 30
25 15
25 1
25 18
26 27
26 19
26 6
26 3
26 11
26 30
26 15
26 1
26 18
27 19
27 6
27 29
27 5
27 24
27 13
27 18
28 16
28 22
28 14
28 13
28 18
29 22
29 21
29 7
29 17
29 18
30 18
