35 308
0 14
0 26
0 20
0 12
2 19
2 18
2 7
2 0
2 14
2 26
2 30
2 10
2 12
3 32
3 5
3 6
3 10
3 12
3 13
4 28
4 21
4 7
4 26
4 23
4 5
4 31
4 30
4 1
4 12
4 13
5 31
5 6
5 20
5 10
5 1
5 12
5 13
6 30
6 10
6 1
6 13
7 14
7 22
7 3
7 5
7 20
7 10
8 4
8 33
8 16
8 14
8 22
8 3
8 32
8 5
8 20
8 30
8 1
8 12
9 24
9 25
9 19
9 21
9 18
9 16
9 7
9 0
9 14
9 26
9 22
9 32
9 31
9 6
9 30
9 10
9 1
9 12
10 1
10 12
10 13
11 29
11 9
11 25
11 17
11 34
11 33
11 2
11 21
11 18
11 7
11 26
11 22
11 3
11 32
11 6
11 30
11 10
12 13
14 26
14 23
14 3
14 6
14 30
15 11
15 29
15 9
15 24
15 25
15 17
15 8
15 33
15 28
15 7
15 31
15 6
15 30
15 1
16 14
16 26
16 23
16 22
16 3
16 31
16 6
16 30
16 1
16 13
17 34
17 8
17 4
17 33
17 19
17 21
17 18
17 14
17 23
17 5
17 6
17 20
17 30
17 1
17 12
17 13
18 16
18 0
18 26
18 23
18 22
18 32
18 5
18 6
18 20
18 30
18 1
19 21
19 18
19 7
19 23
19 22
19 31
19 10
19 12
19 13
20 30
20 10
21 18
21 16
21 0
21 26
21 3
21 32
21 5
21 31
21 1
22 3
22 30
22 1
22 12
22 13
23 22
23 3
23 5
23 30
23 10
23 1
23 12
24 25
24 17
24 34
24 8
24 4
24 33
24 2
24 19
24 21
24 32
24 5
24 1
24 13
25 17
25 8
25 4
25 33
25 28
25 2
25 19
25 21
25 18
25 7
25 26
25 23
25 32
25 5
25 20
25 30
25 10
25 1
26 23
26 22
26 3
26 5
26 6
26 20
26 10
26 1
27 29
27 24
27 25
27 17
27 34
27 8
27 4
27 33
27 28
27 19
27 7
27 0
27 3
27 5
27 31
27 30
27 13
28 7
28 0
28 26
28 22
28 3
28 5
28 6
28 30
28 10
28 1
28 12
28 13
29 34
29 4
29 33
29 28
29 2
29 19
29 18
29 14
29 22
29 3
29 31
29 6
29 20
29 1
30 10
30 1
30 12
31 6
31 20
31 30
31 10
31 12
32 20
32 30
32 10
32 1
32 12
33 19
33 18
33 16
33 0
33 14
33 23
33 22
33 3
33 32
33 5
33 6
33 30
33 10
33 1
33 13
34 33
34 28
34 7
34 14
34 26
34 23
34 22
34 5
34 31
34 10
34 1
34 12
