26 107
0 1
0 6
0 13
0 4
0 14
0 16
0 18
0 15
1 7
1 13
1 14
1 18
1 15
1 20
1 21
3 16
3 19
3 9
3 18
4 11
4 14
4 18
4 22
4 20
4 23
4 2
5 17
5 11
5 8
5 16
5 9
5 24
5 20
5 21
6 17
6 11
6 9
6 24
6 15
6 20
6 23
6 2
7 17
7 14
7 16
7 18
7 22
7 2
7 21
8 14
8 22
8 23
8 21
10 13
10 19
10 18
10 24
10 21
11 16
11 20
11 23
11 21
12 7
12 25
12 11
12 3
12 19
12 18
12 15
12 22
12 2
12 21
13 4
13 16
13 9
13 24
13 15
13 22
13 23
13 2
14 19
14 15
14 20
14 21
15 20
16 9
16 15
17 11
17 19
17 20
18 15
19 9
20 2
20 21
22 20
22 2
24 2
24 21
25 4
25 11
25 8
25 3
25 24
25 20
25 23
25 2
25 21
