35 316
0 21
1 21
1 31
2 5
2 27
2 23
2 9
2 22
2 10
2 1
2 0
2 21
2 31
3 32
3 28
3 12
3 4
3 11
3 5
3 24
3 34
3 26
3 16
3 10
3 21
4 6
4 2
4 5
4 24
4 27
4 29
4 23
4 22
4 1
4 21
4 31
5 34
5 23
5 22
5 10
5 1
5 0
5 21
6 24
6 16
6 9
6 22
6 10
6 21
7 30
7 4
7 6
7 5
7 34
7 23
7 10
7 1
7 31
8 17
8 14
8 3
8 32
8 15
8 33
8 13
8 12
8 30
8 24
8 27
8 34
8 26
8 29
8 9
8 22
8 10
8 1
8 31
9 0
9 21
9 31
10 0
11 5
11 24
11 29
11 23
11 9
11 0
12 30
12 4
12 6
12 27
12 29
12 1
12 0
13 7
13 28
13 12
13 30
13 2
13 5
13 27
13 29
13 23
13 1
13 21
14 3
14 15
14 33
14 7
14 28
14 2
14 24
14 34
14 26
14 16
14 23
14 22
14 10
14 1
14 21
15 13
15 30
15 6
15 5
15 24
15 27
15 26
15 29
15 23
15 9
15 1
15 21
15 31
16 23
16 9
16 22
16 10
16 1
16 0
16 31
17 25
17 32
17 15
17 33
17 13
17 7
17 28
17 12
17 30
17 4
17 6
17 11
17 2
17 27
17 29
17 16
17 10
17 1
17 21
18 17
18 25
18 3
18 32
18 15
18 33
18 28
18 4
18 6
18 5
18 24
18 27
18 26
18 29
18 9
18 22
18 10
18 1
18 0
18 31
19 17
19 25
19 32
19 13
19 7
19 28
19 12
19 4
19 29
19 23
19 1
19 0
20 18
20 19
20 8
20 3
20 15
20 13
20 28
20 30
20 4
20 2
20 24
20 27
20 34
20 26
20 16
20 23
20 9
20 1
20 0
20 21
20 31
21 31
22 1
22 0
22 21
22 31
23 22
23 10
23 1
23 0
23 21
24 27
24 34
24 26
24 16
24 23
24 22
24 1
24 21
24 31
25 3
25 32
25 28
25 12
25 11
25 24
25 34
25 26
25 16
25 9
25 1
25 0
25 21
25 31
26 16
26 9
26 10
26 0
26 21
27 26
27 16
27 23
27 9
27 22
27 10
27 1
27 0
27 31
28 12
28 4
28 5
28 27
28 34
28 29
28 16
28 9
28 22
28 10
28 1
28 0
28 21
28 31
29 23
29 9
29 22
29 10
29 31
30 4
30 6
30 2
30 34
30 29
30 16
30 23
30 9
30 22
30 1
30 0
30 21
32 15
32 7
32 28
32 12
32 30
32 4
32 2
32 16
32 23
32 9
32 10
32 21
33 12
33 6
33 11
33 2
33 24
33 34
33 16
33 22
33 1
33 0
34 26
34 22
34 1
34 21
