30 128
0 7
0 27
0 10
0 8
1 25
1 11
1 19
1 7
1 27
2 18
2 22
2 11
2 20
2 5
2 19
2 0
2 15
2 8
3 28
3 11
3 21
3 10
4 25
4 21
4 20
4 9
4 0
4 7
4 27
4 10
5 0
5 8
6 23
6 29
6 26
6 28
6 4
6 16
6 5
6 19
6 7
9 15
9 8
11 5
11 19
11 0
11 15
11 8
12 24
12 21
12 5
12 0
12 7
12 15
13 6
13 14
13 24
13 25
13 22
13 20
13 27
14 24
14 4
14 25
14 5
14 10
16 19
16 9
16 0
16 10
17 29
17 4
17 1
17 19
17 7
18 11
18 9
18 8
19 7
19 10
19 8
20 5
20 0
20 10
20 15
21 27
21 8
22 20
22 5
22 7
22 27
22 15
22 8
23 26
23 28
23 4
23 21
23 20
23 27
24 11
24 19
24 10
25 22
25 5
25 9
26 1
26 25
26 18
26 22
26 11
26 9
26 0
26 7
26 10
28 2
28 18
28 21
28 20
28 9
28 0
28 8
29 14
29 1
29 16
29 25
29 21
29 19
29 9
