31 231
0 14
0 21
0 15
0 3
0 27
0 6
0 2
0 7
0 22
1 24
1 0
1 14
1 3
1 27
1 6
1 2
1 7
1 29
1 22
2 11
2 29
2 22
2 13
3 25
3 27
3 11
3 29
3 13
4 16
4 1
4 9
4 21
4 19
4 2
4 7
5 30
5 4
5 16
5 8
5 25
5 6
5 2
5 7
5 11
5 29
6 2
6 7
6 11
6 29
6 22
6 13
7 29
7 13
8 18
8 14
8 21
8 15
8 25
8 27
8 19
8 29
9 14
9 15
9 3
9 25
9 2
9 29
9 22
9 13
10 5
10 30
10 16
10 24
10 9
10 3
10 6
10 7
10 11
10 29
10 22
10 13
11 29
11 13
12 23
12 20
12 26
12 4
12 24
12 9
12 18
12 14
12 21
12 27
12 11
12 29
14 3
14 25
14 6
14 19
14 11
14 29
15 3
15 25
15 27
15 2
15 11
15 29
16 8
16 1
16 24
16 0
16 18
16 14
16 15
16 6
16 2
16 7
16 11
16 29
16 13
17 26
17 30
17 8
17 0
17 9
17 3
17 27
17 6
17 19
17 2
17 7
17 29
17 22
17 13
18 14
18 21
18 3
18 27
18 6
18 19
18 2
18 7
18 22
18 13
19 2
20 30
20 4
20 1
20 24
20 0
20 9
20 21
20 15
20 25
20 27
20 6
20 11
20 13
21 25
21 27
21 2
21 7
23 20
23 5
23 26
23 16
23 8
23 1
23 24
23 0
23 9
23 18
23 21
23 15
23 25
23 27
23 6
23 2
23 29
23 22
23 13
24 18
24 3
24 19
24 2
24 7
24 13
25 2
25 11
25 29
25 22
25 13
26 4
26 16
26 8
26 1
26 0
26 9
26 14
26 21
26 25
26 27
26 6
26 19
26 11
27 6
27 7
27 11
27 29
27 22
27 13
28 4
28 8
28 1
28 24
28 9
28 19
28 2
28 7
28 29
29 13
30 1
30 24
30 9
30 15
30 25
30 27
30 19
30 7
30 11
30 22
