34 284
0 8
0 33
0 24
0 5
0 27
0 1
0 22
0 23
0 16
1 22
1 16
2 33
2 28
2 21
2 26
2 5
2 32
2 27
2 29
2 23
2 16
3 28
3 21
3 6
3 26
3 5
3 20
3 27
3 22
3 19
3 16
4 31
4 28
4 24
4 21
4 26
4 5
4 20
4 27
4 22
4 29
4 23
5 32
5 27
5 15
5 1
5 22
5 19
5 29
5 23
6 5
6 20
6 32
6 27
6 23
6 16
7 10
7 12
7 8
7 31
7 28
7 24
7 6
7 32
7 27
7 1
7 19
7 29
7 23
8 4
8 25
8 3
8 28
8 6
8 26
8 5
8 15
8 1
8 22
8 29
9 17
9 12
9 8
9 4
9 3
9 31
9 28
9 15
9 22
9 23
10 0
10 33
10 25
10 3
10 31
10 24
10 26
10 20
10 27
10 23
11 14
11 13
11 7
11 17
11 30
11 12
11 2
11 18
11 8
11 4
11 31
11 28
11 21
11 6
11 26
11 5
11 32
11 27
11 22
11 19
11 23
12 0
12 4
12 25
12 24
12 21
12 16
13 7
13 30
13 10
13 12
13 18
13 8
13 4
13 28
13 24
13 32
13 27
13 1
13 22
13 29
13 23
14 7
14 9
14 2
14 18
14 8
14 33
14 31
14 28
14 21
14 26
14 20
14 32
14 1
14 22
14 29
14 16
15 1
15 19
15 29
17 2
17 18
17 8
17 4
17 33
17 25
17 3
17 28
17 24
17 21
17 5
17 20
17 32
17 22
17 19
17 29
18 0
18 8
18 3
18 28
18 21
18 20
18 27
18 1
18 22
18 19
18 16
19 29
19 16
20 32
20 15
20 1
21 26
21 20
21 32
21 27
21 1
21 22
21 19
21 16
22 29
22 16
24 21
24 6
24 26
24 5
24 20
24 15
24 19
24 23
24 16
25 31
25 6
25 26
25 20
25 32
25 27
25 15
25 1
25 22
25 16
26 20
26 27
26 29
27 15
27 1
27 22
27 19
27 29
27 23
27 16
28 24
28 26
28 5
28 20
28 32
28 27
28 1
28 22
28 23
28 16
29 23
29 16
30 10
30 18
30 4
30 33
30 25
30 3
30 31
30 28
30 24
30 5
30 32
30 15
30 22
30 23
31 28
31 24
31 26
31 5
31 20
31 27
31 1
31 19
31 29
31 23
31 16
32 27
32 15
32 1
32 22
32 19
32 29
32 16
33 25
33 3
33 31
33 5
33 32
33 27
33 15
33 22
