27 95
0 6
0 14
0 15
0 8
0 10
0 21
0 4
1 7
1 23
1 21
1 11
1 12
1 13
3 7
3 21
3 11
3 13
3 22
4 22
5 9
5 12
5 24
6 8
6 19
7 18
7 9
7 12
7 19
8 10
8 20
8 21
8 18
8 2
8 19
9 11
9 24
9 19
10 20
10 12
10 13
10 2
11 12
11 4
12 24
12 4
13 2
14 20
14 5
14 2
14 4
15 16
15 10
15 5
15 9
15 11
16 21
16 11
16 13
16 4
17 21
17 18
17 12
17 24
18 24
18 13
18 2
18 4
19 4
19 22
20 24
20 13
20 19
20 4
21 9
21 11
21 4
23 25
23 20
23 21
23 5
23 24
23 13
23 2
23 22
24 13
24 22
25 21
25 18
25 11
25 24
25 19
26 18
26 9
26 11
26 13
