29 104
0 3
1 17
1 20
1 4
2 0
2 20
2 3
2 11
5 12
5 23
5 19
5 8
5 15
5 7
5 17
5 11
5 13
5 4
7 28
7 11
7 4
8 14
8 7
8 6
8 25
8 3
9 19
9 2
9 0
9 4
10 25
10 20
10 11
11 13
11 4
12 23
12 9
12 19
12 8
12 10
12 0
12 24
12 11
12 13
14 18
14 25
14 4
15 17
15 25
15 20
15 11
16 18
16 0
16 6
16 13
17 25
17 11
18 24
18 11
18 13
19 7
19 0
19 24
19 13
19 4
20 11
20 4
21 23
21 22
21 19
21 15
21 7
21 1
21 0
21 3
21 11
21 4
22 9
22 19
22 8
22 7
22 24
22 25
23 8
23 14
23 15
23 2
23 17
25 4
26 12
26 8
26 27
26 15
26 2
26 0
26 25
26 3
26 4
27 14
27 18
27 1
27 24
27 6
27 28
