28 194
0 22
0 5
1 13
1 17
1 3
1 6
1 19
1 20
1 5
1 25
1 21
1 27
2 1
2 13
2 17
2 18
2 3
2 16
2 6
2 20
2 5
2 21
2 27
2 24
3 16
3 6
3 25
3 21
3 27
3 14
4 7
4 17
4 3
4 16
4 6
4 0
4 22
4 19
4 5
4 24
4 14
5 25
5 27
6 22
6 19
6 20
6 5
6 27
6 24
6 14
7 17
7 18
7 3
7 6
7 19
7 25
7 27
8 11
8 10
8 17
8 18
8 15
8 3
8 6
8 22
8 20
8 5
8 21
8 27
8 24
9 2
9 1
9 13
9 17
9 18
9 3
9 16
9 6
9 0
9 22
9 19
9 20
9 5
10 7
10 13
10 17
10 15
10 0
10 20
10 25
10 21
10 27
11 2
11 4
11 10
11 1
11 7
11 18
11 15
11 0
11 20
11 27
11 14
12 13
12 17
12 18
12 15
12 16
12 6
12 0
12 19
12 5
12 24
13 3
13 22
13 19
13 20
13 5
13 25
13 21
13 27
13 14
15 16
15 6
15 22
15 19
15 20
15 25
16 6
16 22
16 5
16 25
16 21
16 27
16 14
17 18
17 16
17 22
17 5
17 27
17 24
17 14
18 3
18 16
18 6
18 0
18 22
18 19
18 20
18 27
18 24
19 5
19 24
19 14
20 25
20 21
20 24
20 14
21 24
21 14
22 19
22 20
22 5
22 21
22 27
22 24
22 14
23 8
23 2
23 4
23 12
23 7
23 18
23 16
23 6
23 22
23 27
23 14
24 14
25 14
26 8
26 4
26 10
26 12
26 1
26 7
26 3
26 0
26 19
26 5
26 27
26 24
26 14
27 24
