35 302
0 5
0 32
0 13
0 15
0 17
0 26
1 20
1 6
1 2
1 31
1 18
1 8
1 34
1 25
1 5
1 4
1 7
1 14
1 13
1 3
1 17
2 31
2 18
2 8
2 34
2 29
2 9
2 19
2 25
2 10
2 23
2 0
2 5
2 4
2 32
2 7
2 13
2 27
2 3
2 17
2 26
3 15
3 17
4 32
4 7
4 14
4 13
4 3
4 15
4 17
5 4
5 32
5 7
5 14
5 26
6 2
6 31
6 34
6 16
6 9
6 19
6 32
6 7
6 14
6 27
6 3
6 15
6 26
7 13
7 27
7 3
7 15
7 17
7 26
8 34
8 29
8 33
8 19
8 25
8 5
8 32
8 7
8 13
8 3
8 17
9 4
9 14
9 27
9 17
9 26
10 23
10 0
10 7
10 14
10 13
10 17
11 20
11 6
11 16
11 33
11 19
11 25
11 5
11 32
11 14
11 3
11 15
11 26
12 20
12 6
12 2
12 30
12 34
12 29
12 19
12 10
12 23
12 0
12 5
12 4
12 32
12 14
12 13
12 3
12 15
12 26
13 27
13 3
13 15
13 26
14 13
14 17
16 29
16 33
16 10
16 23
16 5
16 32
16 14
16 13
16 15
16 17
18 34
18 19
18 25
18 23
18 0
18 7
18 26
19 25
19 10
19 23
19 0
19 5
19 32
19 14
19 13
19 17
19 26
20 6
20 31
20 30
20 9
20 10
20 23
20 4
20 32
20 7
20 14
20 27
20 3
20 15
20 17
20 26
21 28
21 12
21 11
21 24
21 1
21 2
21 30
21 8
21 34
21 33
21 23
21 5
21 32
21 13
21 26
22 24
22 6
22 31
22 30
22 18
22 8
22 29
22 33
22 19
22 25
22 5
22 4
22 32
22 7
22 26
23 5
23 32
23 17
23 26
24 1
24 6
24 2
24 31
24 8
24 34
24 16
24 19
24 25
24 10
24 5
24 27
24 15
24 17
25 10
25 23
25 0
25 7
25 13
25 27
25 26
27 3
27 17
28 22
28 24
28 20
28 6
28 30
28 8
28 34
28 19
28 32
28 7
28 14
28 13
28 27
28 3
28 15
28 17
28 26
29 19
29 5
29 7
29 3
29 17
29 26
30 18
30 19
30 10
30 4
30 32
30 14
30 13
30 27
30 3
30 17
30 26
31 30
31 16
31 9
31 25
31 10
31 23
31 5
31 4
31 32
31 14
31 13
31 3
31 15
32 7
32 13
32 27
32 3
32 15
32 17
33 9
33 25
33 10
33 0
33 5
33 4
33 32
33 27
33 3
33 15
33 26
34 23
34 0
34 7
34 13
34 27
34 3
34 17
