29 210
0 20
0 26
0 8
0 22
0 2
0 13
0 5
0 18
0 3
0 14
0 7
0 25
0 23
0 16
0 9
2 3
2 14
2 7
2 25
2 16
2 17
3 7
3 11
3 16
3 1
4 0
4 26
4 10
4 22
4 2
4 18
4 11
4 15
4 1
5 18
5 3
5 25
5 23
5 11
5 24
5 17
5 1
6 4
6 19
6 22
6 28
6 2
6 13
6 18
6 14
6 7
6 25
6 23
6 11
6 24
6 15
6 16
6 1
7 25
7 23
7 11
7 24
7 16
7 17
7 9
8 5
8 18
8 25
8 11
8 24
8 17
8 1
10 22
10 13
10 7
10 25
10 24
10 15
10 16
10 17
10 1
11 24
11 16
12 26
12 22
12 28
12 2
12 13
12 5
12 18
12 3
12 25
12 23
13 18
13 3
13 7
13 25
13 11
13 24
13 15
13 9
14 7
14 25
14 23
15 16
15 17
15 1
16 17
18 3
18 24
18 15
18 16
18 1
18 9
19 12
19 20
19 26
19 8
19 22
19 5
19 18
19 3
19 14
19 7
19 23
19 11
19 1
19 9
20 26
20 8
20 22
20 28
20 2
20 5
20 3
20 7
20 23
21 6
21 4
21 0
21 19
21 12
21 26
21 10
21 28
21 13
21 18
21 3
21 14
21 7
21 23
21 11
21 15
21 16
21 17
21 1
22 28
22 2
22 13
22 5
22 3
22 14
22 7
22 25
22 23
22 11
22 1
23 24
23 15
23 16
24 15
24 16
24 17
24 1
24 9
25 23
25 11
25 24
25 15
25 17
25 1
25 9
26 8
26 5
26 18
26 7
26 25
26 24
26 15
26 16
26 1
27 12
27 20
27 26
27 8
27 22
27 2
27 18
27 7
27 23
27 24
27 1
28 18
28 3
28 14
28 7
28 25
28 15
28 17
28 1
