34 187
0 29
0 26
0 4
2 14
2 33
2 29
2 7
2 1
2 4
3 24
3 18
3 22
3 11
3 20
3 10
3 14
3 30
3 17
3 9
3 33
3 21
3 8
3 1
3 4
5 31
5 2
5 14
5 17
5 0
6 2
6 16
6 9
6 33
6 7
7 4
9 29
9 7
9 26
9 1
10 30
10 17
10 29
10 7
10 26
10 1
11 31
11 10
11 2
11 30
11 33
11 0
11 7
12 2
12 9
12 33
12 1
13 25
13 6
13 31
13 2
13 16
13 9
13 29
13 7
13 28
13 1
14 0
14 29
14 21
14 4
15 27
15 22
15 11
15 5
15 14
15 30
15 29
15 21
15 7
15 26
16 0
16 7
16 28
16 1
17 33
17 8
18 31
18 10
18 14
18 17
18 21
18 28
18 8
19 3
19 24
19 18
19 13
19 25
19 11
19 5
19 12
19 20
19 2
19 17
19 9
19 21
20 14
20 16
20 17
20 33
20 0
20 29
21 7
21 28
21 26
21 1
21 4
22 11
22 12
22 2
22 14
22 16
22 21
22 28
22 4
23 3
23 11
23 6
23 32
23 20
23 17
23 33
24 18
24 13
24 22
24 11
24 12
24 10
24 2
24 14
24 30
24 16
24 0
24 21
24 28
25 11
25 5
25 32
25 12
25 2
25 30
25 17
25 9
25 0
25 1
26 4
27 18
27 25
27 14
27 30
27 21
27 7
28 4
29 8
29 26
29 1
29 4
30 9
30 8
30 26
31 32
31 12
31 2
31 14
31 30
31 17
31 9
31 21
31 28
32 20
32 33
32 21
32 7
32 26
32 1
33 29
33 28
