30 218
0 8
0 6
0 11
0 4
0 22
0 9
0 12
0 5
0 17
0 21
0 19
0 23
0 18
1 2
1 23
1 20
1 13
2 26
2 18
3 8
3 29
3 6
3 27
3 4
3 22
3 14
3 5
3 10
3 2
3 23
3 26
3 18
4 12
4 16
4 17
4 10
4 21
4 19
4 20
4 26
4 13
5 19
5 13
6 4
6 22
6 12
6 16
6 21
6 1
6 19
6 2
6 20
6 26
7 25
7 15
7 0
7 6
7 27
7 4
7 22
7 9
7 12
7 5
7 10
7 21
7 19
7 23
7 20
8 29
8 27
8 9
8 12
8 16
8 5
8 21
8 1
8 2
8 23
8 20
8 26
8 18
9 12
9 16
9 17
9 10
9 21
9 1
9 20
9 13
9 18
10 19
10 2
10 18
11 27
11 4
11 22
11 12
11 14
11 5
11 17
11 10
11 1
11 19
11 2
11 18
12 14
12 5
12 10
12 21
12 19
12 2
12 20
12 26
12 18
13 18
14 10
14 1
14 2
14 23
14 20
14 26
14 18
15 8
15 29
15 14
15 10
15 1
15 19
15 23
15 18
16 5
16 21
16 1
16 20
16 18
17 21
17 2
17 23
17 26
19 20
19 26
19 13
19 18
20 26
20 18
21 1
21 19
21 26
22 12
22 16
22 17
22 1
22 19
22 20
22 13
23 13
24 15
24 0
24 8
24 29
24 22
24 9
24 12
24 16
24 17
24 10
24 1
24 2
24 20
24 26
24 18
25 15
25 0
25 27
25 4
25 9
25 14
25 17
25 19
25 23
25 20
25 26
25 13
25 18
27 22
27 9
27 12
27 16
27 14
27 10
27 21
27 1
27 20
27 18
28 24
28 25
28 3
28 29
28 6
28 22
28 9
28 12
28 5
28 1
28 2
28 23
28 20
28 26
28 18
29 27
29 22
29 12
29 17
29 10
29 21
29 1
29 20
29 26
