32 241
0 11
0 7
0 25
0 27
0 9
0 20
0 29
0 3
0 1
0 8
0 24
1 24
2 16
2 31
2 14
2 6
2 26
2 7
2 20
2 29
2 3
2 1
2 8
2 13
2 24
3 1
3 21
3 24
4 31
4 30
4 26
4 7
4 3
4 1
5 10
5 22
5 4
5 16
5 31
5 30
5 6
5 7
5 15
5 25
5 27
5 29
5 13
5 24
6 11
6 26
6 7
6 25
6 27
6 29
6 3
6 1
6 24
7 25
7 20
7 1
7 21
7 24
8 13
9 3
9 1
9 21
9 24
10 17
10 23
10 4
10 2
10 31
10 6
10 26
10 15
10 27
10 20
10 3
10 21
10 24
11 15
11 25
11 27
11 29
11 3
11 21
11 8
11 13
11 24
12 10
12 4
12 14
12 0
12 27
12 9
12 29
12 21
12 8
12 13
12 24
13 24
14 25
14 27
14 9
14 20
14 1
14 21
14 8
15 25
15 27
15 9
15 3
15 21
15 8
15 24
16 30
16 0
16 26
16 7
16 15
16 27
16 9
16 20
16 29
16 3
16 13
17 23
17 22
17 28
17 2
17 31
17 6
17 0
17 11
17 25
17 9
17 1
18 10
18 17
18 23
18 22
18 4
18 28
18 2
18 16
18 31
18 30
18 6
18 0
18 11
18 26
18 25
18 27
18 20
18 29
18 1
18 21
18 8
18 24
19 18
19 10
19 23
19 28
19 14
19 11
19 26
19 15
19 25
19 9
19 20
19 29
19 3
19 8
19 24
20 21
20 8
20 13
21 8
21 13
21 24
22 28
22 2
22 14
22 0
22 11
22 26
22 9
22 29
22 3
22 13
22 24
23 22
23 30
23 6
23 0
23 11
23 26
23 7
23 15
23 25
23 9
23 29
23 3
23 21
23 8
25 27
25 9
25 20
25 1
25 13
26 20
26 21
28 2
28 31
28 30
28 14
28 11
28 26
28 20
28 3
28 21
28 13
29 21
29 8
30 14
30 6
30 0
30 11
30 15
30 9
30 29
30 8
30 13
30 24
31 30
31 0
31 11
31 15
31 9
31 3
31 24
