27 180
0 6
0 22
1 8
1 22
1 4
2 22
2 4
3 12
3 13
3 16
3 23
3 15
3 17
3 1
3 22
3 4
5 23
5 11
5 17
5 2
5 1
5 8
5 6
5 4
6 4
7 26
7 25
7 14
7 20
7 10
7 9
7 3
7 12
7 16
7 5
7 23
7 15
7 1
7 22
9 19
9 3
9 12
9 13
9 18
9 16
9 11
9 0
9 8
9 4
10 19
10 24
10 12
10 18
10 23
10 15
10 11
10 17
10 1
10 0
10 6
10 22
10 4
11 2
11 0
11 6
12 13
12 18
12 15
12 11
12 17
12 0
12 8
12 6
12 22
12 4
13 11
13 17
13 2
13 4
14 10
14 19
14 24
14 18
14 16
14 23
14 15
14 2
14 1
14 0
14 22
14 4
15 11
15 1
15 22
15 4
16 5
16 1
16 0
16 8
16 22
17 2
17 1
17 6
18 23
18 15
18 17
18 1
18 8
18 22
18 4
19 12
19 13
19 18
19 17
19 1
19 0
19 8
19 6
19 4
20 9
20 19
20 13
20 16
20 23
20 15
20 17
20 1
21 14
21 10
21 9
21 19
21 24
21 13
21 18
21 5
21 15
21 11
21 17
21 2
21 0
21 22
21 4
22 4
23 15
23 11
23 17
23 0
23 8
23 6
24 3
24 12
24 18
24 5
24 23
24 11
24 17
24 0
24 6
24 22
24 4
25 21
25 14
25 24
25 12
25 13
25 18
25 17
25 22
26 14
26 9
26 19
26 24
26 3
26 12
26 18
26 5
26 17
26 2
26 6
26 4
