35 288
0 32
0 18
0 7
0 21
0 6
0 34
0 15
0 24
0 11
0 31
0 28
0 16
0 20
0 12
1 26
1 34
1 15
1 11
1 22
1 28
1 16
1 20
2 10
2 14
2 0
2 4
2 29
2 6
2 34
2 23
2 11
2 25
2 28
2 20
2 8
3 34
3 13
3 25
3 16
3 8
3 12
4 26
4 21
4 6
4 15
4 24
4 23
4 11
4 13
4 25
4 28
4 5
5 20
5 8
5 12
6 15
6 22
6 5
6 20
7 6
7 24
7 31
7 28
7 16
9 21
9 6
9 34
9 24
9 23
9 31
9 13
9 25
9 27
9 28
9 16
9 5
9 20
10 14
10 0
10 4
10 30
10 18
10 9
10 21
10 3
10 15
10 24
10 31
10 22
10 27
10 20
13 25
13 27
13 16
13 5
13 8
14 0
14 4
14 32
14 30
14 1
14 9
14 3
14 6
14 34
14 24
14 23
14 13
14 22
14 27
14 8
14 12
15 24
15 23
15 11
15 25
15 22
15 27
15 28
15 16
15 5
15 8
15 12
16 5
16 20
16 8
16 12
17 19
17 2
17 10
17 14
17 0
17 32
17 7
17 26
17 6
17 15
17 24
17 23
17 11
17 31
17 25
17 22
17 27
17 28
17 16
18 9
18 7
18 26
18 6
18 34
18 24
18 11
18 13
18 22
18 5
18 20
19 10
19 14
19 30
19 18
19 1
19 9
19 7
19 26
19 34
19 15
19 11
19 13
19 25
19 27
19 16
19 20
19 12
21 3
21 34
21 15
21 24
21 23
21 11
21 16
21 5
21 20
21 12
22 27
22 5
23 13
23 16
23 5
24 23
24 11
24 31
24 13
24 22
24 28
24 5
25 22
25 27
25 5
25 20
25 8
25 12
26 21
26 3
26 15
26 24
26 23
26 22
26 27
26 16
26 5
26 12
27 28
27 16
27 5
27 8
27 12
28 20
28 12
29 9
29 34
29 15
29 23
29 22
29 5
29 8
29 12
30 18
30 29
30 1
30 9
30 7
30 6
30 23
30 11
30 25
30 27
30 28
30 16
30 5
30 20
30 8
30 12
31 25
31 27
31 28
31 8
32 30
32 29
32 1
32 9
32 7
32 3
32 15
32 11
32 31
32 22
32 27
32 28
32 16
32 5
33 17
33 19
33 0
33 4
33 18
33 9
33 26
33 21
33 6
33 23
33 11
33 31
33 13
33 25
33 22
33 27
33 28
33 5
33 8
33 12
34 24
34 23
34 31
34 25
34 22
34 27
34 20
