29 120
0 25
0 17
0 27
1 9
1 2
1 20
1 18
1 11
1 17
1 27
2 18
2 23
2 17
2 27
4 25
4 26
5 23
5 26
7 18
7 11
7 5
7 17
7 27
8 14
8 10
8 2
8 16
8 12
8 6
8 23
8 24
8 17
8 27
9 21
9 19
9 14
9 10
9 2
9 15
9 13
9 24
10 2
10 0
10 20
10 11
10 6
10 22
10 23
10 24
10 3
10 27
11 6
11 4
11 13
11 23
11 25
11 3
11 27
12 11
12 6
12 17
13 24
13 25
13 3
14 0
14 20
14 13
14 3
14 17
15 20
15 13
15 24
15 25
15 3
16 0
16 20
16 18
16 12
16 4
16 22
16 13
18 5
18 4
18 13
18 23
18 25
18 26
19 14
19 2
19 6
19 24
19 25
19 3
19 27
20 7
20 4
20 22
20 23
20 25
21 15
21 25
21 3
21 26
21 17
22 13
23 25
23 3
23 27
24 17
24 27
25 27
26 27
28 21
28 8
28 10
28 15
28 7
28 5
28 25
28 17
