31 217
0 6
0 16
0 3
0 7
0 2
0 4
0 8
0 26
0 5
0 30
0 29
0 22
0 15
0 24
2 27
2 26
2 5
2 30
2 29
2 25
2 15
2 12
2 1
2 24
3 18
3 22
3 15
3 12
3 10
3 19
3 1
4 21
4 30
4 29
4 22
4 15
4 10
4 13
4 24
5 30
5 25
5 10
5 19
5 24
6 16
6 14
6 20
6 3
6 7
6 4
6 26
6 5
6 22
6 12
6 10
6 19
6 13
6 1
6 24
7 4
7 21
7 29
7 25
7 15
7 19
7 13
7 1
8 26
8 5
8 30
8 22
8 25
8 15
8 13
8 1
8 24
9 14
9 3
9 2
9 8
9 26
9 5
9 25
9 15
9 12
10 1
11 28
11 14
11 8
11 26
11 5
11 30
11 25
11 15
11 12
11 10
11 1
12 19
12 13
13 1
13 24
14 20
14 4
14 27
14 26
14 21
14 18
14 29
14 22
14 25
14 12
14 1
15 12
15 13
15 24
16 20
16 3
16 7
16 2
16 4
16 27
16 26
16 21
16 30
16 29
16 15
16 12
16 10
16 19
16 13
16 1
16 24
17 23
17 14
17 7
17 2
17 27
17 18
17 5
17 30
17 25
17 24
18 29
18 22
18 25
18 15
18 10
19 24
20 3
20 7
20 2
20 18
20 15
20 12
20 13
21 5
21 30
21 13
21 1
21 24
22 15
22 12
22 13
22 1
22 24
23 0
23 14
23 3
23 7
23 27
23 8
23 26
23 21
23 18
23 5
23 30
23 29
23 25
23 13
23 24
25 15
25 12
25 10
25 24
26 30
26 29
26 25
26 12
26 19
26 13
26 1
26 24
27 18
27 22
27 25
27 10
27 19
27 1
27 24
28 16
28 20
28 8
28 26
28 21
28 18
28 5
28 10
28 24
29 22
29 25
29 15
29 10
29 19
29 1
30 29
30 25
30 10
