30 116
0 2
0 16
0 18
0 28
0 3
0 12
0 14
1 15
1 14
2 16
2 18
2 8
2 28
2 27
2 5
2 15
2 14
3 9
3 15
3 14
4 20
4 25
4 26
5 1
5 9
6 22
6 24
6 2
6 23
7 6
7 0
7 13
7 24
7 18
7 5
7 1
7 9
7 14
8 3
8 23
8 26
8 19
10 24
10 12
10 27
10 5
10 9
10 19
11 24
11 2
11 28
11 17
12 27
12 17
12 9
12 26
12 15
13 2
13 18
13 17
13 1
13 26
16 18
16 29
16 27
16 19
16 14
17 1
17 19
17 14
18 12
18 23
18 19
18 14
20 7
20 22
20 2
20 16
20 1
20 9
20 15
20 14
21 25
21 6
21 0
21 22
21 5
21 23
21 26
21 19
21 14
22 8
22 12
22 27
22 14
24 18
24 29
24 1
24 9
25 6
25 13
25 10
25 24
25 18
25 29
25 12
25 27
25 23
25 26
27 23
27 26
28 3
28 12
28 17
29 17
29 23
