32 148
0 21
0 27
0 8
0 16
0 26
0 10
0 17
0 18
1 14
1 5
1 6
1 0
1 27
1 8
1 10
2 28
2 13
2 6
2 0
2 21
2 3
2 8
2 17
3 18
5 15
5 25
5 29
5 3
5 8
5 26
6 21
6 4
7 2
7 20
7 28
7 9
7 0
7 27
7 29
7 18
9 12
9 14
9 6
9 29
9 31
10 17
11 17
11 18
12 24
12 23
12 6
12 21
12 27
12 3
12 26
12 11
12 31
12 18
13 15
13 0
13 8
13 11
13 10
14 19
14 23
14 21
14 29
14 3
14 8
14 16
14 11
14 17
14 18
15 0
15 29
15 3
15 26
15 31
15 10
15 17
16 31
16 4
16 17
19 23
19 5
19 0
19 21
19 31
19 18
20 28
20 12
20 13
20 21
20 8
20 10
21 29
21 8
21 4
22 9
22 13
22 23
22 15
22 25
22 21
22 3
22 26
22 31
22 10
22 17
22 18
23 5
23 15
23 0
23 25
23 27
23 26
23 10
23 18
24 14
24 19
24 15
24 21
24 3
24 4
24 17
25 31
25 17
26 31
27 29
27 31
27 10
28 1
28 12
28 24
28 21
28 29
28 16
28 26
28 11
28 4
29 26
29 17
30 19
30 5
30 10
30 18
31 4
31 18
