30 211
0 22
1 3
1 29
1 10
1 12
1 5
1 28
2 24
2 26
2 6
2 20
2 1
2 19
2 12
2 9
2 4
2 7
2 28
3 29
3 19
3 13
3 10
3 9
3 4
3 0
3 22
3 28
4 0
5 9
5 4
5 0
5 22
5 28
6 1
6 19
6 12
6 5
6 9
6 4
6 22
6 7
6 28
7 28
8 24
8 26
8 17
8 21
8 27
8 1
8 19
8 10
8 12
8 5
8 4
8 7
8 28
9 22
9 7
10 5
10 9
10 4
10 22
11 18
11 16
11 2
11 20
11 14
11 27
11 3
11 29
11 19
11 10
11 12
11 7
12 5
12 9
12 22
13 12
13 5
13 4
13 0
13 22
13 28
14 27
14 1
14 29
14 19
14 10
14 12
14 9
14 7
14 28
15 17
15 21
15 20
15 1
15 3
15 29
15 5
15 9
15 7
15 28
16 2
16 15
16 26
16 19
16 10
16 5
16 4
16 0
16 7
16 28
17 1
17 13
17 5
17 9
17 7
18 8
18 26
18 17
18 21
18 6
18 20
18 14
18 29
18 19
18 13
18 10
18 5
18 9
18 0
18 22
18 7
18 28
19 13
19 4
19 22
19 28
20 14
20 1
20 3
20 29
20 10
20 12
20 4
20 0
20 22
20 7
21 6
21 27
21 1
21 29
21 19
21 13
21 10
21 12
21 9
23 18
23 16
23 8
23 24
23 26
23 17
23 6
23 27
23 1
23 29
23 19
23 9
23 4
23 7
24 17
24 21
24 20
24 27
24 1
24 19
24 12
24 0
24 28
25 16
25 2
25 15
25 17
25 14
25 13
25 10
25 9
25 4
25 7
26 17
26 6
26 20
26 27
26 29
26 10
26 0
26 28
27 3
27 29
27 19
27 13
27 12
27 5
27 9
27 4
27 0
29 19
29 9
29 4
29 28
