32 126
0 7
0 31
0 6
1 10
1 11
1 29
1 14
1 22
1 7
1 21
1 8
1 19
1 20
2 4
2 17
2 13
2 21
4 21
4 5
4 31
4 19
4 20
4 12
5 6
5 12
6 3
6 12
8 19
8 20
9 6
9 20
10 11
10 29
10 14
10 9
10 19
10 20
11 17
11 16
11 0
11 22
11 7
11 31
11 9
13 19
14 4
14 16
14 13
15 23
15 18
15 29
15 4
15 16
15 9
16 13
16 22
16 7
17 3
17 12
18 29
18 19
18 6
18 20
20 3
21 9
21 19
22 7
22 9
22 6
22 3
23 29
23 17
23 21
23 8
23 19
23 6
23 20
23 12
25 26
25 18
25 27
25 9
25 8
26 15
26 27
26 14
26 2
26 0
26 13
26 22
26 31
26 3
27 10
27 11
27 17
27 13
27 5
27 8
27 19
28 11
28 24
28 16
28 21
28 5
28 8
28 20
29 2
29 22
29 9
29 8
29 3
30 1
30 26
30 15
30 27
30 11
30 24
30 4
30 17
30 22
30 5
30 9
30 12
31 8
31 3
31 12
