28 198
0 10
0 2
0 15
0 12
0 9
0 3
0 8
0 25
0 21
0 11
1 17
1 22
1 0
1 23
1 26
1 13
1 15
1 18
1 8
1 25
1 24
1 11
2 18
2 12
2 27
2 8
2 21
2 20
2 16
2 11
2 14
2 4
3 8
3 19
3 24
3 16
3 4
5 13
5 15
5 12
5 27
5 8
5 25
5 19
5 21
5 20
5 7
5 4
6 5
6 22
6 23
6 26
6 10
6 15
6 12
6 27
6 25
6 16
6 4
7 4
8 25
8 19
8 16
8 11
8 14
9 3
9 8
9 24
9 16
9 11
9 14
9 7
9 4
10 15
10 27
10 9
10 8
10 24
10 21
10 20
10 11
10 14
10 7
11 14
11 4
12 27
12 3
12 19
12 21
12 14
12 7
13 10
13 2
13 15
13 18
13 27
13 9
13 25
13 19
13 24
13 21
13 20
13 11
13 14
13 4
15 27
15 9
15 3
15 8
15 19
15 24
15 20
15 16
15 11
15 7
16 11
16 7
16 4
17 5
17 23
17 10
17 2
17 15
17 18
17 12
17 27
17 8
17 25
17 19
17 7
17 4
18 12
18 9
18 8
18 24
18 11
18 14
18 4
19 21
19 16
19 7
20 16
20 11
20 7
21 20
21 16
21 7
22 13
22 10
22 15
22 18
22 3
22 8
22 25
22 19
22 21
22 20
22 16
22 11
22 14
22 7
22 4
23 13
23 2
23 15
23 18
23 12
23 8
23 19
23 21
23 16
23 7
24 21
24 16
24 7
25 21
25 14
25 7
26 10
26 2
26 12
26 8
26 25
26 19
26 21
26 20
26 16
26 14
26 7
27 9
27 3
27 25
27 21
27 20
27 16
27 11
27 14
27 4
