35 275
0 22
0 30
0 17
1 28
1 29
1 32
1 15
1 34
1 0
2 13
2 27
2 31
2 24
2 4
2 33
2 21
2 23
2 1
2 19
2 28
2 29
2 32
2 25
2 22
2 30
3 14
3 24
3 20
3 33
3 16
3 23
3 28
3 29
3 32
3 25
3 34
3 30
3 17
4 18
4 20
4 7
4 16
4 28
4 29
4 0
4 22
5 16
5 28
5 15
5 25
5 22
5 30
5 17
6 16
6 1
6 28
6 32
6 34
6 22
6 30
6 17
7 21
7 6
7 23
7 26
7 1
7 19
7 29
7 15
7 25
7 34
7 17
8 9
8 12
8 7
8 10
8 33
8 5
8 19
8 29
8 15
8 22
9 27
9 12
9 31
9 20
9 10
9 16
9 23
9 26
9 1
9 28
9 29
9 32
9 34
9 0
9 22
9 30
9 17
10 33
10 21
10 16
10 23
10 26
10 1
10 19
10 29
10 25
10 34
11 13
11 9
11 14
11 31
11 18
11 20
11 33
11 21
11 6
11 16
11 23
11 28
11 29
11 15
11 25
11 0
11 22
12 31
12 24
12 18
12 20
12 10
12 6
12 16
12 1
12 19
12 34
12 22
12 17
13 9
13 27
13 14
13 31
13 18
13 33
13 16
13 26
13 19
13 28
13 29
13 15
13 34
13 17
14 31
14 24
14 7
14 21
14 23
14 1
14 15
14 0
14 22
14 17
15 34
15 0
15 17
16 23
16 29
16 34
16 0
16 22
16 30
16 17
18 7
18 5
18 19
18 32
18 25
18 34
18 22
18 17
19 29
19 25
20 7
20 6
20 16
20 23
20 1
20 28
20 29
20 32
20 34
20 22
21 16
21 23
21 26
21 32
21 15
21 34
21 30
23 26
23 32
23 30
24 4
24 10
24 33
24 21
24 6
24 1
24 19
24 28
24 32
24 25
24 0
25 34
25 0
25 22
25 17
26 28
26 29
26 32
26 25
27 12
27 31
27 4
27 18
27 20
27 21
27 23
27 26
27 32
27 15
27 34
27 22
27 30
28 29
28 25
28 34
28 0
28 22
28 17
29 25
29 22
29 30
30 17
31 24
31 4
31 7
31 33
31 16
31 26
31 28
31 29
31 15
31 25
31 30
31 17
32 15
32 17
33 21
33 6
33 16
33 26
33 1
33 19
33 28
33 15
33 34
33 0
33 22
33 30
33 17
34 0
34 22
34 30
34 17
