32 139
0 12
0 1
0 19
0 21
0 3
0 6
0 29
0 20
0 18
0 13
1 22
1 4
1 24
1 23
1 5
1 13
2 26
2 21
2 3
2 27
2 6
2 20
2 13
3 5
3 13
4 20
4 13
6 29
6 18
7 12
7 1
7 3
7 27
7 6
7 5
8 29
8 20
8 5
8 18
8 13
9 26
9 15
9 30
10 31
10 3
10 23
11 26
11 21
11 3
11 4
11 30
11 18
12 30
12 8
12 20
12 5
12 18
12 13
14 1
14 19
14 4
14 30
14 6
15 19
15 21
15 6
15 18
15 13
16 10
16 14
16 21
16 18
16 13
17 28
17 11
17 7
17 25
17 0
17 16
17 30
17 20
17 13
18 13
19 24
19 30
19 23
19 8
20 5
20 13
21 3
21 6
21 18
21 13
22 4
22 30
22 6
22 29
22 20
23 8
23 18
23 13
25 2
25 10
25 1
25 4
25 23
25 20
25 13
26 16
26 22
26 8
26 6
26 5
26 18
27 24
27 8
27 20
27 5
28 11
28 2
28 10
28 12
28 19
28 24
28 30
28 23
28 8
28 13
29 5
29 18
30 23
31 21
31 24
31 8
31 29
31 20
31 5
31 18
31 13
