33 159
0 27
0 12
0 25
0 7
0 16
0 28
0 4
0 13
0 9
1 30
1 8
1 23
1 3
1 25
1 10
1 5
1 16
1 4
1 13
1 24
2 22
3 12
3 25
3 5
3 16
3 28
3 13
3 9
5 13
6 5
6 4
6 13
7 16
8 23
8 17
8 3
8 14
8 6
8 16
8 9
9 22
10 20
10 4
11 15
11 27
11 12
11 25
11 6
11 5
11 16
11 13
12 14
12 31
12 26
12 5
14 26
14 7
14 6
14 16
14 4
14 13
14 24
14 9
15 8
15 23
15 25
15 28
15 4
15 13
15 9
15 22
16 2
16 28
16 24
16 9
17 29
17 7
17 10
17 16
18 0
18 23
18 17
18 29
18 27
18 31
18 7
18 10
18 5
18 2
19 21
19 11
19 17
19 27
19 3
19 12
19 25
19 7
19 20
19 2
19 28
19 4
20 16
20 9
21 0
21 23
21 17
21 29
21 27
21 12
21 26
21 6
21 2
21 28
21 4
21 13
23 17
23 12
23 2
23 22
24 22
25 31
25 6
25 13
26 6
26 5
26 20
26 16
26 22
27 7
27 6
27 13
27 22
28 13
29 14
29 7
29 6
29 20
29 16
29 9
30 18
30 15
30 8
30 27
30 12
30 25
30 7
30 20
30 28
30 22
31 26
31 20
31 2
31 24
32 0
32 27
32 14
32 7
32 13
32 22
