28 120
0 17
0 2
0 22
0 5
0 25
0 14
0 24
0 18
0 10
0 20
1 19
1 21
1 22
2 22
2 14
3 16
3 21
4 22
4 25
4 14
4 8
4 10
5 25
5 10
5 11
6 3
6 4
6 15
6 19
6 0
6 2
6 25
6 14
7 13
7 4
7 15
7 19
7 0
7 21
7 2
7 5
7 8
7 10
8 18
8 10
8 11
9 4
9 17
9 21
9 24
9 18
9 11
10 20
12 16
12 15
12 8
12 20
13 4
13 15
13 0
13 25
13 14
13 24
13 11
14 18
15 21
15 25
15 8
15 20
16 13
16 4
16 22
16 14
16 8
17 25
17 8
18 10
18 20
18 11
19 0
19 22
19 24
19 18
19 20
21 22
21 11
22 20
22 11
23 3
23 27
23 7
23 12
23 13
23 19
23 0
23 21
23 22
23 5
23 14
23 18
24 18
24 11
25 8
26 23
26 3
26 27
26 16
26 15
26 0
26 2
26 5
26 14
27 12
27 13
27 0
27 21
27 5
27 14
27 18
27 10
