33 266
0 1
0 3
0 27
0 10
0 14
0 29
0 18
1 2
1 30
1 16
1 10
1 29
2 30
2 3
2 27
2 10
2 14
2 29
2 7
2 18
3 27
3 14
4 20
4 21
4 5
4 22
4 28
4 31
4 0
4 1
4 2
4 16
4 10
4 14
5 28
5 11
5 17
5 31
5 2
5 30
5 10
5 14
5 7
5 18
6 4
6 24
6 20
6 21
6 28
6 11
6 31
6 13
6 15
6 2
6 27
6 10
6 14
6 29
6 18
8 1
8 3
8 16
8 27
8 29
8 7
8 18
9 24
9 20
9 28
9 11
9 23
9 0
9 15
9 8
9 1
9 2
9 3
9 16
9 26
9 29
9 18
10 26
10 14
10 29
11 23
11 17
11 31
11 8
11 1
11 2
11 30
11 3
11 26
11 7
11 18
12 21
12 22
12 31
12 0
12 30
12 16
12 27
12 10
12 14
12 18
13 0
13 15
13 1
13 2
13 30
13 3
13 16
13 27
13 10
13 26
13 7
13 18
14 29
15 3
15 16
15 27
15 26
15 14
15 29
15 7
15 18
16 10
16 26
16 29
16 7
17 31
17 13
17 0
17 15
17 8
17 3
17 16
17 27
17 26
17 14
17 7
19 22
19 11
19 15
19 1
19 2
19 3
19 10
19 14
19 7
20 19
20 28
20 11
20 23
20 13
20 0
20 8
20 1
20 30
20 16
20 26
20 14
20 7
20 18
21 5
21 19
21 22
21 28
21 17
21 13
21 0
21 15
21 1
21 30
21 27
21 10
21 26
21 14
21 29
21 7
22 23
22 17
22 31
22 13
22 0
22 30
22 3
22 10
22 7
22 18
23 17
23 0
23 15
23 14
23 18
24 12
24 20
24 21
24 5
24 22
24 11
24 23
24 17
24 13
24 0
24 2
24 27
24 14
24 7
24 18
25 6
25 4
25 24
25 32
25 12
25 5
25 19
25 22
25 23
25 17
25 31
25 13
25 15
25 2
25 27
25 26
25 18
26 14
27 10
27 29
28 11
28 17
28 31
28 13
28 30
28 27
28 10
28 14
28 7
29 7
30 10
30 14
30 29
30 7
31 13
31 15
31 30
31 3
31 10
31 7
32 12
32 20
32 28
32 11
32 31
32 15
32 8
32 1
32 30
32 3
32 16
32 27
32 10
32 14
32 29
32 18
