26 162
0 19
1 9
1 2
1 12
1 6
1 8
1 16
1 19
2 12
2 11
2 8
2 7
2 21
2 16
2 4
2 15
3 13
3 25
3 17
3 10
3 12
3 6
3 8
3 20
3 0
3 4
3 19
3 15
4 19
5 3
5 13
5 25
5 18
5 1
5 10
5 9
5 6
5 14
5 11
5 8
5 22
5 7
5 21
6 8
6 7
6 21
6 19
7 21
7 19
8 22
8 20
8 16
8 4
8 15
9 2
9 12
9 6
9 11
9 8
9 22
9 7
9 16
9 15
10 9
10 2
10 22
10 20
10 21
10 16
11 22
11 20
11 21
11 0
11 19
11 15
12 6
12 22
12 20
12 7
12 16
12 0
12 4
12 15
13 25
13 1
13 10
13 12
13 6
13 11
13 8
13 22
13 20
13 7
13 21
13 19
13 15
14 22
14 20
14 7
14 16
14 19
17 2
17 20
17 7
17 21
17 16
17 0
17 4
17 19
17 15
18 17
18 1
18 9
18 6
18 7
18 21
18 16
20 7
20 21
20 0
20 19
21 0
21 4
21 15
22 4
22 19
22 15
23 3
23 24
23 25
23 18
23 1
23 10
23 9
23 2
23 12
23 11
23 8
23 22
23 20
23 7
23 21
23 0
23 4
23 19
24 25
24 2
24 14
24 8
24 20
24 7
25 18
25 10
25 2
25 14
25 8
25 22
25 20
25 7
25 16
25 0
25 19
