28 193
0 18
0 10
0 27
1 0
1 18
1 10
1 27
2 7
2 10
2 27
3 0
3 18
4 6
4 7
4 3
4 23
4 0
4 22
4 13
5 14
5 8
5 16
5 4
5 15
5 25
5 6
5 11
5 23
5 10
5 13
6 11
6 7
6 3
6 0
6 22
7 1
7 0
7 10
7 13
8 25
8 11
8 7
8 3
8 1
8 23
8 13
8 27
9 16
9 25
9 6
9 2
9 7
9 3
9 1
9 23
9 0
9 18
9 10
9 22
9 13
9 27
10 13
11 7
11 0
11 18
11 22
11 13
12 24
12 5
12 26
12 9
12 8
12 16
12 4
12 21
12 11
12 7
12 0
12 18
12 22
12 13
14 9
14 16
14 6
14 2
14 7
14 10
15 25
15 7
15 3
15 1
15 23
15 0
15 18
15 22
16 4
16 15
16 25
16 21
16 6
16 0
16 18
16 13
16 27
17 14
17 8
17 16
17 4
17 15
17 21
17 11
17 2
17 3
17 1
17 23
17 18
17 22
17 13
18 10
18 13
18 27
19 12
19 24
19 17
19 5
19 16
19 25
19 6
19 11
19 3
19 1
19 18
19 10
19 22
19 27
20 5
20 14
20 9
20 16
20 4
20 15
20 25
20 21
20 11
20 7
20 3
20 1
20 23
20 22
20 13
20 27
21 6
21 2
21 7
21 1
21 0
21 18
21 22
21 27
22 13
23 0
23 10
23 13
24 20
24 8
24 4
24 15
24 25
24 6
24 2
24 7
24 0
24 18
24 10
24 13
25 6
25 11
25 2
25 7
25 23
25 0
25 18
25 10
25 22
25 27
26 16
26 4
26 2
26 3
26 0
26 18
26 22
26 27
