28 111
1 6
1 5
1 4
1 16
1 7
2 27
2 12
3 19
3 23
3 2
3 13
3 27
4 26
4 22
4 2
4 13
4 27
4 15
4 12
5 23
5 27
6 26
6 2
6 13
8 20
8 12
9 6
9 5
9 26
9 2
9 20
9 15
10 19
10 1
10 9
10 5
10 23
10 13
10 20
10 27
10 0
11 25
11 22
11 2
12 7
13 20
13 27
13 0
14 22
14 20
14 15
15 0
16 2
16 7
17 4
17 22
17 27
17 15
17 12
17 0
18 19
18 6
18 5
18 2
18 8
18 15
19 1
19 23
19 26
19 16
19 8
19 20
19 27
19 12
19 0
20 7
21 1
21 5
21 23
21 14
21 22
21 8
21 27
21 12
21 0
22 16
22 8
22 20
22 12
23 2
23 27
24 10
24 3
24 17
24 1
24 6
24 5
24 26
24 20
24 15
24 12
24 7
25 1
25 9
25 6
25 23
26 22
26 13
26 20
26 27
27 12
