34 272
0 24
0 30
0 6
0 18
0 15
0 25
0 14
0 13
0 4
0 10
0 3
1 27
1 22
1 13
1 33
1 32
2 18
2 15
2 25
2 14
2 9
2 32
2 10
2 21
4 32
4 3
5 8
5 31
5 11
5 24
5 2
5 30
5 18
5 17
5 25
5 28
5 26
5 7
5 14
5 33
5 4
5 21
5 3
6 18
6 15
6 26
6 29
6 7
6 14
6 4
6 32
6 10
7 14
7 27
7 33
7 32
7 10
7 21
8 11
8 20
8 0
8 24
8 30
8 16
8 17
8 25
8 28
8 29
8 7
8 14
8 22
8 4
8 10
8 21
9 32
9 21
9 3
11 2
11 30
11 6
11 16
11 18
11 17
11 28
11 26
11 1
11 22
11 4
11 32
11 10
11 21
12 20
12 0
12 2
12 18
12 15
12 25
12 28
12 7
12 14
12 22
12 13
12 33
12 9
14 1
14 22
14 13
14 33
14 9
14 4
15 26
15 14
15 22
15 9
15 4
15 32
15 10
15 21
16 17
16 15
16 28
16 29
16 1
16 27
16 13
16 9
16 10
16 3
17 15
17 28
17 29
17 7
17 1
17 22
17 13
17 33
17 9
17 32
17 10
17 21
18 28
18 26
18 29
18 1
18 13
18 9
18 10
18 21
19 8
19 31
19 11
19 0
19 30
19 15
19 25
19 28
19 26
19 7
19 14
19 1
19 22
19 13
19 33
19 4
19 21
20 2
20 30
20 17
20 15
20 27
20 22
20 13
20 9
20 32
20 21
20 3
22 9
22 4
22 10
22 21
22 3
23 12
23 31
23 24
23 2
23 6
23 16
23 28
23 14
23 22
23 13
23 33
23 9
23 4
23 10
23 21
24 6
24 16
24 17
24 15
24 25
24 28
24 7
24 14
24 1
24 22
24 13
24 33
24 9
24 4
24 32
25 28
25 7
25 14
25 1
25 27
25 22
25 13
25 9
25 4
25 32
25 21
26 29
26 7
26 27
26 13
26 33
26 9
26 32
26 21
26 3
27 22
27 13
27 4
27 10
28 7
28 27
28 22
28 13
28 4
28 10
29 7
29 1
29 13
29 9
29 4
29 10
30 6
30 17
30 15
30 25
30 28
30 7
30 4
30 10
30 3
31 11
31 20
31 2
31 16
31 25
31 29
31 7
31 22
31 13
31 33
31 4
31 3
32 21
32 3
33 4
33 10
