30 131
0 21
0 3
0 25
0 28
0 16
0 13
1 3
1 8
1 12
1 11
1 6
2 6
2 4
2 5
3 26
3 4
6 5
7 16
7 26
7 6
7 4
7 13
8 25
8 7
8 9
8 12
8 4
8 5
9 11
10 27
10 17
10 15
10 1
10 3
10 8
10 16
10 12
10 2
10 4
12 2
12 6
14 27
14 0
14 17
14 21
14 26
14 11
14 6
14 13
15 8
15 9
15 12
15 2
15 5
16 9
16 12
16 6
16 5
17 15
17 3
17 16
17 9
18 27
18 0
18 17
18 15
18 3
18 28
18 16
18 9
18 6
18 13
19 17
19 8
19 9
19 11
20 22
20 19
20 24
20 8
20 11
20 2
20 5
21 26
21 2
21 13
22 19
22 24
22 10
22 17
22 15
22 26
22 9
22 12
22 6
23 15
23 28
23 9
23 11
23 6
23 5
24 10
24 23
24 3
24 16
24 26
24 9
24 11
24 2
24 13
25 26
25 9
25 2
26 6
26 13
27 1
27 9
27 11
27 6
28 2
29 24
29 18
29 10
29 1
29 28
29 16
29 26
29 12
29 2
29 6
29 13
