33 254
0 21
0 14
0 1
0 30
0 9
0 3
0 29
0 27
1 4
1 16
1 2
1 9
1 27
1 10
1 5
1 15
1 22
2 27
2 10
2 5
2 22
3 15
3 8
3 22
4 10
4 5
4 22
5 15
5 22
6 18
6 12
6 25
6 31
6 20
6 11
6 14
6 1
6 16
6 2
6 29
6 5
6 15
7 27
7 5
7 22
9 27
9 15
9 22
10 5
10 8
11 4
11 30
11 9
11 10
11 5
11 8
11 22
12 28
12 25
12 20
12 17
12 32
12 11
12 23
12 1
12 30
12 16
12 7
12 9
12 3
12 29
12 27
12 10
12 5
12 15
13 12
13 28
13 25
13 31
13 24
13 20
13 17
13 14
13 23
13 4
13 30
13 2
13 9
13 29
13 22
14 1
14 30
14 2
14 7
14 3
14 27
14 10
14 5
14 22
15 22
16 2
16 3
16 29
16 27
16 10
16 15
16 8
17 21
17 14
17 1
17 30
17 2
17 9
17 3
17 27
17 10
17 5
17 15
18 31
18 0
18 17
18 11
18 23
18 4
18 7
18 9
18 3
18 29
18 27
18 10
18 5
18 15
18 8
18 22
19 28
19 24
19 20
19 21
19 23
19 30
19 9
19 27
19 10
19 15
19 22
20 21
20 32
20 11
20 14
20 23
20 4
20 30
20 2
20 9
20 3
20 10
20 5
20 15
20 22
21 32
21 14
21 1
21 4
21 16
21 7
21 9
21 10
21 15
21 8
21 22
23 30
23 2
23 7
23 9
23 27
23 5
23 22
24 20
24 17
24 32
24 14
24 23
24 1
24 4
24 16
24 2
24 3
24 29
24 5
24 8
25 0
25 17
25 32
25 14
25 4
25 16
25 7
25 9
25 3
26 13
26 19
26 18
26 12
26 25
26 32
26 23
26 30
26 9
26 10
26 5
26 15
26 22
27 10
27 22
28 24
28 20
28 0
28 21
28 32
28 11
28 1
28 4
28 7
28 9
28 3
28 15
28 22
29 27
29 15
30 2
30 7
30 10
30 22
31 20
31 32
31 14
31 1
31 4
31 9
31 29
31 10
31 5
31 15
32 14
32 23
32 1
32 2
32 7
32 9
32 3
32 27
32 10
32 15
32 22
