28 196
0 1
2 18
2 24
2 17
2 12
2 16
2 13
2 8
2 3
2 19
3 19
3 0
3 1
4 0
4 1
5 27
5 22
5 20
5 7
5 2
5 18
5 11
5 16
5 13
5 9
5 15
5 10
6 5
6 27
6 22
6 20
6 2
6 18
6 16
6 13
6 9
6 8
6 4
6 19
6 0
6 10
6 1
7 2
7 18
7 24
7 17
7 12
7 16
7 13
7 3
7 19
7 0
7 1
8 3
8 0
9 15
9 3
9 19
9 10
9 1
11 13
11 9
11 15
11 3
11 19
11 0
12 9
12 15
12 3
12 10
12 1
13 9
13 8
13 4
13 15
13 3
13 0
13 10
14 6
14 27
14 25
14 20
14 24
14 12
14 16
14 13
14 8
14 3
14 19
14 10
14 1
15 3
15 19
15 0
15 1
16 13
16 9
16 3
16 0
16 1
17 11
17 12
17 16
17 8
17 15
17 10
17 1
18 11
18 13
18 9
18 0
18 1
19 10
20 17
20 11
20 13
20 15
20 19
20 10
21 26
21 14
21 6
21 23
21 27
21 20
21 2
21 18
21 24
21 17
21 11
21 16
21 4
21 15
21 3
21 0
21 1
22 25
22 7
22 18
22 17
22 13
22 8
22 4
22 3
22 19
22 1
23 20
23 18
23 24
23 17
23 11
23 16
23 9
23 8
23 1
24 11
24 12
24 8
24 4
24 3
24 0
24 10
24 1
25 20
25 7
25 24
25 17
25 16
25 13
25 9
25 8
25 4
25 19
25 10
26 14
26 5
26 27
26 20
26 7
26 2
26 24
26 16
26 9
26 4
26 3
26 19
26 1
27 7
27 2
27 24
27 11
27 16
27 13
27 4
27 15
27 3
