27 167
0 2
0 19
0 8
0 7
0 20
1 0
1 2
1 7
1 12
1 20
1 5
2 17
2 12
2 13
2 11
3 15
3 18
3 16
3 6
3 4
3 10
3 1
3 0
3 8
4 0
4 7
4 20
4 11
6 22
6 10
6 1
6 2
6 17
6 20
6 11
7 17
7 12
7 5
8 7
8 17
8 11
8 5
9 23
9 24
9 18
9 16
9 6
9 14
9 26
9 22
9 1
9 2
9 19
9 8
9 7
9 17
9 12
9 13
9 20
9 11
9 5
10 7
10 12
10 13
10 5
12 25
12 13
12 20
12 11
12 5
13 20
13 5
14 0
14 8
14 7
14 25
14 11
14 5
15 24
15 21
15 18
15 14
15 10
15 0
15 19
15 12
15 25
15 5
16 6
16 4
16 14
16 10
16 1
16 8
16 7
16 17
16 13
16 11
16 5
17 25
17 13
17 20
17 11
18 16
18 6
18 10
18 1
18 2
18 19
18 7
18 17
18 12
18 11
19 8
19 13
19 11
21 16
21 6
21 26
21 22
21 10
21 0
21 2
21 19
21 17
21 12
21 13
22 10
22 1
22 0
22 2
22 19
22 12
22 25
22 13
22 5
23 21
23 16
23 6
23 26
23 1
23 0
23 19
23 8
23 13
23 5
24 21
24 18
24 16
24 6
24 4
24 14
24 10
24 1
24 0
24 2
24 19
24 17
24 13
24 20
24 11
24 5
25 5
26 10
26 1
26 7
26 17
