27 195
0 14
0 11
1 12
1 13
1 25
1 21
1 3
1 19
1 15
1 16
1 17
1 5
1 18
3 19
3 24
3 6
3 22
3 17
3 14
3 11
4 1
4 10
4 13
4 3
4 19
4 24
4 8
4 22
4 17
4 5
4 0
5 0
5 14
5 11
6 22
6 15
6 16
6 17
6 5
6 2
6 18
7 9
7 12
7 23
7 19
7 24
7 8
7 22
7 15
7 16
7 17
7 2
8 6
8 22
8 16
8 5
8 2
8 18
8 0
8 14
9 4
9 1
9 12
9 23
9 10
9 13
9 8
9 6
9 15
9 17
9 2
9 18
9 11
10 13
10 21
10 3
10 8
10 6
10 22
10 5
10 11
12 10
12 25
12 3
12 24
12 6
12 22
12 15
12 16
12 2
12 14
12 11
13 21
13 3
13 24
13 8
13 15
13 16
13 17
13 2
14 11
15 17
15 14
15 11
16 17
16 5
16 2
16 0
16 14
17 5
17 2
17 14
17 11
19 24
19 8
19 6
19 22
19 15
19 16
19 17
19 5
19 18
19 11
20 26
20 7
20 4
20 12
20 23
20 10
20 13
20 25
20 3
20 24
20 6
20 22
20 15
20 16
20 17
20 2
20 18
20 0
21 3
21 19
21 24
21 6
21 22
21 15
21 5
21 2
21 0
22 16
22 0
22 14
22 11
23 13
23 25
23 3
23 24
23 8
23 6
23 22
23 15
23 17
23 5
23 2
23 18
23 11
24 6
24 15
24 16
24 5
24 0
24 11
25 21
25 3
25 19
25 24
25 8
25 15
25 5
25 2
25 18
25 0
26 9
26 12
26 23
26 13
26 25
26 6
26 15
26 17
26 5
26 2
26 0
26 11
