29 111
0 8
0 22
0 18
0 10
0 15
1 28
1 15
2 26
2 11
2 6
2 0
2 8
2 27
2 18
2 25
2 10
2 4
3 20
5 1
5 28
5 15
5 3
5 4
6 19
6 8
6 17
6 21
6 10
6 3
7 26
7 9
7 17
7 21
7 5
7 10
7 28
8 17
8 22
8 5
9 12
9 0
9 18
9 25
9 10
9 28
10 1
10 20
11 12
11 3
11 4
12 0
12 18
12 25
12 28
12 3
13 23
13 14
13 6
13 21
13 27
13 10
13 24
13 4
14 12
14 5
14 24
14 20
15 3
16 26
16 11
16 12
16 17
16 22
16 28
16 24
16 20
17 21
17 1
17 28
17 3
18 10
18 3
19 17
19 3
21 25
21 15
22 25
22 15
22 24
23 6
23 9
23 12
23 19
23 17
23 21
23 27
23 5
23 28
23 3
24 20
26 9
26 19
26 18
26 1
26 28
26 24
26 3
26 4
27 24
27 20
27 4
