27 176
0 22
0 4
1 16
1 6
1 22
1 12
1 10
2 15
2 9
2 26
2 3
2 11
2 0
2 12
2 4
3 11
3 13
3 0
3 16
3 6
3 22
3 12
3 4
3 14
4 14
5 15
5 19
5 18
5 9
5 23
5 11
5 25
5 13
5 16
5 8
5 6
5 22
5 12
5 4
6 22
6 10
6 4
6 14
7 23
7 3
7 11
7 25
7 1
7 0
7 12
7 10
8 22
8 10
9 26
9 7
9 3
9 25
9 13
9 1
9 16
9 6
9 10
9 4
9 14
10 14
11 25
11 1
11 0
11 16
11 22
11 4
12 4
13 0
13 8
13 6
13 22
13 4
13 14
15 19
15 18
15 17
15 7
15 25
15 13
15 0
15 6
15 10
15 14
16 12
16 10
17 26
17 7
17 23
17 3
17 0
17 12
17 14
18 17
18 26
18 7
18 23
18 3
18 25
18 0
18 16
18 22
18 4
19 18
19 23
19 3
19 11
19 1
19 0
19 16
19 6
19 10
19 4
20 5
20 18
20 17
20 26
20 7
20 11
20 25
20 0
20 8
20 6
20 14
21 2
21 5
21 15
21 19
21 9
21 17
21 25
21 13
21 1
21 22
21 10
22 12
22 10
22 4
23 11
23 1
23 8
23 6
23 12
23 4
24 2
24 15
24 9
24 26
24 7
24 23
24 3
24 13
24 1
24 0
24 16
24 22
24 12
25 13
25 1
25 16
25 8
25 6
25 10
26 7
26 3
26 25
26 1
26 8
26 22
26 12
26 10
26 14
