32 242
0 21
1 29
1 19
1 2
1 15
1 23
1 13
1 31
1 4
1 16
1 9
1 27
1 18
1 25
1 30
1 8
1 24
1 28
1 21
2 26
2 14
2 6
2 23
2 13
2 4
2 27
2 5
2 12
2 22
2 18
2 30
2 11
2 24
2 28
2 0
3 28
3 0
4 5
4 12
4 22
4 10
4 30
4 28
5 18
5 10
5 30
5 11
5 3
5 21
6 23
6 4
6 22
6 10
6 25
6 11
6 24
6 0
7 26
7 15
7 6
7 13
7 31
7 4
7 9
7 27
7 12
7 18
7 10
7 25
7 30
7 11
7 28
8 11
9 5
9 12
9 22
9 18
9 30
9 8
9 3
9 28
9 0
10 25
10 30
10 8
10 3
10 24
11 3
11 24
11 0
11 21
12 18
12 10
12 30
12 8
12 11
12 3
12 24
13 31
13 4
13 12
13 25
13 8
13 11
13 28
13 0
13 21
14 15
14 6
14 23
14 31
14 16
14 9
14 22
14 18
14 30
14 8
14 21
15 16
15 27
15 22
15 10
15 8
16 9
16 27
16 5
16 12
16 22
16 18
16 30
16 3
16 0
16 21
17 1
17 19
17 20
17 14
17 6
17 13
17 4
17 16
17 27
17 5
17 12
17 18
17 10
17 25
17 30
17 8
17 24
17 0
18 25
18 11
18 3
18 24
18 0
18 21
19 20
19 26
19 14
19 15
19 6
19 23
19 9
19 5
19 12
19 18
19 10
19 30
19 8
19 11
19 0
19 21
20 2
20 13
20 16
20 27
20 25
22 10
22 8
22 3
22 28
22 21
23 16
23 9
23 12
23 22
23 18
23 10
23 11
23 24
23 0
25 11
25 24
25 28
25 0
25 21
26 15
26 6
26 31
26 9
26 5
26 12
26 22
26 18
26 10
26 8
26 28
26 0
27 5
27 22
27 18
27 10
27 8
27 3
27 24
27 0
29 19
29 7
29 14
29 13
29 31
29 9
29 27
29 5
29 12
29 22
29 25
29 30
29 8
29 11
29 0
30 8
30 24
30 28
31 4
31 27
31 5
31 12
31 22
31 11
31 24
