26 107
0 25
0 8
1 22
1 4
1 3
1 12
1 25
2 23
2 15
2 5
2 22
2 19
2 14
2 6
2 4
2 25
2 8
3 25
4 12
4 25
4 11
5 4
5 11
6 4
6 3
6 12
6 8
7 24
7 16
7 20
7 0
7 9
7 8
9 25
9 8
10 19
10 20
10 21
10 4
10 9
10 12
10 11
10 8
12 25
13 10
13 19
13 9
13 8
14 6
14 4
14 0
14 12
15 24
15 10
15 14
15 21
15 3
15 0
15 25
15 11
16 19
16 21
16 3
16 12
16 11
17 0
17 9
17 25
17 11
18 15
18 22
18 7
18 19
18 21
18 3
19 20
19 0
19 9
19 12
19 25
19 11
20 21
20 9
21 6
21 4
21 0
21 9
21 11
22 16
22 19
22 20
22 21
22 11
22 8
23 22
23 14
23 0
23 12
23 8
24 19
24 17
24 6
24 4
24 0
24 8
25 11
25 8
