32 142
0 6
0 7
0 14
0 1
0 27
0 20
1 15
2 25
2 13
2 31
2 18
2 14
2 15
2 30
3 6
3 13
3 29
3 23
3 28
3 1
3 30
3 20
5 25
5 6
5 29
5 14
5 28
5 26
5 27
6 16
6 13
6 8
6 26
6 15
6 10
7 18
7 29
7 10
8 11
8 22
8 31
8 29
8 1
8 26
8 30
8 10
8 4
9 25
9 7
9 31
9 27
9 20
9 4
11 22
11 31
11 29
11 28
12 8
12 29
12 14
12 1
12 26
12 15
12 10
13 8
13 7
13 23
13 28
13 1
13 26
13 30
13 20
14 15
16 12
16 8
16 14
16 1
16 4
17 9
17 25
17 6
17 28
17 26
17 15
17 30
17 4
18 26
18 10
18 4
19 6
19 16
19 23
19 28
19 20
21 5
21 25
21 3
21 7
21 31
21 23
21 28
21 26
21 15
21 30
21 10
21 4
22 29
22 14
22 23
22 1
22 4
23 15
23 27
24 9
24 16
24 12
24 22
24 31
24 23
24 1
24 30
24 27
24 10
25 6
25 16
25 8
25 11
25 29
25 30
25 20
26 20
28 1
28 27
29 30
29 20
29 10
29 4
30 20
31 23
31 28
31 26
31 20
