28 203
1 7
2 18
2 16
2 20
2 24
2 3
2 4
2 19
2 0
3 1
3 4
3 17
3 9
4 7
4 17
4 9
5 6
7 9
7 6
8 11
8 13
8 2
8 27
8 20
8 15
8 22
8 7
8 9
8 19
9 5
10 26
10 25
10 27
10 18
10 16
10 3
10 1
10 4
10 7
10 17
10 9
10 19
10 6
11 10
11 26
11 13
11 25
11 27
11 18
11 20
11 24
11 15
11 3
11 22
11 4
11 9
11 0
12 11
12 26
12 13
12 25
12 2
12 27
12 16
12 24
12 22
12 1
12 4
12 17
12 9
12 5
12 6
13 23
13 2
13 18
13 20
13 15
13 22
13 1
13 4
13 7
13 17
13 19
14 26
14 25
14 2
14 27
14 18
14 20
14 24
14 1
14 4
14 17
14 9
14 5
14 0
15 3
15 22
15 7
15 17
15 5
15 0
16 20
16 15
16 1
16 7
16 17
16 9
16 5
16 6
17 19
17 0
18 20
18 15
18 22
18 1
18 4
18 17
18 5
18 0
20 24
20 15
20 22
20 1
20 4
20 7
20 17
20 9
20 5
20 19
20 0
21 14
21 11
21 10
21 13
21 2
21 27
21 24
21 15
21 22
21 7
21 17
21 9
21 5
21 19
21 0
22 1
22 4
22 17
22 9
22 5
22 6
23 2
23 27
23 16
23 3
23 4
23 5
23 19
23 6
24 1
24 17
24 9
24 5
24 19
24 0
24 6
25 23
25 2
25 27
25 18
25 16
25 15
25 3
25 22
25 1
25 17
25 19
25 0
25 6
26 23
26 18
26 24
26 3
26 1
26 4
26 7
26 9
26 5
26 0
26 6
27 18
27 16
27 15
27 3
27 22
27 1
27 7
27 9
27 5
27 19
27 0
27 6
