30 203
0 20
0 16
0 23
0 26
0 1
0 17
0 22
0 7
0 21
0 10
0 14
0 12
0 18
0 2
1 17
1 9
1 24
1 21
1 11
1 5
1 8
1 10
1 14
1 18
2 13
3 29
3 8
3 12
4 16
4 23
4 26
4 1
4 9
4 22
4 21
4 3
4 8
4 10
4 12
4 18
5 3
5 29
5 10
5 27
5 14
5 2
5 13
6 15
6 20
6 26
6 1
6 9
6 22
6 21
6 29
6 8
7 11
7 3
7 29
7 10
7 27
7 14
7 13
8 2
8 13
9 11
9 5
9 10
9 27
9 12
9 13
10 27
10 2
11 5
11 3
11 8
11 10
11 27
11 14
11 13
12 18
14 12
14 13
15 4
15 16
15 1
15 9
15 22
15 24
15 3
16 23
16 26
16 17
16 22
16 24
16 21
16 5
16 3
16 29
16 10
16 27
16 18
17 21
17 11
17 3
17 29
17 8
17 10
17 27
17 18
17 13
19 0
19 20
19 1
19 9
19 24
19 21
19 3
19 29
19 8
19 27
19 2
19 13
20 4
20 16
20 26
20 1
20 17
20 9
20 7
20 3
20 8
20 27
20 13
21 11
21 5
21 14
21 12
22 29
22 8
22 2
23 26
23 17
23 9
23 24
23 7
23 29
23 8
23 10
23 27
23 18
24 5
24 3
24 29
24 14
24 12
24 18
24 13
25 28
25 19
25 0
25 20
25 4
25 16
25 26
25 1
25 17
25 7
25 11
25 3
25 29
25 10
25 2
26 1
26 9
26 24
26 7
26 5
26 3
26 27
26 18
26 2
27 18
27 2
27 13
28 19
28 15
28 0
28 20
28 16
28 1
28 17
28 9
28 24
28 21
28 11
28 3
28 12
28 18
29 8
29 12
29 2
29 13
