32 156
0 8
0 29
0 19
0 24
1 27
1 11
1 0
1 8
1 13
1 19
1 16
2 29
2 24
2 16
4 23
4 27
4 11
4 0
4 19
5 4
5 7
5 17
5 0
5 13
5 29
5 3
6 4
6 27
6 22
6 7
6 12
6 25
6 8
6 13
6 19
7 12
7 8
7 13
8 29
8 16
9 10
9 31
9 4
9 23
9 22
9 7
9 17
9 8
9 13
9 3
9 16
10 6
10 7
10 17
10 0
10 24
10 16
11 7
11 12
11 29
11 16
12 2
12 29
12 24
12 3
14 17
14 12
14 13
14 24
15 10
15 31
15 4
15 7
15 14
15 17
15 0
15 24
15 3
17 25
17 13
17 24
17 3
18 9
18 27
18 14
18 29
20 5
20 11
20 12
20 29
20 19
20 3
21 28
21 26
21 10
21 6
21 4
21 7
21 25
21 19
22 14
22 0
22 13
22 16
23 27
23 11
23 7
23 8
23 3
24 3
25 19
25 16
26 20
26 15
26 31
26 5
26 4
26 23
26 17
26 0
26 29
26 19
26 24
26 3
27 22
27 17
27 25
27 13
27 3
28 20
28 18
28 22
28 7
28 13
28 24
29 24
29 16
30 1
30 15
30 6
30 5
30 22
30 14
30 17
30 25
30 8
30 19
30 16
31 23
31 27
31 22
31 7
31 0
31 25
31 29
31 19
