28 101
0 12
0 17
0 18
1 3
1 22
1 21
2 0
2 24
3 18
4 0
4 5
4 16
4 24
4 9
4 19
5 20
5 19
6 8
6 15
6 16
6 1
6 3
7 20
7 14
7 3
7 21
8 27
8 0
8 12
8 3
8 22
8 9
9 19
10 25
10 4
10 15
10 24
10 21
10 19
11 6
11 13
11 4
11 26
11 14
11 1
11 3
11 18
11 19
12 5
12 17
12 3
12 21
13 15
13 24
13 22
13 21
13 9
13 19
14 1
14 18
14 9
15 5
15 14
15 17
16 26
16 3
16 22
17 19
18 9
18 19
20 3
20 22
20 18
20 9
21 18
21 19
22 18
23 15
23 0
23 20
23 14
23 1
23 24
23 18
24 22
24 21
24 19
25 2
25 8
25 20
25 14
25 1
25 17
25 24
25 3
25 19
26 22
26 18
27 12
27 1
27 9
