32 242
0 12
0 20
0 11
0 31
1 18
1 25
1 26
1 6
1 9
1 15
1 22
1 11
1 13
2 14
2 1
2 18
2 21
2 13
2 31
3 14
3 18
3 25
3 12
3 26
3 9
3 22
3 31
4 31
5 24
5 17
5 28
5 2
5 16
5 14
5 18
5 21
5 6
5 9
5 15
5 20
5 22
5 11
6 9
6 15
6 20
6 11
6 31
7 15
7 20
7 11
7 13
8 27
8 5
8 29
8 19
8 10
8 23
8 17
8 14
8 25
8 6
8 7
8 15
8 22
8 13
8 31
9 15
9 22
9 13
10 24
10 28
10 2
10 3
10 1
10 0
10 12
10 7
10 11
10 13
11 13
12 26
12 7
12 15
12 20
12 4
12 11
12 13
12 31
13 31
14 1
14 25
14 12
14 26
14 7
14 9
14 22
14 4
14 11
14 13
15 20
15 22
15 13
16 3
16 14
16 18
16 26
16 7
16 9
16 20
16 4
16 11
16 31
17 30
17 28
17 16
17 3
17 14
17 21
17 12
17 6
17 7
17 9
17 15
17 20
17 4
17 11
17 31
18 21
18 0
18 12
18 6
18 7
18 9
18 15
18 20
18 13
18 31
19 24
19 30
19 16
19 1
19 18
19 21
19 26
19 7
19 9
19 22
19 31
20 22
20 11
20 13
21 9
21 22
21 13
21 31
22 4
23 17
23 28
23 16
23 1
23 7
23 9
23 15
23 22
23 11
23 31
24 17
24 30
24 28
24 2
24 1
24 21
24 12
24 6
24 7
24 9
24 15
24 22
24 4
24 11
24 13
24 31
25 12
25 26
25 6
25 20
25 22
25 4
25 31
26 6
26 15
26 20
26 22
26 4
27 29
27 10
27 3
27 14
27 1
27 18
27 0
27 26
27 9
27 15
28 16
28 3
28 21
28 25
28 0
28 26
28 7
28 20
28 4
28 11
28 13
29 19
29 10
29 23
29 24
29 17
29 28
29 14
29 0
29 6
29 20
29 11
29 31
30 28
30 2
30 16
30 14
30 18
30 21
30 0
30 12
30 26
30 6
30 7
30 20
30 22
30 4
30 31
