35 292
0 21
0 15
0 22
0 3
0 33
0 18
0 24
0 34
0 5
0 20
0 6
0 16
0 25
0 8
0 2
0 32
0 10
0 19
0 31
0 7
1 3
1 33
1 28
1 5
1 12
1 25
1 29
1 26
1 17
1 32
1 10
1 19
1 14
2 17
2 10
2 19
2 7
3 33
3 18
3 12
3 25
3 27
3 2
3 32
4 12
4 16
4 25
4 29
4 26
4 32
4 14
4 31
4 7
5 4
5 27
5 26
5 2
5 32
5 19
5 31
5 7
6 4
6 25
6 8
6 17
6 10
6 14
6 31
6 7
8 17
8 32
8 10
8 19
8 14
8 31
9 3
9 33
9 18
9 24
9 23
9 6
9 4
9 12
9 16
9 29
9 8
9 17
9 32
9 19
9 7
10 14
11 15
11 22
11 1
11 9
11 24
11 5
11 6
11 4
11 29
11 8
11 27
11 2
11 32
11 10
11 19
11 31
11 7
12 16
12 25
12 29
12 26
12 2
12 19
13 11
13 30
13 22
13 3
13 18
13 28
13 24
13 23
13 34
13 5
13 6
13 4
13 29
13 27
13 31
14 7
15 22
15 3
15 28
15 34
15 5
15 20
15 6
15 12
15 29
15 19
15 14
15 7
16 29
16 10
16 19
16 14
16 31
17 32
17 19
17 14
18 28
18 23
18 34
18 5
18 6
18 27
18 26
18 32
18 10
18 14
19 31
19 7
20 6
20 4
20 12
20 16
20 29
20 8
20 27
20 26
20 2
20 17
20 7
21 9
21 3
21 18
21 28
21 24
21 23
21 34
21 6
21 4
21 8
21 27
21 2
21 17
21 32
21 10
21 7
22 9
22 3
22 33
22 24
22 20
22 6
22 4
22 12
22 25
22 8
22 27
22 10
22 19
22 31
23 20
23 16
23 25
23 29
23 8
23 27
23 26
23 17
23 19
24 23
24 20
24 6
24 12
24 25
24 27
24 32
24 19
24 14
24 31
25 27
25 26
25 17
25 32
25 10
25 14
26 17
26 32
26 19
26 14
27 17
27 10
27 14
28 20
28 4
28 16
28 2
28 32
28 14
28 7
29 26
29 2
29 17
29 32
29 10
29 19
30 22
30 1
30 3
30 18
30 28
30 24
30 23
30 34
30 5
30 20
30 6
30 4
30 25
30 27
30 2
30 17
30 7
31 7
32 19
32 14
33 18
33 23
33 34
33 5
33 20
33 6
33 12
33 16
33 25
33 29
33 27
33 32
33 14
33 31
34 4
34 16
34 8
34 27
34 26
34 2
34 17
34 19
34 14
34 31
