32 178
0 4
0 6
2 4
3 1
4 6
5 21
5 19
5 3
5 20
7 9
7 18
7 28
7 10
7 4
7 6
8 23
8 22
8 29
8 14
8 19
8 10
8 0
9 11
9 16
9 28
9 12
9 8
9 23
9 24
9 29
9 10
9 3
9 13
9 2
9 6
10 13
10 17
11 16
11 8
11 24
11 5
11 19
11 10
11 13
11 20
11 1
11 6
12 23
12 24
12 29
12 19
12 3
12 4
12 1
13 4
13 1
14 10
14 3
14 13
14 4
14 1
14 6
15 23
15 24
15 22
15 5
15 14
15 10
15 20
15 17
15 1
15 6
16 28
16 15
16 12
16 29
16 14
16 10
16 3
16 0
16 20
16 17
16 4
17 2
18 15
18 24
18 22
18 5
18 10
18 3
18 17
18 2
19 10
19 3
19 13
19 4
19 6
20 1
21 2
21 4
22 20
23 5
23 21
23 14
23 19
23 10
23 3
23 13
23 20
23 1
24 3
24 0
24 6
25 31
25 27
25 11
25 16
25 29
25 5
25 3
25 20
25 2
25 6
26 27
26 9
26 16
26 12
26 8
26 23
26 24
26 21
26 19
26 0
26 13
26 17
26 4
27 11
27 15
27 10
27 3
27 20
27 2
27 6
28 12
28 8
28 24
28 5
28 19
28 3
28 0
28 13
28 6
29 21
29 14
29 19
29 0
29 20
29 6
30 27
30 9
30 18
30 16
30 15
30 12
30 29
30 21
30 14
30 20
30 6
31 26
31 16
31 24
31 19
31 10
31 3
31 20
31 17
31 4
