32 150
0 8
0 17
0 9
0 2
0 29
0 6
0 23
0 21
1 5
1 12
1 7
1 11
1 8
1 24
1 23
2 30
2 21
2 28
3 13
3 6
3 21
4 1
4 25
4 3
4 7
4 11
4 29
4 6
4 30
4 23
5 19
5 13
5 7
5 0
5 11
5 8
5 17
5 29
5 20
5 27
5 23
5 22
6 30
6 22
6 21
6 28
7 8
7 16
7 9
7 23
7 22
7 14
8 16
8 9
8 28
9 29
9 30
10 0
10 11
10 8
10 9
10 20
10 30
10 23
10 22
10 14
11 8
11 9
11 30
12 0
12 9
12 2
12 20
12 30
13 8
13 17
13 6
13 22
14 28
15 3
15 12
15 8
15 16
15 17
15 9
15 29
15 21
15 28
16 29
16 27
16 21
17 6
17 27
17 23
17 22
17 21
18 10
18 12
18 7
18 0
18 31
18 24
18 29
18 23
18 22
18 14
18 28
19 12
19 0
19 31
19 11
19 17
19 24
19 29
19 27
20 23
20 14
20 28
22 28
23 22
23 14
24 29
24 6
24 30
24 21
25 10
25 13
25 12
25 7
25 16
25 9
25 6
25 27
25 14
26 3
26 7
26 16
26 29
26 20
26 28
27 21
29 6
29 27
29 30
31 16
31 24
31 29
31 6
31 27
31 21
