28 193
0 10
0 11
0 16
0 24
0 13
0 26
0 22
0 5
1 20
1 7
1 8
1 11
1 9
1 13
1 26
1 25
1 22
1 5
1 17
2 11
2 16
2 22
3 23
3 19
3 4
3 21
3 6
3 0
3 11
3 16
3 24
3 13
3 27
3 17
4 8
4 14
4 2
4 10
4 11
4 16
4 24
4 22
4 27
4 5
4 18
5 17
6 26
6 25
6 22
6 27
6 5
6 17
6 18
7 4
7 21
7 14
7 6
7 0
7 9
7 25
7 27
7 18
8 21
8 14
8 2
8 0
8 11
8 9
8 24
8 13
8 26
8 25
8 22
8 18
9 13
9 22
9 27
9 5
9 17
9 18
10 9
10 24
10 13
10 26
10 22
10 18
11 16
11 9
11 13
11 26
11 25
11 22
11 27
12 4
12 8
12 21
12 14
12 2
12 6
12 26
12 25
12 22
12 27
12 5
12 18
13 22
13 27
13 5
13 17
13 18
14 10
14 16
14 9
14 24
14 26
14 22
14 27
14 5
15 7
15 4
15 8
15 24
15 26
15 25
15 22
15 5
15 18
16 9
16 13
16 26
16 25
16 5
16 17
19 4
19 14
19 2
19 6
19 10
19 11
19 16
19 9
19 13
19 26
19 25
19 22
19 5
19 17
19 18
20 23
20 12
20 7
20 4
20 14
20 2
20 6
20 0
20 9
20 24
20 25
20 22
20 27
20 5
20 17
20 18
21 10
21 16
21 9
21 24
21 26
21 25
21 22
21 5
21 17
21 18
22 5
23 12
23 8
23 2
23 6
23 16
23 26
23 25
23 18
24 13
24 27
24 17
24 18
25 22
25 5
25 17
25 18
26 27
26 18
