28 116
0 21
0 16
0 14
0 6
0 27
1 25
1 13
1 17
1 0
1 22
1 16
2 20
2 11
2 25
2 8
2 26
2 7
2 22
2 4
2 24
2 15
3 7
3 0
3 16
3 14
5 9
5 0
5 22
5 12
7 0
7 21
7 14
7 24
8 13
8 26
8 7
8 22
8 10
8 14
8 15
9 26
9 7
9 16
9 14
9 27
9 15
10 16
10 14
10 6
11 13
11 10
11 16
11 12
11 24
11 15
12 27
12 24
13 7
13 0
13 22
13 16
13 14
13 27
14 27
16 14
16 12
16 27
17 0
17 22
17 21
17 10
17 15
18 20
18 1
18 9
18 25
18 8
18 3
18 13
18 17
18 7
18 14
18 15
19 18
19 5
19 25
19 13
19 7
19 22
19 16
19 27
20 1
20 21
21 10
21 16
21 14
21 24
22 21
22 4
22 24
23 9
23 8
23 22
23 4
23 27
25 3
25 0
25 21
25 4
25 27
26 21
26 10
26 16
26 4
26 14
26 27
