31 209
0 2
0 26
0 20
0 11
0 1
0 30
1 14
1 25
1 3
1 30
1 12
1 19
2 24
2 11
2 1
2 14
2 3
2 30
2 12
2 19
3 30
3 28
3 19
4 16
4 28
4 19
5 27
5 26
5 24
5 20
5 17
5 1
5 4
5 25
5 16
5 12
5 28
6 5
6 2
6 24
6 20
6 11
6 14
6 25
6 12
6 19
7 18
7 15
7 0
7 10
7 27
7 26
7 11
7 1
7 14
7 4
7 25
7 16
7 30
7 28
7 19
8 13
8 0
8 10
8 2
8 26
8 20
8 17
8 1
8 25
8 3
8 12
8 28
8 19
9 25
9 16
9 19
10 21
10 5
10 2
10 26
10 17
10 1
10 16
10 30
10 12
10 19
11 14
11 4
11 9
11 3
11 16
11 30
11 12
12 28
13 0
13 21
13 5
13 24
13 20
13 17
13 11
13 4
13 9
13 25
13 3
13 28
14 3
15 13
15 10
15 6
15 21
15 22
15 27
15 2
15 26
15 24
15 17
15 1
15 16
15 30
15 12
16 12
16 28
17 11
17 1
17 25
17 3
17 28
17 19
18 15
18 10
18 6
18 5
18 2
18 20
18 1
18 9
18 3
18 30
18 28
20 14
20 9
20 16
21 17
21 25
21 16
21 30
21 12
21 19
22 27
22 17
22 11
22 4
22 3
22 30
23 21
23 27
23 26
23 24
23 11
23 9
23 25
23 3
23 16
23 28
24 25
24 3
24 12
24 28
25 12
25 19
26 20
26 17
26 3
26 16
26 30
26 12
26 28
26 19
27 26
27 24
27 17
27 11
27 1
27 14
27 4
27 9
27 25
27 16
27 12
29 18
29 15
29 8
29 23
29 0
29 6
29 21
29 26
29 24
29 20
29 11
29 14
29 9
29 3
29 16
29 12
29 19
30 28
