33 158
0 26
0 9
0 30
0 8
0 5
1 22
1 20
2 24
2 9
2 20
2 6
3 10
3 26
3 31
3 8
3 7
4 32
4 10
4 14
4 26
4 9
4 22
4 8
4 5
5 6
7 5
7 6
8 7
8 6
9 31
9 8
10 14
10 0
10 24
10 22
10 5
11 6
12 31
12 7
12 6
13 4
13 10
13 24
13 22
14 0
14 9
14 5
15 19
15 30
15 7
15 20
16 21
16 15
16 31
16 19
16 8
16 20
16 5
16 6
17 23
17 3
17 16
17 21
17 24
17 19
17 5
17 6
18 29
18 2
18 4
18 15
18 24
18 31
18 19
18 22
18 8
18 5
19 30
19 11
19 6
20 5
21 13
21 4
21 15
21 14
21 0
21 26
21 19
21 20
22 8
22 7
23 21
23 13
23 4
23 32
23 12
23 10
23 1
23 26
23 31
23 30
23 8
23 7
23 11
24 19
24 22
24 5
25 28
25 18
25 23
25 16
25 21
25 12
25 10
25 14
25 9
25 19
25 20
26 24
26 30
26 11
26 20
27 17
27 2
27 16
27 13
27 10
27 15
27 14
27 1
27 9
27 30
28 13
28 12
28 14
28 1
28 9
28 31
29 27
29 3
29 16
29 24
29 9
29 30
29 8
29 6
31 8
31 11
31 20
31 5
31 6
32 12
32 1
32 9
32 31
32 30
32 22
32 7
