34 278
0 33
0 25
0 1
0 19
0 12
0 23
0 15
0 13
1 19
1 12
1 11
1 15
2 13
3 29
3 27
3 9
3 5
3 4
3 33
3 20
3 25
3 1
3 24
3 19
3 11
3 23
3 2
3 13
4 0
4 33
4 20
4 25
4 1
4 24
4 12
4 11
4 23
4 2
4 15
5 4
5 0
5 33
5 12
5 2
5 15
5 13
6 32
6 27
6 14
6 5
6 4
6 20
6 1
6 24
6 12
6 23
6 13
7 18
7 3
7 28
7 32
7 14
7 30
7 4
7 20
7 12
7 23
7 15
8 28
8 16
8 14
8 30
8 5
8 4
8 33
8 25
8 23
8 15
8 13
9 5
9 4
9 20
9 1
9 24
9 19
9 11
9 2
9 15
10 7
10 18
10 29
10 28
10 32
10 4
10 20
10 1
10 12
10 11
10 15
11 13
12 11
14 5
14 0
14 20
14 1
14 19
14 23
14 2
14 15
14 13
16 30
16 5
16 4
16 0
16 33
16 20
16 1
16 19
16 23
16 15
17 8
17 6
17 9
17 5
17 4
17 33
17 24
17 12
17 2
17 13
18 3
18 17
18 31
18 29
18 16
18 30
18 9
18 0
18 33
18 20
18 19
18 11
18 2
19 23
19 2
20 25
20 24
20 23
20 15
21 22
21 7
21 3
21 17
21 8
21 29
21 28
21 6
21 16
21 30
21 0
21 20
21 25
21 11
21 23
21 2
21 15
22 7
22 3
22 29
22 27
22 14
22 9
22 5
22 4
22 0
22 33
22 20
22 25
22 1
22 24
22 19
22 23
22 13
23 2
24 12
24 23
24 13
25 24
25 12
25 11
25 23
25 2
25 15
25 13
26 22
26 17
26 29
26 6
26 32
26 4
26 25
26 1
26 24
26 19
26 12
26 11
26 23
26 15
26 13
27 14
27 30
27 9
27 4
27 33
27 24
27 11
27 23
27 2
27 13
28 16
28 14
28 9
28 4
28 20
28 1
28 24
28 19
28 12
28 11
28 2
28 15
29 6
29 32
29 27
29 9
29 5
29 33
29 20
29 25
29 2
30 9
30 5
30 25
30 19
30 23
30 2
31 8
31 29
31 28
31 32
31 30
31 0
31 33
31 20
31 25
31 1
31 24
31 12
31 23
31 15
31 13
32 14
32 30
32 9
32 4
32 0
32 20
32 25
32 19
32 11
32 23
32 15
32 13
33 20
33 25
33 1
33 12
33 2
