33 246
0 10
0 28
0 21
0 16
0 1
0 30
0 7
0 25
0 14
1 15
1 24
1 7
1 25
1 14
2 8
2 17
2 29
2 21
2 16
2 3
2 26
2 23
2 32
2 1
2 15
2 24
2 30
2 7
2 14
3 23
3 1
3 15
3 31
3 30
3 7
3 25
3 14
4 18
4 0
4 10
4 2
4 27
4 29
4 21
4 16
4 32
4 24
4 31
4 30
4 25
5 9
5 18
5 13
5 6
5 10
5 28
5 8
5 27
5 20
5 29
5 21
5 3
5 26
5 23
5 32
5 15
5 30
5 14
6 12
6 2
6 28
6 8
6 27
6 29
6 26
6 1
6 15
6 25
6 14
7 14
8 27
8 20
8 32
8 1
8 31
9 22
9 18
9 13
9 2
9 8
9 27
9 20
9 17
9 16
9 3
9 15
9 24
9 31
9 30
10 28
10 20
10 17
10 21
10 16
10 3
10 1
10 15
10 24
10 31
10 14
11 4
11 22
11 18
11 0
11 12
11 2
11 27
11 17
11 29
11 3
11 15
11 24
11 31
11 30
11 14
12 29
12 21
12 3
12 32
12 1
12 14
13 8
13 20
13 29
13 16
13 3
13 1
13 15
13 14
15 24
15 31
15 30
15 25
16 3
16 23
16 1
16 15
16 7
17 29
17 26
17 1
17 24
17 31
17 7
17 14
18 0
18 6
18 12
18 10
18 2
18 20
18 17
18 21
18 26
18 23
18 1
18 15
18 24
18 30
18 7
18 25
19 5
19 22
19 0
19 12
19 2
19 8
19 27
19 17
19 25
19 14
20 17
20 29
20 21
20 3
20 1
20 24
20 14
21 32
21 24
21 30
21 7
21 14
22 0
22 10
22 8
22 16
22 3
22 23
22 1
22 24
22 31
22 30
22 7
22 14
23 32
23 24
23 31
23 7
24 31
24 7
24 25
24 14
25 14
26 23
26 1
26 30
26 7
26 25
27 20
27 17
27 21
27 32
27 24
27 30
27 7
27 25
27 14
28 26
28 7
28 25
28 14
29 3
29 26
29 23
29 32
29 31
29 30
29 14
31 25
32 24
32 31
32 30
32 7
32 25
32 14
