34 274
0 23
0 22
0 15
0 20
0 30
0 19
0 17
0 31
0 9
0 12
0 18
0 13
1 15
1 3
1 20
1 30
1 14
1 10
1 9
1 18
1 32
1 13
2 6
2 5
2 15
2 20
2 25
2 19
2 4
2 17
2 10
2 9
2 18
2 32
2 13
2 29
3 30
3 14
3 4
3 17
3 24
3 9
3 7
3 12
3 32
3 29
4 17
4 10
4 24
4 9
4 12
4 32
5 22
5 1
5 15
5 25
5 30
5 14
5 19
5 24
5 9
5 7
5 12
5 18
5 29
6 1
6 15
6 3
6 20
6 30
6 14
6 24
6 9
6 7
6 18
6 32
6 13
7 12
7 29
8 21
8 16
8 2
8 26
8 5
8 22
8 15
8 25
8 30
8 4
8 31
8 12
8 18
8 29
9 7
9 18
9 32
9 13
10 32
11 8
11 28
11 27
11 0
11 6
11 5
11 22
11 15
11 3
11 20
11 25
11 4
11 31
11 10
11 24
11 13
11 29
12 18
12 32
12 29
13 29
14 19
14 4
14 17
14 31
14 10
14 7
14 32
14 29
15 25
15 10
15 7
15 12
15 18
15 13
16 26
16 0
16 23
16 5
16 22
16 1
16 15
16 4
16 10
16 24
16 9
16 7
17 9
17 18
17 32
19 17
19 31
19 18
19 13
19 29
20 25
20 14
20 19
20 4
20 17
20 31
20 24
20 12
20 18
20 32
20 13
20 29
21 2
21 6
21 5
21 15
21 3
21 20
21 25
21 19
21 4
21 17
21 10
21 9
21 7
21 32
21 29
22 1
22 20
22 25
22 19
22 17
22 10
22 24
22 9
22 12
22 18
22 32
22 29
23 5
23 15
23 3
23 30
23 17
23 24
23 9
23 7
23 12
23 13
24 9
24 18
24 32
24 29
25 4
25 31
25 9
25 7
25 12
25 18
25 13
26 6
26 5
26 1
26 3
26 25
26 19
26 17
26 31
26 9
26 7
26 12
26 18
26 32
27 21
27 26
27 0
27 23
27 6
27 22
27 1
27 30
27 14
27 19
27 4
27 24
27 9
27 12
27 29
28 2
28 23
28 6
28 15
28 3
28 20
28 19
28 4
28 31
28 18
28 29
30 19
30 10
30 7
30 13
31 10
31 9
31 7
31 32
31 13
31 29
32 29
33 8
33 28
33 16
33 5
33 22
33 1
33 19
33 17
33 31
33 13
33 29
