30 135
0 17
0 13
0 29
1 15
1 3
1 7
1 10
1 13
1 29
2 27
2 24
2 3
2 0
2 10
3 9
3 7
3 10
3 13
4 27
4 1
4 19
4 9
4 7
4 10
4 29
5 22
5 27
5 17
5 10
5 13
6 1
6 21
6 26
6 3
6 9
6 0
6 23
6 13
7 10
8 6
8 4
8 27
8 1
8 25
8 24
8 19
8 0
8 17
8 7
9 17
9 7
9 10
9 13
9 29
9 16
10 13
10 29
10 16
11 2
11 6
11 22
11 26
11 15
11 19
11 9
11 0
11 23
11 10
11 29
12 20
12 27
12 25
12 24
12 3
12 9
12 0
12 17
12 13
13 29
14 20
14 2
14 27
14 1
14 26
14 24
14 19
14 17
14 13
15 0
15 16
17 23
18 15
18 9
18 0
18 7
18 23
19 9
19 17
19 10
19 16
20 2
20 1
20 25
20 9
20 17
21 26
21 15
21 17
21 23
21 16
22 21
22 0
22 23
22 13
22 29
23 13
24 19
24 13
25 3
26 19
26 0
27 1
27 0
27 7
27 10
27 29
28 8
28 20
28 18
28 26
28 3
28 0
28 23
28 13
28 29
