32 227
0 25
0 7
0 10
0 3
0 9
0 23
1 28
1 16
1 30
1 27
1 18
1 29
1 15
1 22
1 24
1 5
1 25
1 7
1 10
1 3
1 31
1 8
1 23
2 29
2 20
2 15
2 17
2 13
2 21
2 0
2 25
2 3
2 8
2 9
2 23
3 8
3 9
3 23
4 25
4 8
4 9
5 25
5 7
5 9
5 23
6 18
6 29
6 15
6 11
6 24
6 7
6 10
6 8
6 9
6 23
7 10
7 31
7 9
7 23
8 23
9 23
10 31
10 8
10 9
10 23
11 21
11 24
11 4
11 5
11 0
11 25
11 3
12 6
12 26
12 27
12 29
12 15
12 17
12 13
12 19
12 24
12 4
12 5
12 25
12 31
13 4
13 0
13 7
13 31
13 8
13 9
13 23
14 2
14 16
14 6
14 27
14 18
14 29
14 20
14 15
14 22
14 5
14 0
14 10
14 31
14 23
15 13
15 19
15 21
15 24
15 5
15 3
15 9
16 30
16 27
16 18
16 29
16 17
16 13
16 19
16 21
16 24
16 7
16 10
17 13
17 22
17 11
17 21
17 24
17 4
18 29
18 20
18 17
18 22
18 11
18 21
18 5
18 25
18 7
18 10
18 3
18 31
18 8
19 22
19 24
19 25
19 7
19 31
19 8
19 9
19 23
20 15
20 17
20 22
20 21
20 24
20 5
20 7
20 10
20 8
20 23
21 24
21 7
21 10
21 8
21 9
21 23
22 11
22 0
22 10
22 23
24 4
24 0
24 7
24 9
25 10
25 31
25 23
26 18
26 29
26 20
26 19
26 22
26 4
26 0
26 25
26 7
26 31
26 8
26 23
27 20
27 15
27 13
27 21
27 24
27 4
27 0
27 25
27 7
28 12
28 27
28 18
28 17
28 11
28 7
28 10
28 31
28 8
29 19
29 11
29 24
29 25
29 10
29 8
29 23
30 6
30 27
30 20
30 13
30 22
30 11
30 0
30 7
30 10
30 3
30 31
31 9
