29 115
0 23
0 6
0 11
1 22
1 3
2 25
2 0
2 23
2 19
2 16
2 7
2 24
2 15
2 18
3 6
3 11
4 17
4 24
4 6
4 11
5 15
5 11
5 18
6 18
7 24
7 5
7 11
8 14
8 28
8 1
8 16
8 24
8 21
8 3
9 11
10 13
10 14
10 26
10 27
10 0
10 1
10 19
10 7
10 5
10 9
10 6
10 18
12 23
12 11
13 4
13 26
13 20
13 25
13 0
13 23
13 1
13 22
13 24
14 26
14 2
14 28
14 0
14 17
14 19
14 24
14 5
14 15
16 7
16 5
16 6
17 19
17 3
17 9
17 18
19 11
19 18
20 2
20 0
20 1
20 7
20 5
20 9
21 3
21 15
21 11
21 18
22 21
22 9
23 1
23 5
23 11
24 21
25 16
25 5
25 21
25 6
26 27
26 2
26 23
26 19
26 24
26 5
26 9
26 6
26 18
27 12
27 15
27 18
28 16
28 7
28 24
28 5
28 9
28 6
28 11
