29 192
0 23
0 4
0 27
0 24
0 28
0 1
0 11
0 10
0 17
0 7
0 9
0 12
1 22
1 10
1 17
1 7
1 9
1 19
1 12
1 15
2 8
2 22
2 13
2 12
2 15
3 0
3 21
3 11
3 10
3 13
3 9
3 19
3 15
4 8
4 21
4 26
4 1
4 11
4 13
4 17
5 2
5 8
5 21
5 10
5 13
5 17
5 9
5 19
6 25
6 20
6 4
6 5
6 2
6 21
6 22
6 10
6 13
6 12
7 15
8 21
8 1
8 13
8 7
8 19
8 12
9 15
10 13
10 17
10 19
10 12
10 15
11 10
11 13
11 7
11 9
11 19
11 15
12 15
13 17
13 9
13 19
13 15
14 6
14 16
14 25
14 18
14 0
14 4
14 5
14 8
14 1
14 10
14 9
14 19
14 12
16 25
16 3
16 0
16 27
16 8
16 21
16 1
16 11
16 17
16 19
16 12
17 19
17 15
18 0
18 23
18 4
18 24
18 2
18 8
18 26
18 13
18 7
18 19
18 15
19 15
20 27
20 5
20 24
20 2
20 28
20 11
20 10
20 13
20 19
21 28
21 10
21 17
21 9
21 19
21 12
22 10
22 7
22 19
22 12
23 27
23 5
23 24
23 8
23 28
23 11
23 22
23 17
23 7
23 12
24 8
24 21
24 26
24 28
24 1
24 11
24 13
24 17
24 9
24 12
25 18
25 0
25 23
25 20
25 4
25 27
25 5
25 11
25 13
25 9
25 19
25 15
26 22
26 13
26 7
26 12
26 15
27 5
27 2
27 8
27 21
27 11
27 22
27 10
27 17
27 9
27 15
28 1
28 11
28 10
28 9
28 12
28 15
