35 169
0 3
0 33
0 15
0 8
0 20
0 4
0 29
0 9
1 15
1 11
1 23
1 24
1 2
1 14
2 30
2 26
2 19
3 16
3 33
3 11
3 20
3 12
3 17
3 4
3 29
3 2
3 19
3 14
3 32
4 24
4 30
5 17
5 24
5 19
5 32
6 31
6 3
6 16
6 23
6 17
6 9
6 2
6 30
6 26
7 1
7 15
7 11
7 8
7 20
7 27
7 5
7 17
7 29
7 13
8 20
8 30
8 26
8 32
9 30
9 21
10 8
10 12
10 17
10 22
10 19
10 14
11 8
11 20
11 12
11 27
11 25
11 29
11 13
11 22
11 26
11 21
12 29
12 30
12 14
13 2
13 32
15 10
15 20
15 12
15 4
15 13
15 9
16 7
16 11
16 23
16 25
16 5
16 13
16 9
16 26
16 19
17 29
18 3
18 7
18 33
18 1
18 15
18 23
18 17
18 29
18 26
18 19
19 14
19 32
20 12
20 32
21 32
22 2
22 26
22 14
22 32
23 13
23 24
23 26
23 32
25 5
25 30
25 26
25 21
26 19
26 21
26 32
27 25
27 29
27 24
27 2
27 30
27 21
28 8
28 20
28 12
28 25
28 29
28 24
28 2
28 26
30 19
30 21
31 15
31 28
31 11
31 4
31 9
31 30
33 15
33 10
33 8
33 20
33 27
33 17
33 13
33 2
34 6
34 31
34 3
34 10
34 11
34 20
34 5
34 29
34 13
34 26
34 14
34 32
