34 276
0 26
0 14
0 4
0 30
0 23
0 15
0 1
0 16
0 3
0 9
1 28
1 18
1 27
1 9
2 19
2 33
2 21
2 26
2 4
2 30
2 1
2 3
2 8
2 9
3 9
4 30
4 13
4 23
4 15
4 1
4 16
4 18
4 3
5 31
5 2
5 10
5 33
5 20
5 0
5 24
5 26
5 14
5 4
5 11
5 30
5 23
5 1
5 3
6 17
6 12
6 31
6 19
6 32
6 21
6 29
6 24
6 26
6 14
6 13
6 15
6 16
6 18
6 8
6 9
7 25
7 5
7 2
7 10
7 19
7 20
7 29
7 0
7 26
7 14
7 11
7 30
7 15
7 28
7 18
7 3
7 27
8 9
10 20
10 23
10 28
11 30
11 13
11 23
11 1
11 22
11 3
12 25
12 5
12 2
12 19
12 20
12 29
12 0
12 26
12 11
12 30
12 23
12 15
12 1
12 18
12 3
12 8
12 27
13 23
13 1
13 28
13 18
13 22
13 8
13 27
13 9
14 4
14 11
14 22
14 8
14 27
15 1
15 16
15 22
15 8
15 27
15 9
16 28
16 18
16 22
16 8
16 9
17 7
17 2
17 10
17 32
17 33
17 20
17 29
17 24
17 14
17 4
17 11
17 30
17 13
17 15
17 28
18 22
18 27
19 29
19 0
19 26
19 4
19 11
19 23
19 15
19 1
19 16
19 18
19 27
20 29
20 24
20 26
20 30
20 13
20 15
20 1
20 28
20 18
20 8
20 27
21 20
21 29
21 0
21 4
21 23
21 1
21 16
21 18
21 8
22 3
22 8
22 27
22 9
23 15
23 1
23 28
23 22
23 3
23 8
23 9
24 14
24 11
24 13
24 23
24 15
24 16
24 22
24 27
24 9
25 19
25 32
25 33
25 26
25 30
25 13
25 23
25 1
25 18
25 22
26 11
26 15
26 28
26 18
26 22
26 3
26 8
26 27
27 9
28 22
28 3
28 9
29 26
29 4
29 11
29 1
29 16
29 28
29 27
29 9
30 13
30 15
30 16
30 3
30 8
30 9
31 2
31 10
31 19
31 33
31 21
31 24
31 26
31 14
31 4
31 30
31 13
31 23
31 15
31 16
31 18
31 22
31 3
31 8
31 27
32 20
32 29
32 0
32 24
32 4
32 13
32 15
32 1
32 28
32 18
32 8
33 0
33 26
33 11
33 13
33 23
33 15
33 28
33 22
33 8
33 9
