34 277
0 27
0 18
0 11
0 3
0 26
0 25
0 4
0 7
0 6
0 20
0 19
0 16
0 21
0 10
1 32
1 24
1 7
1 6
1 20
1 15
1 22
1 19
1 16
1 21
1 12
2 28
2 7
2 6
2 20
2 15
2 9
2 12
3 26
3 1
3 23
3 2
3 14
3 28
3 7
3 20
3 29
3 22
3 16
3 9
3 21
3 8
4 32
4 24
4 7
4 22
4 19
4 16
4 9
4 12
4 8
5 17
5 1
5 14
5 4
5 28
5 24
5 6
5 16
5 21
5 12
5 8
6 15
6 29
6 22
6 16
6 9
6 21
6 10
6 12
6 8
7 29
7 22
7 19
7 16
7 9
7 21
7 10
9 10
9 8
11 5
11 17
11 3
11 26
11 14
11 4
11 28
11 7
11 6
11 20
11 15
11 22
11 19
11 16
11 9
11 10
12 8
13 33
13 17
13 1
13 25
13 4
13 28
13 24
13 7
13 6
13 22
13 16
13 9
13 21
13 10
14 28
14 32
14 6
14 20
14 19
14 16
14 9
14 21
15 22
15 19
15 16
15 21
15 12
15 8
16 9
16 12
17 1
17 23
17 25
17 4
17 32
17 6
17 20
17 15
17 22
17 19
17 10
17 8
18 11
18 17
18 3
18 1
18 25
18 2
18 14
18 4
18 32
18 6
18 15
18 22
18 8
19 9
20 29
20 10
20 8
21 10
21 12
22 19
22 21
22 10
22 8
23 25
23 14
23 4
23 32
23 7
23 20
23 15
23 19
23 9
24 6
24 15
24 29
24 22
24 19
24 10
25 14
25 4
25 24
25 6
25 29
25 19
25 9
25 12
25 8
26 23
26 14
26 28
26 24
26 6
26 20
26 29
26 19
26 16
26 9
26 21
26 10
26 12
26 8
27 31
27 33
27 17
27 26
27 23
27 2
27 4
27 24
27 6
27 15
27 29
27 16
27 9
27 21
27 12
28 7
28 6
28 29
28 16
28 9
28 21
28 10
28 8
29 22
29 16
29 9
30 27
30 13
30 33
30 5
30 2
30 14
30 32
30 24
30 6
30 15
30 29
30 22
30 19
30 16
30 9
30 12
31 33
31 18
31 11
31 5
31 3
31 26
31 1
31 14
31 4
31 28
31 24
31 7
31 6
31 20
31 16
32 24
32 20
32 29
32 22
33 18
33 3
33 26
33 1
33 4
33 6
33 20
33 15
33 19
33 16
33 9
33 8
