31 138
0 15
0 26
0 9
0 27
0 6
0 12
0 17
2 3
2 28
2 21
2 16
2 17
3 6
3 7
4 29
4 9
4 30
4 22
4 24
4 3
4 6
4 18
4 1
4 17
5 10
5 27
5 3
5 21
5 16
5 1
5 13
6 1
7 12
7 13
7 17
8 29
8 23
8 27
8 22
8 2
9 5
9 23
9 2
9 24
9 3
9 28
9 6
9 16
9 7
10 22
10 24
10 3
10 28
10 20
11 8
11 9
11 5
11 10
11 14
11 21
11 6
11 12
14 28
14 21
14 16
14 12
14 13
15 8
15 5
15 10
15 30
15 23
15 14
15 25
15 22
15 3
15 18
16 18
16 7
16 17
18 1
19 8
19 29
19 22
19 24
19 28
19 16
19 12
20 21
20 18
20 12
20 1
20 17
21 13
21 17
22 28
23 20
23 12
23 13
23 17
24 7
24 12
24 17
25 2
25 6
25 7
25 1
26 29
26 5
26 10
26 30
26 14
26 28
26 6
26 13
26 17
27 25
27 28
27 21
27 6
27 17
28 6
28 16
29 27
29 14
29 25
29 22
29 2
29 12
29 1
29 13
30 14
30 25
30 3
30 28
30 21
30 7
30 13
