27 171
0 5
0 11
0 9
0 10
0 4
2 0
2 5
2 22
2 9
3 16
3 26
3 19
3 21
3 14
3 18
3 8
3 7
3 25
3 13
3 17
3 2
3 5
3 10
5 11
5 22
5 9
5 1
6 12
6 7
6 20
6 22
6 9
6 4
7 25
7 13
7 0
7 11
7 9
7 10
7 1
8 7
8 17
8 0
8 22
8 9
8 10
8 4
8 1
9 10
11 10
12 7
12 25
12 13
12 17
12 5
12 22
12 4
13 0
13 5
13 10
13 4
13 1
14 0
14 11
14 10
14 1
15 23
15 26
15 6
15 8
15 7
15 13
15 2
15 9
15 10
16 26
16 14
16 8
16 12
16 7
16 25
16 17
16 0
16 5
16 10
17 20
17 0
17 22
17 10
18 13
18 2
18 5
18 11
18 22
18 9
18 10
18 4
19 14
19 18
19 8
19 25
19 17
19 20
19 2
19 5
19 11
19 22
19 4
20 2
20 0
20 5
20 4
21 14
21 18
21 8
21 12
21 7
21 25
21 17
21 20
21 2
21 5
21 22
21 9
21 10
21 4
21 1
22 10
23 19
23 6
23 14
23 8
23 7
23 25
23 17
23 20
23 2
23 0
23 11
23 22
23 10
24 3
24 26
24 6
24 14
24 18
24 8
24 7
24 13
24 17
24 20
24 5
24 10
24 4
25 0
25 22
25 10
25 4
25 1
26 19
26 18
26 8
26 12
26 7
26 25
26 13
26 17
26 20
26 2
26 0
26 4
