28 192
0 13
0 21
0 20
0 25
0 15
0 14
0 12
0 22
0 19
0 10
0 3
0 6
1 19
1 5
1 10
1 3
1 6
2 18
2 24
2 8
2 14
2 9
2 12
2 1
2 19
2 10
4 2
4 18
4 14
4 7
4 9
4 12
4 22
4 1
4 23
4 27
4 10
4 6
5 3
5 6
7 9
7 1
7 19
7 27
7 5
7 10
7 3
7 6
8 9
8 22
8 23
8 19
8 27
8 10
8 6
9 22
9 19
9 27
9 5
9 3
9 6
11 16
11 17
11 2
11 7
11 23
11 27
11 5
11 6
12 22
12 1
12 27
12 5
12 3
13 26
13 11
13 16
13 17
13 4
13 2
13 24
13 8
13 14
13 7
13 9
13 27
13 10
13 3
14 9
14 22
14 19
14 5
14 10
14 6
15 17
15 24
15 14
15 9
15 12
15 22
15 1
15 19
15 10
16 4
16 2
16 18
16 24
16 14
16 7
16 12
16 19
16 10
16 6
17 2
17 24
17 8
17 14
17 7
17 12
17 1
17 5
17 3
18 14
18 19
18 5
18 10
19 10
19 6
20 26
20 11
20 16
20 17
20 24
20 8
20 12
20 22
20 27
20 5
20 10
20 3
20 6
21 25
21 16
21 2
21 18
21 8
21 12
21 22
21 1
21 10
21 6
22 1
22 19
22 27
22 5
22 6
23 27
23 6
24 14
24 9
24 12
24 1
24 23
24 19
24 27
24 5
24 3
25 16
25 2
25 8
25 14
25 7
25 9
25 22
25 1
25 23
25 27
25 10
25 3
26 11
26 17
26 4
26 2
26 24
26 9
26 12
26 1
26 5
26 10
27 10
27 3
27 6
