35 294
0 9
0 2
0 17
0 26
0 14
0 23
0 16
0 24
0 33
0 30
0 28
0 15
0 5
0 19
0 12
0 21
0 4
1 13
1 14
1 23
1 31
1 33
1 34
1 29
1 25
1 19
1 21
1 7
1 10
2 13
2 26
2 23
2 24
2 29
2 30
2 28
2 5
2 19
2 12
2 4
2 7
2 6
2 10
3 13
3 14
3 23
3 16
3 33
3 34
3 30
3 28
3 15
3 4
3 32
4 7
4 10
5 12
5 21
5 22
5 7
6 11
7 6
7 10
7 20
8 27
8 18
8 17
8 3
8 24
8 34
8 30
8 19
8 4
8 6
9 2
9 17
9 3
9 26
9 14
9 23
9 31
9 34
9 30
9 28
9 15
9 5
9 21
9 22
9 7
9 20
10 20
11 20
12 21
12 22
12 4
12 7
12 6
12 11
12 20
12 32
13 26
13 14
13 24
13 34
13 25
13 5
13 21
13 10
13 20
14 23
14 16
14 24
14 34
14 29
14 30
14 25
14 28
14 19
14 12
14 21
14 10
14 11
14 20
14 32
15 5
15 21
15 22
15 6
15 10
16 24
16 31
16 30
16 25
16 12
16 22
16 4
16 7
16 11
16 20
17 26
17 14
17 23
17 24
17 30
17 25
17 19
17 12
17 21
17 7
17 6
17 10
17 20
17 32
18 2
18 17
18 3
18 26
18 14
18 31
18 29
18 30
18 5
18 19
18 21
18 22
18 6
18 11
18 20
18 32
19 21
19 32
20 32
21 22
21 4
21 10
21 20
21 32
22 4
22 7
22 11
22 20
22 32
23 16
23 24
23 33
23 29
23 30
23 25
23 28
23 15
23 5
23 21
23 7
23 10
23 20
24 33
24 34
24 30
24 28
24 15
24 19
24 12
24 4
24 11
24 32
25 5
25 12
25 21
25 4
25 10
25 11
25 20
25 32
26 14
26 23
26 16
26 31
26 29
26 30
26 25
26 5
26 19
26 12
26 22
26 4
26 7
26 6
26 10
26 32
27 18
27 2
27 3
27 16
27 31
27 34
27 29
27 28
27 15
27 19
27 21
27 4
27 7
27 11
27 20
27 32
28 5
28 19
28 21
28 10
28 20
29 25
29 15
29 19
29 12
29 21
29 4
29 6
29 10
29 20
30 25
30 28
30 19
30 21
30 22
30 7
30 10
30 20
30 32
31 33
31 29
31 25
31 5
31 19
31 10
31 32
33 34
33 25
33 28
33 15
33 12
33 21
33 4
33 7
33 11
33 20
34 28
34 15
34 19
34 22
34 4
34 6
34 10
34 11
34 20
