29 132
0 24
0 6
0 20
0 16
0 27
1 23
1 2
1 7
1 28
1 14
1 9
1 8
1 24
1 6
1 16
2 13
2 3
2 9
2 15
2 21
2 12
2 27
3 19
3 15
3 8
3 17
3 0
3 5
4 22
4 23
4 14
4 3
4 19
4 15
4 8
4 17
4 26
4 25
4 16
4 27
6 26
6 16
7 11
7 24
7 12
7 20
7 27
7 5
8 17
8 21
8 25
9 18
9 15
9 10
9 6
9 26
9 16
9 5
10 20
11 21
11 6
11 26
12 26
12 16
13 19
13 10
13 12
13 16
13 27
13 5
14 13
14 9
14 8
14 21
14 10
14 12
14 16
14 27
15 21
15 10
15 6
15 26
15 25
15 20
15 16
16 27
17 0
17 6
17 26
17 20
17 16
17 5
18 17
18 27
19 18
19 15
19 8
19 6
19 25
19 20
20 16
21 10
21 16
21 5
22 23
22 7
22 19
22 21
22 10
22 6
22 12
23 11
23 28
23 17
23 0
23 5
24 25
24 20
24 16
24 5
25 20
25 5
26 16
27 5
28 3
28 9
28 21
28 10
28 26
28 25
28 16
28 5
