34 179
0 12
0 11
0 25
0 15
0 30
0 16
1 18
1 5
2 31
2 0
2 12
2 11
2 25
2 15
2 8
2 30
4 29
4 5
6 13
6 32
6 33
6 19
6 7
6 17
6 27
6 0
6 14
6 25
6 15
6 8
6 5
6 16
7 17
7 2
7 31
7 0
7 15
7 1
7 9
7 29
8 1
8 30
8 9
8 4
8 3
9 18
9 5
10 32
10 33
10 19
10 27
10 11
10 22
10 15
10 4
10 18
11 25
11 20
11 30
11 9
11 3
12 8
12 30
12 9
12 16
13 19
13 27
13 31
13 0
13 14
13 11
13 1
13 18
14 22
14 9
14 29
14 16
15 9
15 18
17 25
17 22
17 9
17 4
17 3
17 16
19 24
19 7
19 25
19 22
19 15
19 1
19 30
19 3
19 18
20 8
20 30
20 3
21 24
21 2
21 31
21 22
21 9
21 18
21 5
22 15
22 8
22 30
22 9
22 3
22 18
23 26
23 19
23 27
23 31
23 25
23 15
23 9
23 5
23 16
24 27
24 31
24 25
24 22
24 29
24 5
25 15
25 9
25 4
25 29
25 5
26 19
26 24
26 27
26 11
26 20
26 30
26 16
27 22
27 8
27 30
27 3
27 18
27 5
28 26
28 33
28 19
28 0
28 12
28 8
28 30
28 9
28 4
28 18
28 5
28 16
29 3
29 5
29 16
30 9
30 5
31 0
31 8
31 30
32 33
32 7
32 27
32 0
32 14
32 11
32 20
32 16
33 0
33 25
33 22
33 15
33 8
33 30
33 18
33 16
