31 249
0 12
0 28
0 15
0 25
0 27
1 27
2 16
2 0
2 20
2 5
2 12
2 24
2 18
2 15
2 3
2 7
2 27
3 1
4 22
4 6
4 21
4 26
4 8
4 17
4 14
4 16
4 0
4 20
4 5
4 12
4 24
4 18
4 3
4 7
4 25
4 27
5 12
5 24
5 18
5 28
5 15
5 10
5 3
5 7
5 1
6 21
6 13
6 17
6 9
6 16
6 0
6 20
6 5
6 18
6 28
6 3
6 7
6 25
7 25
7 1
8 14
8 23
8 0
8 18
8 28
8 15
8 10
9 29
9 2
9 23
9 16
9 5
9 12
9 24
9 18
9 28
9 15
9 7
10 27
11 6
11 21
11 26
11 8
11 17
11 14
11 29
11 2
11 16
11 20
11 18
11 28
11 15
11 10
11 3
11 25
11 27
12 24
12 25
13 8
13 17
13 9
13 23
13 16
13 20
13 5
13 12
13 15
13 3
13 7
13 25
13 1
13 27
14 9
14 2
14 16
14 5
14 24
14 28
14 7
15 10
15 25
15 1
15 27
16 0
16 5
16 24
16 18
16 7
16 25
16 1
17 14
17 9
17 29
17 16
17 5
17 12
17 24
17 28
17 10
17 1
18 28
18 10
19 30
19 11
19 22
19 21
19 13
19 17
19 9
19 23
19 20
19 5
19 12
19 18
19 28
19 10
19 3
19 25
19 1
20 5
20 24
20 18
20 28
20 25
20 1
21 26
21 8
21 9
21 29
21 23
21 5
21 12
21 24
21 18
21 15
21 10
21 25
21 1
22 6
22 21
22 13
22 26
22 8
22 17
22 29
22 2
22 16
22 0
22 5
22 12
22 24
22 28
22 15
22 1
22 27
23 16
23 0
23 20
23 5
23 12
23 10
23 3
23 27
24 15
24 3
24 25
24 1
25 1
26 14
26 2
26 16
26 15
26 10
26 1
28 15
28 3
28 25
28 27
29 16
29 0
29 20
29 18
29 28
29 15
29 10
29 3
29 7
29 25
30 11
30 22
30 6
30 21
30 26
30 8
30 14
30 9
30 29
30 23
30 16
30 0
30 12
30 24
30 18
30 28
30 15
30 7
30 25
30 1
30 27
