29 189
0 14
0 18
0 17
0 25
0 15
0 7
0 23
1 27
1 11
1 3
1 12
1 19
1 18
1 17
1 25
1 15
1 16
1 23
2 24
2 25
2 9
2 10
3 19
3 20
3 24
3 17
3 28
3 15
3 16
3 6
3 22
4 5
4 26
4 27
4 12
4 2
4 24
4 25
4 16
4 6
4 22
4 7
4 23
5 8
5 26
5 0
5 12
5 19
5 20
5 2
5 24
5 17
5 25
5 9
5 15
5 7
5 23
8 1
8 26
8 11
8 0
8 3
8 12
8 18
8 24
8 9
8 15
8 7
9 10
9 22
9 23
10 22
11 0
11 14
11 3
11 19
11 25
11 9
11 16
11 22
11 7
11 23
12 19
12 20
12 2
12 17
12 28
12 15
12 16
12 6
12 10
12 7
12 23
13 3
13 12
13 19
13 18
13 2
13 24
13 9
13 15
13 16
13 22
13 7
14 12
14 19
14 18
14 2
14 17
14 28
14 16
14 7
14 23
15 10
15 22
15 7
15 23
16 6
16 10
16 23
17 25
17 28
17 22
17 23
18 24
18 9
18 16
18 10
18 7
18 23
19 20
19 2
19 24
19 17
19 15
19 6
20 17
20 28
20 15
20 16
20 10
20 7
20 23
21 26
21 11
21 3
21 19
21 2
21 9
21 15
22 23
24 25
24 9
24 28
24 15
24 16
24 6
24 22
24 7
25 28
25 15
25 16
25 10
25 22
25 23
26 0
26 19
26 20
26 2
26 25
26 9
26 15
26 16
26 23
27 0
27 14
27 19
27 18
27 2
27 24
27 25
27 15
27 7
28 15
28 16
28 6
28 10
28 7
28 23
