33 149
0 31
0 3
0 8
0 24
0 11
0 32
0 5
0 15
1 5
1 17
1 14
1 13
2 15
2 25
2 14
2 13
3 30
3 1
3 28
3 26
3 24
3 15
3 25
4 26
4 24
4 10
4 11
4 2
4 5
5 17
5 13
6 24
6 32
6 15
7 11
7 32
7 25
7 13
8 24
8 11
8 13
9 19
9 1
9 4
9 26
9 2
9 5
9 13
10 25
10 14
11 5
12 6
12 4
12 8
12 28
12 24
12 10
12 15
12 14
12 13
14 13
15 17
15 25
16 20
16 6
16 1
16 4
16 10
16 15
16 25
16 13
18 16
18 9
18 29
18 24
18 17
18 14
19 21
19 23
19 31
19 27
19 30
19 2
19 32
19 15
19 17
20 6
20 30
20 26
20 11
20 2
20 25
20 14
21 12
21 29
21 7
21 32
21 15
21 14
22 23
22 12
22 3
22 8
22 29
22 2
22 15
22 13
23 27
23 6
23 3
23 30
23 24
23 25
23 14
24 11
24 25
26 10
26 32
26 15
27 6
27 3
27 30
27 1
27 8
27 26
27 7
27 15
27 17
27 13
28 17
28 14
29 28
29 24
29 32
29 17
30 4
30 29
30 2
30 25
30 14
31 6
31 8
31 7
31 2
31 32
31 15
31 14
32 25
32 14
