29 141
0 19
0 22
0 20
0 21
0 3
0 10
0 16
0 28
0 23
0 18
0 4
0 25
1 0
1 12
1 14
1 8
1 2
1 24
1 27
1 26
1 23
1 18
1 4
1 15
2 18
2 4
3 14
3 2
3 16
3 23
3 18
3 4
3 25
4 15
5 7
5 3
5 14
5 26
5 23
5 17
5 15
5 25
6 3
6 11
6 8
6 16
6 28
6 18
7 14
7 16
7 28
7 23
7 18
7 25
8 16
8 17
9 0
9 6
9 14
9 8
9 27
9 16
9 4
9 15
10 8
10 27
10 28
10 18
10 15
10 25
11 10
11 8
11 24
11 18
12 13
12 22
12 7
12 10
12 24
12 17
12 4
12 25
13 20
13 5
13 21
13 3
13 14
13 8
13 4
14 8
14 24
14 28
14 4
14 25
15 25
16 18
16 15
16 25
17 15
18 25
19 6
19 24
19 27
19 18
19 4
19 25
20 5
20 7
20 6
20 16
20 23
20 17
20 25
21 6
21 11
21 24
21 16
21 28
21 23
22 20
22 14
22 10
22 27
22 26
22 23
22 25
23 17
24 28
24 17
26 4
26 25
27 16
27 23
27 17
27 18
27 4
27 15
27 25
28 17
28 18
28 25
