33 255
0 2
0 23
0 6
0 7
0 24
0 25
0 20
0 15
0 11
0 22
0 27
0 29
0 8
0 28
1 9
1 4
1 21
1 29
1 5
1 28
2 23
2 14
2 25
2 3
2 17
2 15
2 11
2 1
2 19
2 9
2 4
2 21
2 28
3 20
3 17
3 15
3 1
3 22
3 4
3 21
3 29
3 5
4 21
4 29
4 8
4 18
5 8
5 28
5 18
6 24
6 3
6 20
6 17
6 11
6 1
6 22
6 27
6 9
6 21
6 8
7 10
7 24
7 17
7 19
7 22
7 5
7 8
7 28
7 18
9 18
10 14
10 25
10 3
10 17
10 11
10 1
10 9
10 4
10 21
10 16
10 5
10 28
11 19
11 9
11 21
11 29
11 5
11 8
11 28
11 18
12 26
12 6
12 24
12 25
12 20
12 15
12 11
12 1
12 9
12 4
12 29
12 18
13 0
13 23
13 12
13 6
13 7
13 20
13 17
13 11
13 1
13 22
13 9
13 21
13 29
13 5
13 8
13 28
14 3
14 20
14 1
14 19
14 22
14 9
14 4
14 8
14 28
15 11
15 1
15 22
15 27
15 9
15 29
15 8
15 28
15 18
16 5
16 28
17 15
17 1
17 19
17 22
17 9
17 21
17 29
17 8
17 18
19 27
19 4
19 21
19 29
19 16
19 8
19 28
20 11
20 27
20 21
20 29
20 16
20 5
20 28
21 29
21 5
21 18
22 27
22 16
22 8
23 12
23 26
23 6
23 24
23 25
23 20
23 17
23 15
23 19
23 22
23 21
23 16
23 5
23 8
24 20
24 17
24 15
24 11
24 27
24 4
24 16
24 8
24 28
24 18
25 3
25 20
25 1
25 19
25 9
25 4
25 21
25 29
25 8
25 18
26 24
26 14
26 25
26 11
26 19
26 27
26 4
26 21
26 29
26 16
26 18
27 5
27 28
29 16
29 8
30 0
30 32
30 17
30 1
30 19
30 22
30 27
30 4
30 21
30 16
30 5
30 18
31 13
31 0
31 2
31 23
31 12
31 26
31 6
31 7
31 14
31 3
31 20
31 15
31 27
31 9
31 21
31 5
31 8
32 23
32 12
32 7
32 24
32 3
32 17
32 9
32 4
32 5
32 28
