26 182
0 8
0 21
0 17
0 23
0 13
0 9
0 15
0 1
0 19
0 3
0 25
0 5
0 11
1 22
1 19
1 6
1 25
1 12
1 5
2 4
2 18
2 8
2 14
2 21
2 17
2 13
2 7
2 15
2 19
2 3
2 24
2 6
2 25
2 11
3 5
4 18
4 16
4 8
4 21
4 10
4 17
4 23
4 9
4 15
4 1
4 3
4 24
4 6
4 20
4 12
4 11
5 11
6 20
6 12
6 11
7 22
7 19
7 3
7 6
7 25
7 20
7 12
8 14
8 17
8 13
8 7
8 15
8 1
8 22
8 24
8 25
8 20
8 12
9 15
9 1
9 22
9 19
9 3
9 24
9 20
9 12
9 5
9 11
10 15
10 22
10 19
10 3
10 24
10 6
10 25
10 20
10 12
10 5
10 11
12 5
13 7
13 9
13 15
13 3
13 6
13 25
13 12
14 21
14 17
14 13
14 9
14 1
14 22
14 3
14 20
14 5
15 1
15 22
15 19
15 6
15 25
16 0
16 10
16 17
16 13
16 7
16 1
16 22
16 19
16 3
16 24
16 6
16 25
16 20
17 23
17 9
17 1
17 19
17 5
18 16
18 0
18 14
18 10
18 17
18 13
18 7
18 15
18 22
18 19
18 3
18 24
18 25
18 12
18 5
19 3
19 24
19 6
19 25
19 12
19 11
21 10
21 17
21 23
21 13
21 7
21 15
21 1
21 19
21 24
21 6
21 25
21 12
22 6
22 25
23 13
23 7
23 9
23 15
23 1
23 22
23 3
23 24
23 25
23 12
23 11
24 6
24 5
