29 126
0 12
0 7
1 23
1 8
1 4
1 24
1 12
1 25
2 25
3 8
3 24
3 7
4 5
4 0
4 12
4 7
5 14
5 12
5 25
6 9
6 24
6 25
8 4
8 9
8 2
8 12
9 5
9 14
9 0
9 2
9 7
9 25
10 8
10 6
10 21
10 24
10 7
11 15
11 24
11 12
11 25
12 25
13 3
13 10
13 8
13 24
13 0
13 7
13 25
14 0
14 25
15 10
15 21
15 24
16 27
16 18
16 20
16 22
16 11
16 8
16 4
16 2
16 25
17 18
17 10
17 9
17 24
17 7
18 28
18 3
18 15
18 4
18 21
18 14
18 25
19 22
19 23
19 11
19 4
19 0
19 7
19 25
20 11
20 13
20 15
20 8
20 0
20 25
21 24
21 14
21 12
22 13
22 10
22 9
22 24
22 2
23 15
23 10
23 6
23 14
23 7
24 5
24 25
26 22
26 13
26 15
26 10
26 21
26 24
26 12
26 7
27 23
27 13
27 15
27 6
27 9
27 0
27 2
28 22
28 23
28 3
28 15
28 8
28 5
28 12
28 25
