33 254
0 21
0 19
0 22
0 23
0 12
0 28
0 7
0 20
0 27
0 32
0 18
1 18
2 8
2 25
2 9
2 0
2 10
2 31
2 21
2 3
2 23
2 28
2 14
2 18
3 22
3 23
3 12
3 28
3 7
3 14
3 1
4 1
4 20
4 27
5 15
5 25
5 9
5 0
5 31
5 21
5 26
5 3
5 4
5 1
5 20
5 32
5 18
6 10
6 31
6 21
6 3
6 7
6 14
6 20
6 18
6 16
7 4
7 20
7 27
7 32
7 18
7 16
8 15
8 25
8 6
8 10
8 31
8 19
8 3
8 22
8 12
8 28
8 7
8 14
8 1
8 18
8 16
9 6
9 30
9 10
9 31
9 21
9 19
9 3
9 7
9 32
9 16
10 3
10 22
10 12
10 7
10 4
10 1
10 20
10 32
11 5
11 8
11 25
11 21
11 19
11 26
11 23
11 12
11 7
11 14
11 32
11 18
12 28
12 20
13 24
13 11
13 8
13 15
13 25
13 9
13 0
13 10
13 21
13 22
13 23
13 12
13 7
13 14
13 1
13 32
13 18
13 16
14 20
14 27
14 18
14 16
15 25
15 9
15 6
15 10
15 19
15 12
15 7
15 14
15 1
15 27
15 32
15 18
15 16
17 8
17 25
17 0
17 21
17 19
17 26
17 22
17 23
17 12
17 28
17 4
17 27
18 16
19 3
19 22
19 28
19 4
19 1
19 20
19 27
19 32
19 18
21 26
21 28
21 20
21 27
21 18
22 12
22 28
22 4
22 1
22 20
22 32
22 16
23 28
23 7
23 4
23 1
23 27
23 16
24 2
24 17
24 5
24 29
24 8
24 15
24 9
24 30
24 31
24 21
24 3
24 22
24 23
24 12
24 1
24 18
25 0
25 10
25 21
25 3
25 22
25 20
25 27
25 32
25 18
26 3
26 22
26 28
26 7
26 1
26 18
28 14
28 20
29 9
29 6
29 30
29 0
29 31
29 21
29 19
29 26
29 22
29 23
29 28
29 7
29 4
29 14
29 1
29 27
29 32
29 18
30 0
30 31
30 21
30 26
30 12
30 4
30 27
30 18
31 19
31 26
31 23
31 12
31 28
31 7
31 14
31 27
31 18
32 18
32 16
