30 218
0 28
0 3
0 15
0 2
0 5
0 1
0 29
2 29
3 8
3 15
3 20
3 2
3 5
4 13
4 9
4 23
4 14
4 27
4 22
4 17
4 0
4 7
4 15
4 2
4 5
4 1
6 19
6 13
6 14
6 26
6 18
6 7
6 8
6 20
6 12
6 1
7 3
7 25
7 5
7 1
8 25
8 20
8 2
8 10
8 5
9 16
9 14
9 22
9 17
9 28
9 3
9 8
9 25
9 15
9 2
9 10
9 1
9 29
10 1
10 29
11 6
11 13
11 9
11 23
11 14
11 26
11 18
11 28
11 7
11 15
11 10
11 5
11 1
12 5
12 1
12 29
13 16
13 14
13 22
13 17
13 3
13 15
13 2
13 10
13 1
13 29
14 22
14 18
14 0
14 28
14 25
14 12
15 12
15 10
15 1
16 23
16 14
16 27
16 22
16 26
16 18
16 3
16 25
16 15
16 12
16 5
16 1
16 29
17 18
17 0
17 28
17 8
17 20
17 10
17 5
17 29
18 0
18 28
18 7
18 3
18 15
18 12
18 2
18 5
18 1
18 29
19 9
19 16
19 27
19 26
19 17
19 0
19 7
19 3
19 15
19 5
19 29
20 12
20 10
20 5
20 1
20 29
21 6
21 13
21 9
21 16
21 23
21 14
21 27
21 22
21 17
21 20
21 12
21 5
21 1
22 26
22 17
22 3
22 8
22 25
22 20
22 10
22 1
23 14
23 22
23 18
23 0
23 7
23 3
23 15
23 20
23 2
23 5
23 1
24 21
24 4
24 6
24 13
24 23
24 22
24 26
24 17
24 28
24 7
24 25
24 15
24 12
24 2
24 10
24 5
24 29
25 2
25 5
25 1
26 17
26 18
26 0
26 15
26 12
26 2
26 5
26 1
26 29
27 26
27 18
27 0
27 7
27 3
27 15
27 20
27 12
27 10
27 29
28 7
28 3
28 20
28 10
28 5
