32 142
0 28
0 23
0 4
0 12
0 14
0 22
0 11
1 27
1 4
1 12
1 14
1 2
1 30
1 15
2 21
3 18
3 29
3 5
3 24
3 26
3 22
3 17
3 2
3 11
4 31
4 30
4 11
4 9
5 27
5 4
5 12
5 22
5 2
5 11
6 0
6 10
6 16
6 1
6 29
6 7
6 4
6 14
6 11
6 9
6 15
7 4
7 12
7 31
7 26
7 13
7 30
7 25
7 9
8 5
8 19
8 4
8 12
8 31
8 13
8 25
10 20
10 8
10 1
10 29
10 14
10 17
10 25
11 21
11 25
11 15
12 14
12 13
12 17
12 25
12 9
13 30
13 11
13 15
14 22
14 11
14 25
16 19
16 27
16 24
16 13
16 9
17 11
18 29
18 27
19 24
19 31
19 26
19 2
20 16
20 23
20 18
20 5
20 19
20 7
20 4
20 31
20 2
20 11
20 15
22 2
22 21
23 18
23 8
23 1
23 5
23 27
23 7
23 4
23 25
24 7
24 4
24 31
24 26
24 14
24 17
24 11
26 13
26 22
27 24
27 12
27 26
27 22
27 11
28 23
28 29
28 27
28 12
28 17
28 25
29 2
29 30
29 25
30 11
30 21
30 9
31 26
31 2
