27 96
0 14
0 17
0 4
0 15
2 22
2 10
2 7
2 26
2 9
2 4
3 26
3 17
3 1
3 20
4 16
4 20
5 20
6 4
6 25
6 1
7 8
7 26
7 21
7 16
8 26
8 17
8 4
8 25
9 17
9 4
9 5
10 7
10 0
10 26
10 17
11 10
11 13
11 7
11 3
11 21
11 6
11 1
11 15
12 0
12 24
12 3
12 8
12 17
12 20
13 24
13 6
13 25
14 17
14 1
14 16
14 15
17 1
17 5
18 26
18 14
18 4
18 15
19 2
19 11
19 10
19 12
19 3
19 4
19 25
19 1
21 17
21 5
22 11
22 10
22 13
22 12
22 14
22 16
22 20
22 15
23 19
23 11
23 13
23 24
23 3
23 8
23 6
23 25
24 21
24 1
24 5
25 20
25 15
26 4
26 25
26 1
