31 232
0 21
0 6
0 23
0 1
2 29
2 16
2 27
2 22
2 7
2 0
2 21
2 28
3 17
3 12
3 24
3 15
3 26
3 2
3 20
3 29
3 7
3 0
3 21
3 28
3 25
3 23
4 23
4 1
5 29
5 14
5 22
5 6
5 4
6 28
6 4
6 23
7 0
7 6
7 25
8 11
8 30
8 3
8 17
8 12
8 19
8 24
8 15
8 26
8 20
8 29
8 22
8 7
8 6
8 4
8 23
8 1
9 10
9 11
9 13
9 12
9 19
9 15
9 26
9 2
9 20
9 29
9 14
9 0
9 6
9 25
9 4
9 23
10 11
10 30
10 17
10 15
10 20
10 29
10 14
10 22
11 30
11 17
11 13
11 12
11 19
11 15
11 5
11 29
11 16
11 22
11 7
11 21
11 4
11 1
12 26
12 20
12 5
12 29
12 16
12 14
12 27
12 1
13 19
13 26
13 2
13 20
13 5
13 16
13 14
13 27
13 22
13 0
13 6
13 25
13 4
13 23
13 1
14 7
14 6
14 4
14 23
14 1
15 26
15 20
15 5
15 29
15 16
15 14
15 7
15 0
15 25
15 4
15 23
16 14
16 7
16 0
16 21
16 28
16 23
17 13
17 20
17 29
17 14
17 27
17 22
17 21
17 25
17 23
18 9
18 11
18 30
18 17
18 13
18 19
18 26
18 20
18 5
18 29
18 16
18 27
18 22
18 0
18 21
18 6
18 28
18 4
18 23
18 1
19 26
19 20
19 29
19 27
19 7
19 6
19 28
19 4
20 29
20 16
20 14
20 22
20 7
20 0
20 21
20 28
20 25
20 4
20 23
20 1
21 6
21 28
21 25
21 4
24 15
24 20
24 29
24 16
24 27
24 22
24 0
24 6
24 28
24 25
25 4
25 23
25 1
26 16
26 14
26 7
26 0
26 21
26 6
26 25
26 4
26 1
27 7
27 4
27 23
27 1
28 23
29 14
29 7
29 0
29 28
29 4
30 13
30 12
30 26
30 2
30 20
30 29
30 14
30 22
