27 116
1 14
1 22
1 17
1 26
1 20
3 22
3 26
3 0
4 1
4 26
4 21
4 2
5 10
5 25
5 14
5 22
5 26
5 8
5 12
6 11
6 23
6 1
6 17
6 26
6 8
6 12
6 20
6 7
8 12
8 0
9 23
9 3
9 5
9 4
9 1
9 14
9 22
9 2
10 1
10 22
10 12
10 7
11 13
11 23
11 3
11 4
11 8
11 12
11 0
11 7
12 20
12 7
13 15
13 23
13 3
13 19
13 1
13 22
13 17
13 8
14 17
14 8
14 7
15 3
15 4
15 1
15 26
15 12
15 2
16 18
16 24
16 19
16 5
16 10
16 17
16 8
16 12
16 0
17 20
17 0
18 6
18 3
18 5
18 10
18 14
18 22
18 17
18 8
18 12
18 21
18 7
19 5
19 10
19 4
19 22
19 8
19 21
21 20
22 21
23 19
23 10
23 25
23 20
24 13
24 3
24 5
24 10
24 25
24 14
24 22
24 26
25 1
25 22
25 8
25 20
26 12
