34 286
0 1
0 28
2 13
2 17
2 31
2 12
2 0
2 1
3 6
3 25
3 10
3 2
3 24
3 0
3 1
4 14
4 9
4 10
4 2
4 13
4 17
4 12
4 0
4 1
5 33
5 8
5 21
5 19
5 3
5 25
5 15
5 9
5 10
5 2
5 31
5 12
5 18
5 1
6 25
6 29
6 10
6 13
6 17
6 24
6 12
6 18
7 8
7 26
7 27
7 21
7 19
7 6
7 25
7 15
7 14
7 9
7 29
7 10
7 20
7 2
7 31
8 27
8 21
8 19
8 6
8 4
8 9
8 29
8 2
8 31
8 12
8 18
8 0
9 29
9 20
9 2
9 31
9 24
9 12
9 1
9 28
10 20
10 2
10 17
10 0
10 28
11 5
11 16
11 22
11 33
11 32
11 8
11 21
11 19
11 6
11 14
11 9
11 29
11 20
11 13
11 17
11 31
11 24
11 12
11 18
11 0
11 28
12 18
12 0
12 28
13 24
13 1
13 28
14 20
14 17
14 31
14 24
14 18
14 1
15 9
15 29
15 10
15 17
15 31
15 24
15 18
15 28
16 19
16 3
16 6
16 15
16 14
16 9
16 29
16 10
16 13
16 31
16 12
16 18
16 28
17 12
17 0
18 0
18 1
19 3
19 6
19 14
19 29
19 10
19 20
19 17
19 31
19 24
19 18
20 13
20 17
20 31
20 24
20 12
20 18
21 3
21 6
21 25
21 15
21 14
21 9
21 2
21 18
21 1
22 32
22 8
22 21
22 6
22 4
22 14
22 9
22 10
22 2
22 13
22 17
22 0
22 1
23 16
23 7
23 8
23 26
23 19
23 3
23 6
23 4
23 15
23 9
23 20
23 24
23 18
23 0
23 1
24 12
24 0
24 1
24 28
25 14
25 20
25 2
25 24
25 12
25 18
25 0
25 1
25 28
26 21
26 19
26 3
26 6
26 4
26 25
26 9
26 29
26 10
26 17
26 24
26 12
26 18
26 0
26 28
27 21
27 19
27 3
27 6
27 4
27 25
27 14
27 9
27 29
27 10
27 2
27 24
27 18
27 0
27 1
27 28
29 10
29 20
29 31
29 24
29 1
30 16
30 32
30 7
30 21
30 19
30 6
30 4
30 25
30 15
30 2
30 17
30 24
30 0
30 1
31 18
31 0
32 26
32 27
32 3
32 4
32 25
32 15
32 14
32 9
32 10
32 13
32 31
32 28
33 7
33 8
33 19
33 4
33 15
33 14
33 29
33 20
33 2
33 13
33 12
33 18
