33 270
0 15
0 30
0 3
0 23
0 6
0 18
0 20
0 4
0 13
0 11
0 24
0 25
0 5
0 21
0 12
0 29
0 1
0 8
0 31
1 8
2 14
2 25
2 21
2 17
2 12
2 1
2 8
2 31
3 27
3 6
3 18
3 20
3 4
3 19
3 11
3 2
3 14
3 9
3 5
3 21
3 29
3 31
4 26
4 14
4 9
4 21
4 17
4 12
5 21
5 1
5 8
5 31
6 18
6 20
6 19
6 13
6 22
6 14
6 9
6 21
6 12
6 1
6 8
6 31
7 14
7 9
7 5
7 21
7 12
7 29
7 1
7 31
9 21
9 17
9 12
9 1
9 8
9 31
10 22
10 7
10 25
10 9
10 5
10 21
10 29
10 1
10 8
10 31
11 7
11 25
11 21
11 17
11 12
11 1
11 31
12 8
13 11
13 24
13 2
13 14
13 25
13 9
13 5
13 17
13 12
13 29
13 1
13 8
13 31
14 9
14 5
14 29
14 1
14 8
15 30
15 32
15 3
15 23
15 26
15 13
15 11
15 10
15 22
15 7
15 14
15 25
15 21
15 1
15 8
15 31
16 27
16 6
16 18
16 19
16 26
16 13
16 24
16 22
16 2
16 9
16 17
16 12
16 1
16 8
16 31
17 12
18 19
18 13
18 11
18 22
18 2
18 14
18 29
18 8
19 26
19 13
19 24
19 7
19 14
19 17
19 1
20 4
20 24
20 22
20 2
20 25
20 5
20 29
20 31
21 17
21 1
21 8
21 31
22 7
22 2
22 25
22 5
22 21
22 17
22 12
23 6
23 4
23 26
23 13
23 24
23 2
23 5
23 21
23 17
23 29
23 31
24 22
24 9
24 5
24 21
24 29
24 31
25 17
25 29
25 1
26 13
26 7
26 2
26 14
26 5
26 17
26 29
26 1
27 18
27 11
27 24
27 14
27 5
27 21
27 17
27 12
27 29
27 1
28 30
28 16
28 6
28 19
28 10
28 2
28 25
28 9
28 21
28 17
28 12
28 1
29 1
29 31
30 32
30 16
30 3
30 27
30 6
30 4
30 26
30 13
30 11
30 10
30 22
30 7
30 2
30 25
30 9
30 5
30 21
30 17
30 1
30 31
32 16
32 3
32 27
32 23
32 6
32 20
32 26
32 13
32 11
32 10
32 2
32 25
32 9
32 21
32 17
32 29
32 8
32 31
