35 299
1 4
1 32
1 10
1 5
1 8
1 24
1 2
1 12
1 25
1 33
1 31
1 3
1 11
1 0
1 21
2 12
2 14
2 18
2 25
2 33
2 29
2 31
2 9
2 11
2 0
2 21
3 0
3 21
4 10
4 5
4 27
4 34
4 17
4 20
4 24
4 7
4 12
4 33
4 3
4 9
4 11
4 21
5 27
5 28
5 20
5 8
5 24
5 12
5 14
5 18
5 25
5 29
5 31
5 3
5 21
6 26
6 4
6 32
6 15
6 5
6 28
6 17
6 19
6 20
6 24
6 7
6 14
6 25
6 33
6 29
6 31
6 9
6 11
7 18
7 25
7 33
7 29
7 9
7 11
7 0
8 7
8 2
8 12
8 18
8 29
8 31
8 3
8 11
8 0
10 15
10 27
10 28
10 8
10 12
10 25
10 31
10 3
10 11
10 21
11 21
12 14
12 25
12 3
12 9
13 23
13 26
13 10
13 27
13 28
13 34
13 19
13 12
13 14
13 25
13 33
13 29
13 31
13 3
13 9
13 11
14 18
14 25
14 33
14 29
14 9
14 0
14 21
15 5
15 27
15 28
15 34
15 24
15 12
15 14
15 25
15 3
15 11
15 21
16 13
16 4
16 15
16 5
16 27
16 8
16 24
16 7
16 2
16 12
16 31
16 3
16 9
16 0
17 20
17 7
17 18
17 25
17 29
17 9
17 0
17 21
18 11
19 20
19 8
19 2
19 14
19 18
19 25
19 31
19 3
19 11
20 8
20 7
20 2
20 12
20 14
20 33
20 3
20 9
20 0
22 30
22 16
22 26
22 1
22 10
22 15
22 28
22 34
22 19
22 24
22 14
22 18
22 25
22 29
22 3
22 0
23 4
23 10
23 5
23 27
23 28
23 34
23 8
23 24
23 7
23 2
23 12
23 14
23 18
23 25
23 31
23 3
23 9
23 11
23 21
24 7
24 12
24 25
24 29
24 3
24 9
24 21
25 29
25 31
26 4
26 27
26 17
26 24
26 7
26 2
26 25
26 33
26 29
26 31
26 3
26 9
26 11
26 21
27 24
27 7
27 12
27 25
27 33
27 31
27 0
28 17
28 8
28 24
28 7
28 14
28 18
28 25
28 31
28 3
28 9
28 0
29 31
29 0
30 4
30 32
30 10
30 15
30 19
30 8
30 24
30 7
30 2
30 12
30 18
30 25
30 31
30 11
30 0
30 21
31 3
31 9
32 15
32 27
32 28
32 17
32 8
32 24
32 2
32 14
32 18
32 31
32 9
33 31
33 3
33 9
33 11
33 21
34 20
34 2
34 12
34 14
34 18
34 9
34 11
34 0
