33 269
1 4
1 14
1 18
1 0
1 13
1 2
4 14
4 16
5 16
5 13
6 3
7 5
7 16
7 18
7 6
7 2
7 3
8 15
8 4
8 22
8 5
8 16
8 18
8 0
8 3
9 11
9 25
9 20
9 12
9 23
9 29
9 10
9 28
9 26
9 30
9 4
9 7
9 22
9 14
9 6
9 13
9 2
9 3
10 1
10 26
10 7
10 22
10 14
10 6
10 2
10 3
11 21
11 19
11 27
11 24
11 29
11 15
11 5
11 14
11 16
11 18
11 0
11 3
12 31
12 27
12 26
12 4
12 7
12 22
12 14
12 6
12 2
13 2
14 18
14 0
14 13
14 3
15 4
15 7
15 14
15 18
15 6
15 0
16 6
16 0
17 25
17 20
17 12
17 32
17 29
17 10
17 1
17 28
17 8
17 26
17 4
17 7
17 5
17 16
17 18
17 0
17 13
17 3
18 6
18 3
19 20
19 31
19 23
19 27
19 32
19 24
19 29
19 1
19 28
19 26
19 15
19 30
19 4
19 7
19 22
19 5
19 14
19 16
19 18
20 31
20 24
20 10
20 1
20 28
20 15
20 30
20 7
20 22
20 5
20 14
20 16
20 6
20 13
20 2
21 25
21 31
21 23
21 24
21 10
21 1
21 4
21 7
21 22
21 5
21 16
21 18
21 6
21 0
21 13
21 3
22 14
22 18
22 6
22 13
23 27
23 32
23 29
23 10
23 1
23 28
23 8
23 7
23 22
23 5
23 14
23 16
23 18
23 13
23 2
23 3
24 29
24 10
24 1
24 28
24 8
24 26
24 22
24 5
24 14
24 0
24 2
24 3
25 12
25 23
25 27
25 32
25 29
25 10
25 1
25 8
25 22
25 14
25 16
25 6
25 13
25 3
26 30
26 4
26 5
26 14
26 16
26 18
26 0
26 13
26 2
27 24
27 29
27 10
27 15
27 5
27 14
27 16
27 18
27 6
27 0
27 3
28 8
28 30
28 22
28 5
28 14
28 16
28 18
28 6
29 10
29 1
29 28
29 26
29 15
29 4
29 5
29 14
29 6
29 0
29 3
30 4
30 7
30 22
30 0
30 13
30 2
31 23
31 24
31 29
31 10
31 28
31 26
31 15
31 4
31 7
31 22
31 18
31 13
31 3
32 1
32 28
32 8
32 26
32 30
32 4
32 5
32 18
32 13
32 2
