28 184
0 6
0 10
0 2
0 26
0 27
0 17
0 21
0 20
0 9
0 22
0 4
0 3
1 14
1 5
1 10
1 26
1 15
1 19
1 27
1 21
1 20
1 25
1 22
1 4
2 26
2 19
2 27
2 9
2 25
2 22
2 3
4 3
5 10
5 26
5 22
6 10
6 15
6 27
6 17
6 20
6 25
6 4
6 3
7 1
7 13
7 8
7 14
7 11
7 5
7 10
7 2
7 26
7 17
7 21
7 20
7 25
7 22
7 16
8 5
8 10
8 2
8 26
8 15
8 19
8 17
8 21
8 20
8 25
8 22
8 4
8 3
9 22
9 3
10 15
10 27
10 9
10 3
11 5
11 6
11 10
11 2
11 15
11 17
11 21
11 25
11 22
11 4
11 16
11 3
12 8
12 11
12 10
12 2
12 26
12 19
12 17
12 21
12 20
12 9
12 4
13 12
13 23
13 8
13 14
13 5
13 6
13 10
13 2
13 26
13 15
13 17
13 21
13 9
13 25
13 22
14 6
14 2
14 15
14 19
14 27
14 9
14 25
14 16
14 3
15 19
15 27
15 20
15 9
15 4
17 21
17 20
17 9
17 25
17 3
18 8
18 14
18 11
18 15
18 17
18 20
18 9
18 3
19 27
19 17
19 21
19 20
19 25
19 3
20 25
20 4
20 16
21 20
21 22
21 3
22 4
22 3
23 14
23 2
23 15
23 19
23 9
23 25
23 3
24 12
24 23
24 8
24 11
24 5
24 2
24 27
24 17
24 21
24 22
24 4
24 3
25 16
25 3
26 15
26 27
26 22
26 4
26 3
27 21
27 16
