33 151
0 22
0 18
0 30
0 11
0 26
0 31
1 11
1 5
1 24
2 27
2 1
2 18
2 30
2 5
2 31
2 21
3 16
3 1
3 22
3 30
3 26
3 13
3 7
3 24
3 4
5 31
5 21
6 27
6 1
6 18
6 11
6 13
6 24
7 19
7 10
8 30
8 11
8 10
9 3
9 22
9 8
9 13
9 31
9 10
10 24
11 26
11 13
11 19
12 26
12 5
12 31
12 21
12 24
13 4
14 6
14 25
14 18
14 7
14 19
14 24
14 4
15 7
15 21
16 2
16 27
16 15
16 0
16 22
16 8
16 30
16 11
16 26
16 13
17 9
17 25
17 27
17 18
17 30
17 5
17 21
18 12
18 19
18 10
18 21
18 24
19 31
20 29
20 28
20 32
20 17
20 25
20 27
20 26
20 7
22 12
22 11
22 7
22 31
23 14
23 3
23 15
23 0
23 1
23 7
24 4
25 27
25 26
25 13
25 7
25 21
25 4
26 13
26 31
26 4
27 15
27 8
27 18
27 11
27 26
27 4
28 3
28 6
28 2
28 15
28 8
28 12
28 13
28 19
28 31
28 4
29 28
29 23
29 3
29 6
29 16
29 22
29 30
29 12
29 21
30 13
30 19
30 10
30 4
31 21
32 3
32 0
32 1
32 13
32 7
32 10
32 21
