27 187
0 8
0 6
0 17
0 14
0 24
0 26
0 21
0 1
0 12
0 2
0 9
1 12
1 9
1 5
2 9
2 5
3 25
3 23
3 13
3 15
3 17
3 14
3 10
3 24
3 19
3 7
3 21
3 1
3 2
4 16
4 0
4 8
4 15
4 24
4 7
4 1
6 15
6 17
6 26
6 19
6 21
6 1
6 2
6 9
6 5
7 12
7 2
7 5
8 17
8 14
8 19
8 7
8 21
8 12
8 2
8 9
9 5
10 19
10 2
11 20
11 22
11 23
11 13
11 4
11 0
11 8
11 6
11 14
11 24
11 26
11 7
11 21
11 1
11 2
11 9
12 5
13 4
13 16
13 15
13 14
13 10
13 24
13 19
13 7
13 21
13 12
13 2
13 5
14 24
14 26
14 19
14 21
14 1
14 2
15 17
15 14
15 10
15 24
15 19
15 1
15 12
15 9
16 8
16 6
16 15
16 26
16 1
16 12
16 2
16 9
17 26
17 19
17 21
17 2
17 9
18 23
18 16
18 8
18 15
18 14
18 10
18 24
18 26
18 19
18 21
18 12
18 2
18 9
18 5
19 7
19 1
19 12
19 9
20 18
20 22
20 13
20 4
20 16
20 10
20 24
20 19
20 21
20 12
20 9
20 5
21 12
22 25
22 4
22 8
22 6
22 15
22 17
22 14
22 19
22 12
22 5
23 4
23 16
23 0
23 8
23 6
23 17
23 14
23 10
23 24
23 21
23 1
23 12
24 19
24 7
24 21
24 12
24 2
25 23
25 4
25 0
25 15
25 10
25 24
25 7
25 2
25 9
26 1
26 12
26 2
26 9
26 5
