31 240
1 9
1 23
1 29
1 25
1 14
1 10
1 22
1 11
1 4
1 5
1 21
1 28
1 19
1 3
1 15
1 2
1 24
1 30
1 17
2 13
2 24
2 30
2 16
3 15
3 13
3 30
4 5
4 27
4 19
4 3
4 15
4 30
4 7
4 17
4 18
5 27
5 8
5 21
5 28
5 19
5 3
5 15
5 2
5 13
5 24
5 30
5 7
5 17
5 16
6 29
6 14
6 10
6 22
6 27
6 28
6 19
6 16
7 17
7 18
7 16
8 21
8 28
8 2
8 13
8 7
8 18
8 0
9 12
9 29
9 14
9 10
9 22
9 11
9 4
9 21
9 28
9 19
9 20
9 2
9 13
9 24
9 30
9 7
9 17
10 11
10 4
10 5
10 27
10 8
10 28
10 19
10 20
10 3
10 13
10 16
11 21
11 28
11 13
11 24
11 17
11 16
12 29
12 25
12 14
12 10
12 26
12 27
12 21
12 19
12 20
12 3
12 15
12 2
12 13
12 18
12 16
13 30
13 17
13 16
14 22
14 11
14 4
14 27
14 8
14 21
14 28
14 3
14 15
14 13
14 30
14 7
14 17
14 18
14 0
14 16
15 2
15 24
15 7
15 18
15 16
17 18
19 20
19 13
19 30
19 7
19 17
20 3
20 13
20 30
20 18
21 28
21 3
21 15
21 2
21 13
21 24
21 30
21 7
21 17
21 16
22 5
22 27
22 21
22 28
22 3
22 2
22 17
22 18
22 0
23 29
23 25
23 14
23 22
23 4
23 27
23 8
23 19
23 20
23 3
23 2
23 13
23 24
23 7
23 17
23 16
24 7
24 17
25 14
25 22
25 11
25 4
25 26
25 5
25 21
25 28
25 19
25 3
25 15
25 2
25 13
25 7
25 17
26 5
26 19
26 20
26 15
26 2
26 24
26 17
27 20
27 15
27 30
28 3
28 15
28 2
28 13
28 30
28 7
28 17
28 18
29 25
29 14
29 22
29 11
29 4
29 8
29 20
29 15
29 2
29 13
29 30
29 7
29 17
29 18
29 0
29 16
30 7
30 17
30 18
30 16
