34 307
0 2
0 30
0 9
0 26
0 7
0 15
0 14
0 5
0 25
1 22
1 16
1 18
1 3
1 8
1 4
1 13
1 23
1 0
1 26
1 21
1 27
1 14
1 5
1 25
2 33
2 26
2 21
2 15
3 10
3 8
3 12
3 0
3 20
3 9
3 33
3 21
3 7
3 24
3 15
3 5
4 12
4 2
4 9
4 33
4 26
4 21
4 27
4 7
4 24
4 15
5 25
6 13
6 12
6 2
6 30
6 20
6 9
6 33
6 26
6 24
6 15
6 14
6 5
7 24
7 15
7 5
7 25
8 29
8 12
8 23
8 0
8 30
8 20
8 9
8 26
8 21
8 27
8 24
8 15
8 5
9 33
9 26
9 21
9 27
9 7
9 14
9 25
10 8
10 6
10 29
10 23
10 0
10 9
10 33
10 24
10 15
10 14
10 5
11 1
11 32
11 28
11 19
11 10
11 6
11 13
11 23
11 2
11 20
11 9
11 26
11 21
11 15
11 14
11 25
12 23
12 0
12 2
12 20
12 33
12 26
12 21
12 15
12 25
13 23
13 2
13 20
13 9
13 21
13 7
13 24
13 15
13 14
13 25
15 5
16 18
16 3
16 17
16 8
16 29
16 13
16 12
16 0
16 2
16 30
16 9
16 33
16 26
16 24
16 15
16 14
16 5
16 25
17 10
17 6
17 4
17 12
17 23
17 9
17 33
17 21
17 27
17 14
17 25
18 3
18 31
18 10
18 4
18 13
18 12
18 2
18 9
18 33
18 26
18 27
18 5
19 22
19 16
19 3
19 10
19 8
19 23
19 2
19 30
19 20
19 33
19 26
19 27
19 15
19 5
20 9
20 33
20 21
20 27
20 14
20 5
21 27
21 7
21 24
21 15
21 25
22 18
22 3
22 17
22 10
22 8
22 6
22 29
22 13
22 12
22 30
22 20
22 9
22 33
22 27
22 24
22 14
22 5
23 0
23 30
23 20
23 33
23 14
23 5
23 25
24 15
24 14
26 27
26 7
26 15
27 15
27 14
27 5
28 19
28 22
28 16
28 3
28 17
28 10
28 8
28 6
28 29
28 12
28 2
28 20
28 9
28 26
28 21
28 7
28 15
29 4
29 13
29 23
29 2
29 20
29 9
29 33
29 26
29 21
29 27
29 7
29 24
29 14
30 20
30 9
30 33
30 21
30 27
30 7
30 14
30 5
31 10
31 4
31 13
31 12
31 2
31 30
31 20
31 9
31 33
31 7
31 24
32 28
32 22
32 17
32 10
32 8
32 6
32 29
32 4
32 12
32 23
32 0
32 2
32 30
32 26
32 27
32 15
32 14
32 5
32 25
33 26
33 21
33 27
33 7
33 24
33 14
33 25
