27 111
0 1
0 18
0 15
0 25
0 9
0 3
1 17
1 25
1 6
1 22
2 25
2 6
2 3
2 12
4 15
4 6
4 22
5 10
5 23
5 1
5 7
5 18
5 2
5 4
5 12
6 3
7 18
7 2
7 25
7 6
7 22
9 13
9 3
9 12
9 8
10 16
10 0
10 23
10 17
10 18
10 9
10 8
11 17
11 4
11 6
11 3
11 22
11 8
13 3
13 8
14 10
14 20
14 23
14 17
14 2
14 15
14 21
14 9
14 13
14 3
15 25
15 8
16 26
16 0
16 23
16 17
16 24
16 12
16 8
17 18
17 21
17 9
17 13
17 12
17 8
18 4
18 25
18 9
18 3
18 22
19 16
19 26
19 23
19 11
19 1
19 7
19 8
20 0
20 11
20 1
20 15
20 8
22 8
23 11
23 17
23 2
23 12
24 21
25 9
25 13
25 3
25 12
25 8
26 23
26 11
26 1
26 7
26 24
26 15
26 21
26 12
