27 166
0 21
0 12
0 26
0 17
1 10
1 8
1 11
1 20
1 2
1 3
1 7
1 23
1 5
1 14
1 9
1 21
1 12
1 26
2 7
2 15
2 9
2 21
2 22
2 26
2 17
3 0
3 18
3 22
3 26
4 19
4 6
4 1
4 24
4 10
4 20
4 13
4 2
4 7
4 14
4 22
5 15
5 14
5 18
5 21
5 22
6 1
6 24
6 10
6 8
6 11
6 13
6 7
6 15
6 14
6 9
6 22
6 17
7 23
7 15
7 0
7 14
7 18
8 11
8 3
8 16
8 7
8 15
8 14
8 21
9 12
9 26
10 25
10 11
10 13
10 2
10 23
10 15
10 9
10 12
10 22
10 17
11 13
11 7
11 5
11 15
11 14
11 18
11 9
11 12
12 22
12 26
12 17
13 3
13 15
13 0
13 14
13 18
13 21
13 12
14 22
14 26
15 0
15 9
15 21
15 12
15 22
15 26
16 23
16 5
16 14
16 18
16 21
16 17
18 9
18 21
18 12
18 22
19 6
19 1
19 24
19 10
19 25
19 8
19 13
19 3
19 16
19 7
19 23
19 15
19 14
19 18
19 9
19 21
19 12
19 17
20 3
20 7
20 23
20 12
20 22
21 12
21 22
22 26
23 15
23 0
23 12
23 22
23 26
24 25
24 13
24 16
24 0
24 14
24 21
24 12
24 22
24 26
24 17
25 8
25 11
25 16
25 7
25 0
25 9
25 12
25 22
