28 135
1 6
1 10
1 5
1 22
1 25
1 24
2 14
2 15
2 16
2 0
2 3
2 13
2 19
3 13
3 22
3 25
3 24
4 27
4 17
4 22
5 8
5 17
5 13
5 25
5 24
6 10
6 26
6 8
6 22
6 19
7 11
7 9
7 14
7 4
7 12
7 27
7 5
7 0
7 3
7 17
7 24
8 17
8 22
8 25
8 24
9 14
9 10
9 4
9 27
9 0
9 3
9 17
9 13
9 25
10 4
10 26
10 3
10 25
11 20
11 2
11 1
11 4
11 27
11 5
11 8
11 3
11 24
12 0
12 19
14 16
14 12
14 0
14 3
14 13
14 25
14 24
15 16
15 27
15 0
15 17
15 13
15 22
16 8
16 3
16 22
16 25
16 24
16 19
17 22
17 24
17 19
18 7
18 11
18 20
18 1
18 4
18 27
18 5
18 8
18 13
20 6
20 4
20 15
20 0
20 17
20 22
20 19
21 9
21 2
21 1
21 27
21 8
21 13
21 25
22 25
22 24
22 19
23 1
23 14
23 4
23 26
23 0
23 13
23 22
23 25
23 24
24 19
25 19
26 16
26 8
26 24
26 19
27 5
27 13
27 19
