29 124
1 18
1 21
1 20
1 13
1 19
1 0
3 22
3 11
3 25
3 20
3 5
3 19
3 0
4 28
4 20
4 13
4 19
4 2
6 24
6 4
6 16
6 28
6 19
6 2
7 24
7 16
7 22
7 27
7 25
7 13
8 16
8 22
8 11
8 5
9 22
9 11
9 0
10 3
10 6
10 21
10 22
10 28
10 25
10 20
10 19
10 0
11 2
12 10
12 7
12 1
12 3
12 6
12 24
12 9
12 28
12 25
12 20
12 13
12 0
13 19
13 2
14 22
14 27
15 8
15 22
15 28
15 27
15 11
15 2
16 20
16 0
17 26
17 23
17 3
17 24
17 14
17 9
17 22
17 2
18 3
18 6
18 24
18 21
18 9
18 8
18 4
18 11
18 5
19 0
20 19
21 4
21 27
21 11
21 20
21 13
21 19
21 0
22 5
22 19
22 2
23 6
23 21
23 8
23 22
23 25
23 20
23 13
24 9
24 28
24 27
24 19
24 0
25 5
25 0
26 23
26 1
26 14
26 4
26 28
26 27
26 25
26 13
27 25
28 0
