29 202
0 4
0 27
0 28
0 26
0 14
0 19
0 13
0 10
0 22
0 8
0 6
0 1
0 21
0 11
0 15
0 24
0 25
1 23
1 20
1 24
1 5
2 27
2 28
2 17
2 26
2 14
2 18
2 9
2 6
2 1
2 23
2 3
2 11
2 24
3 7
3 11
3 15
3 24
3 25
4 28
4 17
4 26
4 14
4 19
4 13
4 10
4 22
4 1
4 23
4 3
4 7
4 15
4 24
4 5
5 25
6 23
6 3
6 7
6 11
6 15
6 25
7 15
7 25
8 6
8 1
8 23
8 20
8 21
8 3
8 11
8 24
9 22
9 8
9 6
9 1
9 16
9 3
9 11
9 24
10 22
10 1
10 23
10 20
10 16
10 7
10 5
10 25
11 24
11 5
11 25
12 27
12 14
12 19
12 18
12 9
12 6
12 23
12 16
12 7
13 9
13 23
13 20
13 21
13 11
13 25
14 18
14 9
14 23
14 20
14 21
14 3
14 11
14 24
15 5
15 25
16 7
16 15
16 24
16 5
17 26
17 19
17 8
17 6
17 1
17 20
17 21
17 3
17 7
17 11
17 15
17 5
18 9
18 8
18 1
18 23
18 20
18 7
18 11
18 25
19 13
19 9
19 10
19 23
19 20
19 21
19 11
19 5
19 25
20 21
20 11
21 16
21 3
21 11
21 15
21 5
22 1
22 21
22 16
22 7
22 15
22 24
22 5
22 25
23 11
23 15
23 5
23 25
24 25
26 9
26 10
26 22
26 23
26 20
26 16
26 15
27 17
27 26
27 19
27 18
27 10
27 1
27 23
27 21
27 16
27 3
27 5
28 17
28 26
28 13
28 18
28 9
28 10
28 22
28 8
28 23
28 20
28 16
28 3
28 7
28 11
28 15
28 25
