31 249
0 15
0 6
0 28
0 30
0 23
1 5
1 19
1 0
1 14
1 15
1 11
1 6
1 28
1 30
1 18
2 22
2 24
2 27
2 13
2 3
2 16
2 25
2 21
2 4
2 1
2 5
2 14
2 15
2 11
2 12
2 20
2 23
2 7
2 18
3 25
3 4
3 14
3 15
3 11
3 6
3 20
3 30
3 23
4 1
4 19
4 0
4 6
4 12
4 20
4 30
4 7
5 19
5 0
5 11
5 6
5 20
5 18
6 28
6 12
6 30
6 7
8 16
8 17
8 21
8 4
8 15
8 11
8 6
8 28
8 12
8 20
8 18
9 13
9 8
9 3
9 17
9 21
9 5
9 0
9 14
9 15
9 6
9 12
9 20
9 30
9 23
10 27
10 9
10 13
10 8
10 21
10 1
10 19
10 0
10 15
10 6
10 12
10 20
10 7
11 6
11 20
11 23
11 18
12 20
12 30
12 7
13 16
13 17
13 4
13 15
13 11
13 6
13 28
13 12
13 20
13 30
13 7
14 15
14 11
14 12
14 23
14 7
14 18
15 11
15 6
15 28
15 12
15 30
15 23
15 7
16 17
16 5
16 19
16 0
16 15
16 11
16 6
16 12
16 20
16 30
16 7
17 1
17 19
17 14
17 15
17 11
17 28
17 12
17 30
17 23
19 15
19 11
19 28
19 12
19 18
20 30
20 23
20 7
21 4
21 1
21 19
21 0
21 15
21 28
21 20
21 30
22 26
22 13
22 3
22 25
22 17
22 1
22 14
22 28
22 12
22 20
22 23
22 18
24 26
24 9
24 8
24 16
24 25
24 17
24 21
24 4
24 5
24 19
24 0
24 14
24 15
24 11
24 28
24 23
24 18
25 17
25 21
25 19
25 11
25 28
25 12
25 20
25 7
26 10
26 27
26 13
26 8
26 3
26 16
26 25
26 5
26 19
26 6
26 12
26 20
26 30
27 13
27 8
27 3
27 16
27 17
27 4
27 1
27 14
27 15
27 11
27 28
27 18
28 12
28 20
28 23
28 7
28 18
29 2
29 26
29 10
29 27
29 13
29 8
29 3
29 25
29 17
29 1
29 5
29 19
29 0
29 20
29 18
30 18
