31 244
0 13
1 24
1 19
1 9
1 8
1 26
1 23
1 22
1 6
1 21
1 12
1 10
1 5
1 20
1 30
1 13
2 16
2 0
3 1
3 18
3 29
3 8
3 26
3 17
3 10
3 7
3 20
3 30
3 16
3 13
4 6
4 5
4 20
4 2
4 30
4 16
4 0
4 13
5 16
6 27
6 10
6 28
6 5
6 20
6 2
6 30
6 16
7 28
7 2
7 30
8 15
8 23
8 17
8 22
8 6
8 10
8 7
8 5
8 30
8 16
8 0
8 13
9 11
9 8
9 23
9 17
9 22
9 25
9 10
9 28
9 30
9 16
9 0
9 13
10 7
10 5
10 20
10 0
11 8
11 15
11 26
11 17
11 6
11 21
11 27
11 10
11 28
11 5
11 20
11 2
11 30
11 16
11 13
12 10
12 7
12 2
12 13
14 24
14 18
14 29
14 9
14 11
14 8
14 26
14 17
14 4
14 6
14 10
14 5
14 20
14 30
15 26
15 23
15 17
15 22
15 25
15 6
15 27
15 12
15 10
15 7
15 28
15 5
15 2
15 30
15 13
16 0
17 25
17 4
17 12
17 28
17 20
17 2
17 30
17 16
18 29
18 9
18 11
18 23
18 25
18 4
18 21
18 12
18 7
18 20
18 30
18 16
18 0
19 18
19 29
19 9
19 23
19 25
19 4
19 21
19 12
19 10
19 28
19 20
19 30
19 13
20 2
20 0
21 12
21 7
21 28
21 2
22 25
22 6
22 21
22 27
22 10
22 28
22 5
22 30
23 17
23 22
23 21
23 27
23 12
23 10
23 7
23 28
23 20
23 16
23 0
24 9
24 11
24 15
24 17
24 22
24 25
24 4
24 21
24 12
24 20
24 2
24 30
24 16
25 4
25 27
25 12
25 10
25 7
25 2
25 16
25 13
26 17
26 4
26 6
26 27
26 12
26 10
26 28
26 20
26 2
26 30
26 0
27 12
27 28
27 20
27 2
27 30
27 16
27 13
28 20
28 0
28 13
29 15
29 23
29 17
29 22
29 25
29 4
29 21
29 27
29 10
29 28
29 5
29 2
29 30
29 16
30 16
30 0
