33 166
1 28
1 13
2 21
2 28
2 13
3 19
3 4
3 12
3 23
3 16
3 26
3 1
3 14
3 30
4 2
4 17
4 16
4 1
4 27
4 14
4 13
4 30
4 18
5 21
5 32
5 31
5 14
5 28
5 13
5 30
5 18
6 21
6 26
6 27
6 28
7 4
7 2
7 25
7 5
7 21
7 31
7 27
7 14
7 30
8 12
8 6
8 25
8 27
8 14
8 28
8 0
9 7
9 29
9 2
9 17
9 12
9 23
9 6
9 31
9 26
9 27
9 13
9 30
9 0
10 6
10 22
10 27
10 14
10 13
10 30
11 8
11 20
11 29
11 3
11 19
11 4
11 2
11 12
11 32
11 22
11 26
11 1
11 13
11 0
12 10
12 5
12 14
12 0
15 3
15 19
15 4
15 10
15 5
15 32
15 28
15 30
16 1
17 10
17 25
17 31
17 22
17 16
17 27
17 14
17 28
17 13
17 30
17 0
19 10
19 21
19 22
19 16
20 4
20 17
20 5
20 16
20 26
20 1
20 27
20 18
21 26
21 14
21 30
22 16
22 1
22 28
22 0
23 5
23 32
23 31
23 1
23 18
24 8
24 7
24 29
24 19
24 21
24 32
24 26
24 27
24 14
24 18
25 21
25 31
25 14
26 28
26 13
26 18
27 14
27 13
29 15
29 10
29 31
29 26
29 28
29 18
30 0
30 18
31 22
31 27
31 14
32 22
32 16
32 14
32 13
32 0
