33 156
0 11
0 32
0 8
0 13
0 30
1 14
1 32
1 8
1 13
1 6
1 7
1 30
2 30
3 17
3 23
3 18
3 20
3 0
4 21
4 27
4 13
4 7
4 2
5 7
5 2
6 7
8 7
9 0
9 11
9 7
9 2
10 2
11 32
11 8
11 13
12 11
12 21
12 27
12 13
12 30
13 6
14 12
14 8
14 13
14 6
14 7
15 22
15 20
15 4
15 31
15 21
15 27
15 5
15 30
16 10
16 14
16 0
16 8
16 21
16 6
16 5
16 30
17 23
17 24
17 15
17 16
17 0
17 32
17 7
18 26
18 19
18 28
18 31
18 21
18 2
18 30
19 1
19 20
19 14
19 0
19 31
19 11
19 2
19 30
20 14
20 12
20 0
20 8
20 21
20 5
20 7
20 30
21 2
22 28
22 10
22 14
22 9
22 11
22 8
22 21
22 5
22 30
23 18
23 26
23 24
23 15
23 8
23 21
23 6
23 2
24 19
24 16
24 20
24 4
24 14
24 0
24 21
24 7
25 24
25 28
25 0
25 31
25 11
25 21
25 13
25 5
25 7
25 2
25 30
26 24
26 15
26 19
26 14
26 9
26 11
27 6
27 2
27 30
28 4
28 32
28 5
29 24
29 19
29 0
29 31
29 27
29 6
29 2
31 32
31 8
31 27
31 30
32 21
32 13
32 6
32 7
