34 283
0 30
0 32
0 14
0 17
0 3
0 16
0 28
0 33
0 22
0 2
0 10
0 13
0 6
0 7
0 12
0 21
1 9
1 12
1 21
2 10
2 1
2 6
2 4
2 21
3 16
3 31
3 28
3 10
3 1
3 9
3 13
3 6
3 7
3 19
3 12
4 21
5 16
5 28
5 33
5 22
5 2
5 6
5 7
5 4
5 21
6 12
7 4
7 12
8 3
8 25
8 5
8 16
8 23
8 22
8 2
8 9
8 13
8 6
8 19
8 21
9 13
9 4
10 9
10 13
10 4
10 12
10 21
11 32
11 18
11 14
11 17
11 5
11 23
11 22
11 10
11 9
11 13
11 6
11 4
12 21
13 6
13 7
13 19
13 12
13 21
14 8
14 24
14 3
14 25
14 16
14 31
14 28
14 22
14 1
14 13
14 6
14 7
14 21
15 18
15 14
15 17
15 24
15 3
15 5
15 16
15 31
15 28
15 27
15 10
15 1
15 9
15 19
15 4
16 31
16 22
16 27
16 2
16 1
16 9
16 7
16 19
16 21
17 8
17 3
17 5
17 16
17 28
17 33
17 23
17 22
17 27
17 2
17 10
17 9
17 13
17 7
17 19
17 12
17 21
18 5
18 16
18 31
18 28
18 33
18 23
18 22
18 27
18 2
18 10
18 6
18 7
18 19
18 4
18 12
19 21
20 11
20 17
20 8
20 24
20 5
20 31
20 28
20 33
20 23
20 22
20 27
20 2
20 10
20 6
20 19
20 4
20 12
22 27
22 10
22 9
22 6
22 7
22 19
22 4
22 12
22 21
23 22
23 1
23 7
23 19
23 21
24 31
24 28
24 23
24 27
24 1
24 9
24 6
24 4
25 33
25 22
25 27
25 2
25 10
25 9
25 6
25 7
25 4
25 12
26 30
26 32
26 14
26 17
26 24
26 25
26 23
26 22
26 2
26 10
26 13
26 7
27 2
27 10
27 1
27 9
27 7
27 19
27 4
28 2
28 10
28 13
28 6
28 19
28 4
28 21
29 30
29 14
29 17
29 24
29 3
29 5
29 16
29 31
29 28
29 23
29 22
29 9
29 13
29 12
30 20
30 18
30 17
30 24
30 25
30 33
30 22
30 9
30 6
30 19
30 12
30 21
31 28
31 33
31 23
31 27
31 2
31 1
31 13
31 6
31 7
31 4
32 3
32 25
32 31
32 23
32 22
32 10
32 1
32 9
32 7
33 23
33 22
33 27
33 10
33 9
33 13
33 4
33 21
