27 112
0 3
0 4
0 7
0 24
0 2
0 10
0 5
0 15
0 8
1 20
1 10
1 5
1 8
3 1
3 23
3 10
4 23
4 7
4 13
4 10
4 5
4 15
5 15
6 24
6 10
7 13
7 2
7 8
9 7
9 21
9 15
9 8
11 23
11 21
11 13
11 24
11 20
11 5
11 8
12 1
12 24
12 10
12 8
13 24
13 15
14 24
14 2
14 5
14 15
16 17
16 11
16 23
16 2
16 8
17 14
17 22
17 6
17 9
17 7
17 2
17 15
18 16
18 26
18 11
18 12
18 25
18 4
18 9
18 13
18 10
18 5
19 18
19 14
19 4
19 23
19 20
19 2
19 10
19 15
20 2
20 5
20 15
21 20
21 15
21 8
22 9
22 21
22 13
22 2
22 10
23 13
23 15
23 8
24 2
24 8
25 3
25 22
25 6
25 21
25 10
25 15
26 11
26 25
26 0
26 3
26 22
26 1
26 7
26 20
26 2
26 5
26 8
