35 290
0 8
0 13
0 15
0 14
0 20
0 7
1 22
1 3
1 8
1 13
1 15
1 30
1 19
1 16
2 9
2 12
2 26
2 28
2 24
2 23
2 0
2 3
2 13
2 15
2 30
2 19
2 16
2 20
2 7
3 8
3 13
3 15
3 30
3 19
3 7
4 34
4 24
4 11
4 0
4 22
4 3
4 19
4 16
4 7
5 27
5 4
5 28
5 23
5 33
5 25
5 3
5 13
5 15
5 19
5 16
5 14
5 20
6 32
6 2
6 31
6 12
6 5
6 29
6 24
6 23
6 25
6 1
6 0
6 22
6 3
6 8
6 20
6 7
8 13
8 15
8 30
8 17
8 16
8 14
8 20
9 12
9 27
9 29
9 34
9 21
9 33
9 11
9 22
9 8
9 17
9 16
9 14
10 6
10 9
10 27
10 26
10 29
10 4
10 34
10 28
10 21
10 11
10 1
10 22
10 8
10 13
10 19
10 17
10 20
11 25
11 1
11 0
11 8
11 15
11 17
11 16
11 14
11 20
12 5
12 27
12 4
12 34
12 21
12 23
12 11
12 0
12 3
12 15
12 16
12 14
13 17
13 16
13 7
14 20
14 7
15 30
15 19
15 17
15 16
15 14
15 20
16 7
17 16
17 20
18 31
18 27
18 26
18 34
18 28
18 33
18 11
18 0
18 22
18 3
18 30
18 19
18 17
18 14
18 7
19 17
19 14
20 7
21 23
21 33
21 11
21 1
21 15
21 19
21 17
21 14
21 20
22 3
22 8
22 13
22 19
22 17
22 16
22 14
23 11
23 25
23 22
23 3
23 19
23 17
23 16
23 14
24 33
24 22
24 3
24 8
24 30
24 19
24 17
24 14
24 20
24 7
25 1
25 3
25 13
25 16
25 14
25 7
26 29
26 4
26 23
26 11
26 1
26 0
26 22
26 8
26 13
26 15
26 17
26 14
26 7
27 29
27 24
27 33
27 1
27 0
27 19
27 14
27 20
27 7
28 24
28 21
28 23
28 11
28 25
28 0
28 22
28 8
28 13
28 15
28 16
28 20
29 28
29 33
29 1
29 0
29 8
29 13
29 30
30 17
30 20
31 12
31 34
31 21
31 33
31 25
31 0
31 8
31 13
31 14
31 20
31 7
32 18
32 2
32 31
32 12
32 5
32 29
32 4
32 28
32 23
32 33
32 25
32 1
32 3
32 7
33 25
33 0
33 22
33 3
33 13
33 15
33 17
33 16
33 14
33 20
34 28
34 23
34 33
34 11
34 1
34 0
34 22
34 8
34 19
34 16
