28 187
0 24
0 8
1 6
1 21
1 12
1 17
1 0
1 24
2 20
2 19
2 13
2 21
2 12
2 17
2 3
2 0
2 24
2 18
3 0
3 26
3 24
3 18
4 15
4 11
4 23
4 7
4 2
4 20
4 19
4 16
4 9
4 5
4 26
5 26
6 21
6 12
6 17
6 0
6 18
7 10
7 22
7 2
7 19
7 9
7 1
7 17
7 3
7 26
7 24
7 8
7 18
9 1
9 6
9 17
9 3
9 0
10 20
10 19
10 16
10 9
10 13
10 1
10 6
10 21
10 12
10 3
10 0
10 26
10 24
10 18
11 25
11 7
11 22
11 2
11 13
11 17
11 5
11 3
11 24
11 8
11 18
12 17
12 5
12 18
13 1
13 21
13 12
13 3
13 0
13 26
13 24
13 8
13 18
14 10
14 22
14 2
14 20
14 19
14 9
14 13
14 1
14 21
14 5
14 0
14 26
14 24
14 8
15 25
15 23
15 14
15 7
15 20
15 9
15 12
15 17
15 3
15 0
15 26
15 24
15 18
16 1
16 0
16 24
16 8
17 24
17 18
19 21
19 12
19 17
19 5
19 26
19 18
20 16
20 9
20 13
20 6
20 17
20 3
20 18
21 12
21 17
21 3
21 0
21 26
21 24
21 8
22 20
22 19
22 1
22 21
22 5
22 26
23 20
23 16
23 13
23 1
23 6
23 5
23 3
23 0
23 26
23 8
25 14
25 7
25 10
25 22
25 2
25 20
25 19
25 16
25 13
25 6
25 21
25 3
25 26
25 24
25 8
27 15
27 22
27 2
27 19
27 9
27 12
27 5
27 0
27 26
27 8
