34 170
1 8
1 5
1 14
1 19
1 11
1 31
2 11
2 0
3 17
3 30
3 12
3 14
3 19
3 0
4 31
5 2
5 11
6 3
6 17
6 29
6 8
6 19
6 2
6 11
6 0
7 32
7 30
7 21
7 8
7 5
7 14
7 26
7 19
7 2
8 14
8 2
8 11
8 0
9 15
9 22
9 6
9 27
9 21
9 14
9 4
10 33
10 9
10 16
10 3
10 17
10 14
10 26
10 31
11 31
12 14
12 4
13 20
13 10
13 18
13 24
13 6
13 17
13 29
13 8
13 19
13 2
13 0
14 19
15 24
15 6
15 16
15 17
15 12
15 1
15 5
15 19
15 31
16 27
16 14
16 19
16 11
16 31
17 21
17 28
17 4
17 11
18 15
18 6
18 16
18 21
18 12
18 14
18 28
18 2
19 31
20 33
20 9
20 25
20 15
20 27
20 1
20 26
20 4
20 2
20 11
20 0
21 8
21 5
21 28
21 19
22 32
22 29
22 1
22 8
22 28
22 19
22 4
22 0
23 18
23 15
23 6
23 16
23 32
23 27
23 17
23 12
23 8
23 5
23 14
23 19
23 11
23 31
24 7
24 32
24 27
24 30
24 21
24 4
24 2
25 24
25 22
25 27
25 17
25 29
25 8
25 11
25 0
26 28
26 0
27 3
27 5
27 14
27 4
29 30
29 12
29 26
29 11
30 4
30 0
32 30
32 12
32 5
33 9
33 18
33 22
33 32
33 29
33 12
33 14
33 26
