29 211
0 13
0 8
1 27
1 0
1 28
1 13
1 8
2 25
2 14
2 7
2 9
2 12
2 6
2 23
2 1
2 5
2 27
2 0
2 18
2 13
3 2
3 25
3 14
3 7
3 12
3 4
3 5
3 27
3 10
3 18
3 13
4 1
4 10
4 0
4 18
4 13
4 8
5 27
5 10
5 0
5 18
5 28
5 13
6 1
6 5
6 16
6 10
6 11
6 28
6 13
7 9
7 19
7 23
7 4
7 5
7 27
7 11
9 23
9 5
9 16
9 10
9 28
10 11
10 8
12 19
12 23
12 27
12 10
12 0
12 11
12 28
12 8
13 8
14 7
14 19
14 6
14 23
14 4
14 1
14 5
14 27
15 17
15 21
15 26
15 3
15 2
15 22
15 9
15 12
15 19
15 6
15 23
15 4
15 5
15 16
15 27
15 10
15 8
16 27
16 18
16 11
16 13
17 21
17 26
17 14
17 12
17 19
17 6
17 1
17 16
17 27
17 0
17 11
17 28
18 28
18 13
18 8
19 1
19 16
19 10
19 0
19 18
19 13
20 17
20 21
20 26
20 3
20 25
20 14
20 7
20 9
20 12
20 19
20 27
20 10
20 18
20 11
20 28
20 8
21 26
21 2
21 25
21 14
21 7
21 9
21 12
21 19
21 6
21 23
21 4
21 1
21 16
21 18
21 11
21 28
21 8
22 7
22 9
22 19
22 16
22 10
22 18
22 11
23 4
23 0
23 28
23 8
24 15
24 20
24 17
24 26
24 2
24 14
24 22
24 7
24 12
24 19
24 23
24 5
24 16
24 27
24 0
24 13
25 22
25 7
25 9
25 19
25 5
25 16
25 27
25 10
25 18
25 28
25 13
25 8
26 2
26 25
26 22
26 9
26 12
26 6
26 23
26 1
26 10
26 18
26 13
27 10
27 0
27 11
27 13
28 8
