27 169
0 19
1 5
1 26
1 24
2 7
2 1
2 8
2 0
2 19
2 26
2 24
3 22
3 2
3 23
3 10
3 13
3 16
3 14
3 8
3 24
4 16
4 1
4 8
4 5
4 0
4 19
4 26
5 26
6 11
6 17
6 25
6 12
6 2
6 18
6 10
6 7
6 4
6 16
6 1
6 8
6 5
6 0
6 26
6 24
7 14
7 0
8 5
8 19
8 26
9 12
9 3
9 18
9 23
9 13
9 7
9 4
9 16
9 19
9 26
9 24
10 13
10 7
10 4
10 1
10 14
10 5
10 0
10 19
11 9
11 3
11 18
11 23
11 10
11 13
11 0
11 19
11 24
12 2
12 23
12 10
12 13
12 16
12 5
12 0
12 19
12 26
12 24
13 1
13 26
13 24
14 0
14 26
15 11
15 17
15 25
15 12
15 3
15 10
15 13
15 7
15 14
15 8
16 1
16 14
16 5
16 19
17 22
17 2
17 18
17 16
17 8
17 5
17 19
17 24
18 23
18 13
18 7
18 1
18 14
18 8
18 19
18 26
18 24
19 26
20 21
20 15
20 6
20 17
20 12
20 18
20 13
20 4
20 0
20 19
20 26
20 24
21 15
21 18
21 23
21 16
21 1
21 14
21 19
21 26
22 18
22 7
22 4
22 16
22 1
22 14
22 5
22 19
22 26
23 13
23 4
23 16
23 8
23 5
23 0
23 24
25 3
25 22
25 10
25 13
25 1
25 14
25 8
25 5
25 24
