33 156
0 4
0 8
0 6
0 27
0 18
0 15
0 2
0 9
1 20
1 13
1 2
1 19
1 14
1 10
1 22
1 7
2 10
3 2
3 19
3 14
3 10
3 26
3 22
3 7
4 11
4 29
4 30
4 13
4 25
4 15
4 9
4 7
5 13
5 15
5 14
5 28
5 9
6 30
6 1
6 5
6 18
6 13
6 3
6 24
6 22
8 6
8 25
8 16
8 2
8 22
9 22
11 8
11 12
11 25
11 16
11 2
11 19
11 9
11 10
11 22
11 7
12 3
12 15
12 16
12 14
12 10
12 7
13 24
13 15
13 26
13 22
14 22
14 7
15 19
15 9
15 10
15 26
15 22
16 19
16 26
16 7
17 1
17 15
17 2
18 12
19 26
19 7
20 3
20 24
20 15
20 14
20 10
20 7
21 18
21 13
21 25
21 24
21 2
21 28
21 9
21 26
23 17
23 21
23 32
23 13
23 25
23 3
23 16
23 2
23 19
23 26
23 22
24 2
24 14
24 10
24 26
24 22
25 24
25 14
25 28
25 9
27 30
27 13
27 24
27 15
27 16
27 14
27 28
27 9
27 10
29 6
29 27
29 30
29 1
29 5
29 25
29 24
29 16
29 10
30 1
30 5
30 13
30 28
31 27
31 20
31 12
31 24
31 16
31 28
32 29
32 8
32 1
32 12
32 25
32 28
32 22
