30 205
0 5
0 7
0 26
1 24
1 8
1 9
1 20
1 27
1 28
1 5
1 26
2 29
2 15
2 12
2 19
2 4
2 18
2 14
2 9
2 25
3 15
3 19
3 11
3 18
3 6
3 8
3 22
3 9
3 27
3 0
3 26
3 17
4 11
4 14
4 1
4 24
4 22
4 9
4 20
4 25
4 7
4 13
5 26
5 17
6 1
6 24
6 8
6 22
6 5
6 17
7 13
7 17
8 22
8 9
8 20
8 25
8 13
8 17
9 20
9 25
9 28
10 1
10 24
10 8
10 20
10 25
10 27
10 5
10 7
10 13
10 26
11 21
11 10
11 14
11 1
11 24
11 20
11 0
11 7
11 13
11 26
12 18
12 10
12 6
12 22
12 25
12 0
12 28
12 7
12 13
12 17
13 26
14 1
14 22
14 9
14 27
14 7
14 26
14 17
15 12
15 18
15 16
15 8
15 22
15 20
15 27
15 0
15 7
16 1
16 8
16 9
16 20
16 27
16 0
16 28
16 5
16 7
18 10
18 6
18 24
18 20
18 25
18 27
18 0
18 28
18 5
18 17
19 4
19 21
19 10
19 8
19 22
19 27
19 0
19 28
19 7
19 13
19 17
20 25
20 28
20 7
20 26
20 17
21 10
21 24
21 20
21 25
21 0
21 28
21 7
21 13
22 9
22 27
22 0
22 5
22 13
22 26
22 17
23 2
23 29
23 15
23 19
23 11
23 21
23 10
23 14
23 6
23 1
23 8
23 9
23 27
23 0
23 5
23 13
23 17
24 8
24 9
24 20
24 0
24 7
24 13
25 0
25 5
26 17
27 5
27 7
27 17
28 5
28 13
28 26
28 17
29 3
29 19
29 10
29 14
29 16
29 6
29 24
29 22
29 20
29 25
29 27
29 5
29 7
29 17
