34 278
0 2
0 7
0 30
0 14
0 15
0 3
0 4
0 12
0 33
0 10
0 5
0 6
2 18
2 7
2 23
2 3
2 12
2 24
2 33
2 5
3 4
3 33
3 20
3 6
4 31
4 12
4 24
4 10
4 1
4 5
7 13
7 14
7 15
7 3
7 4
7 31
7 24
7 10
7 20
7 1
7 6
8 33
8 10
8 20
8 1
8 5
9 28
9 25
9 21
9 18
9 17
9 23
9 3
9 24
9 10
9 20
9 5
9 6
10 1
10 5
11 28
11 0
11 21
11 18
11 7
11 30
11 13
11 3
11 4
11 31
11 12
11 8
11 24
11 10
11 20
11 1
12 20
12 1
12 5
12 6
13 15
13 4
13 31
13 24
13 10
13 20
13 1
13 5
14 15
14 4
14 12
14 24
14 33
14 20
14 6
15 3
15 31
15 12
15 33
15 1
16 28
16 29
16 25
16 0
16 21
16 18
16 15
16 4
16 31
16 12
16 5
17 15
17 3
17 4
17 12
17 8
17 24
17 10
17 20
18 7
18 14
18 15
18 4
18 12
18 8
18 10
18 1
18 6
19 29
19 2
19 18
19 30
19 3
19 8
19 10
19 5
20 1
20 5
20 6
21 17
21 13
21 14
21 15
21 12
21 24
21 20
22 26
22 9
22 28
22 19
22 25
22 18
22 23
22 14
22 15
22 4
22 31
22 12
22 8
22 24
22 20
23 13
23 3
23 31
23 8
23 24
23 10
23 20
23 1
23 6
24 33
24 10
24 20
25 2
25 18
25 7
25 14
25 3
25 12
25 24
25 10
25 1
25 5
25 6
26 28
26 29
26 25
26 0
26 21
26 30
26 13
26 14
26 15
26 4
26 31
26 12
26 8
26 33
26 20
26 1
26 5
27 16
27 11
27 28
27 19
27 29
27 0
27 2
27 23
27 13
27 3
27 4
27 12
27 8
27 24
27 33
27 20
27 5
27 6
28 29
28 2
28 21
28 7
28 23
28 14
28 3
28 12
28 8
28 24
28 6
29 0
29 2
29 18
29 7
29 30
29 13
29 3
29 4
29 31
29 12
29 8
29 33
29 20
29 1
29 6
30 23
30 15
30 4
30 31
30 12
30 20
30 1
30 6
31 8
31 24
31 10
31 20
31 5
32 26
32 27
32 9
32 16
32 28
32 25
32 0
32 21
32 18
32 30
32 17
32 23
32 14
32 31
32 33
32 5
32 6
33 20
33 1
33 5
