28 100
2 26
3 12
3 5
3 1
4 2
4 1
6 20
6 15
6 8
6 9
7 23
8 4
8 11
8 18
8 13
9 12
9 11
10 16
10 12
10 27
10 11
10 26
10 0
11 18
11 7
11 0
11 5
12 4
12 11
12 18
12 0
13 23
14 25
14 27
14 4
14 7
14 13
14 5
15 8
15 27
15 18
15 26
15 23
15 5
16 4
16 11
16 26
16 23
17 14
17 9
17 12
17 11
17 5
17 1
18 13
18 26
18 5
18 1
19 22
19 6
19 8
19 9
19 11
19 0
20 16
20 12
20 18
20 5
21 16
21 12
21 7
21 13
22 14
22 6
22 8
22 4
22 0
23 5
24 22
24 25
24 3
24 16
24 27
24 2
24 7
24 0
25 6
25 3
25 16
25 12
25 4
25 2
25 13
25 0
25 23
26 23
26 1
27 18
27 7
27 0
