33 144
0 19
0 3
0 24
0 26
0 1
1 31
3 16
3 6
3 7
3 15
3 20
3 30
3 8
3 17
3 1
3 31
5 29
5 12
5 18
5 3
5 11
5 24
5 15
5 20
5 30
5 26
5 31
6 7
6 24
6 20
6 8
6 17
6 26
6 1
6 2
7 27
7 15
7 4
7 1
8 26
9 16
9 11
9 27
9 4
10 0
10 16
10 6
10 15
10 17
10 31
10 2
11 27
11 31
11 2
12 21
12 25
12 28
12 9
12 6
12 7
12 24
12 31
13 16
13 6
13 1
14 29
14 25
14 18
14 0
14 7
14 24
14 15
14 2
15 30
17 4
18 10
18 13
18 3
18 11
18 20
18 8
18 4
18 2
19 9
20 30
20 17
21 23
21 25
21 13
21 0
21 3
21 9
21 16
21 7
21 11
21 26
22 25
22 13
22 28
22 0
22 3
22 7
22 1
23 25
23 32
23 27
23 30
23 17
23 31
24 26
24 4
24 1
25 18
25 15
25 31
25 2
27 20
27 17
28 0
28 16
28 7
28 11
28 30
28 2
29 12
29 32
29 28
29 19
29 3
29 9
29 24
29 20
29 30
29 17
29 31
30 8
30 1
32 13
32 9
32 30
32 17
32 26
32 1
32 2
