35 305
0 5
0 15
0 11
0 26
0 14
0 16
0 29
1 15
1 26
1 14
1 16
1 29
2 13
2 17
2 18
2 32
2 22
2 24
2 1
2 5
2 3
2 16
3 15
3 16
4 15
4 11
4 26
4 14
4 16
4 19
4 29
4 20
5 26
5 14
5 16
5 19
6 0
6 1
6 5
6 15
6 11
6 14
6 19
6 29
6 20
7 13
7 17
7 18
7 32
7 25
7 24
7 10
7 4
7 27
7 0
7 15
7 11
7 14
7 16
7 19
7 20
8 12
8 9
8 33
8 23
8 34
8 18
8 32
8 22
8 25
8 24
8 28
8 4
8 6
8 0
8 1
8 5
8 11
8 16
8 29
9 30
9 23
9 7
9 34
9 25
9 21
9 24
9 28
9 4
9 6
9 0
9 1
9 11
9 26
9 29
9 20
10 28
10 0
10 1
10 15
10 26
10 14
10 16
10 29
10 20
11 16
11 19
12 30
12 33
12 7
12 34
12 18
12 32
12 0
12 15
12 11
12 26
12 16
12 20
13 18
13 22
13 25
13 24
13 10
13 28
13 4
13 6
13 0
13 11
13 26
13 14
13 16
13 19
13 20
14 20
15 14
15 16
15 19
15 20
16 29
16 20
17 32
17 22
17 21
17 10
17 6
17 0
17 11
17 26
17 14
17 16
17 19
18 32
18 22
18 25
18 21
18 24
18 10
18 28
18 4
18 27
18 6
18 5
18 3
18 26
18 14
18 19
19 29
21 24
21 28
21 27
21 6
21 1
21 15
21 11
21 26
21 19
21 29
22 21
22 24
22 10
22 28
22 4
22 27
22 0
22 3
22 15
22 11
22 16
23 7
23 17
23 18
23 24
23 10
23 28
23 27
23 0
23 5
23 3
23 11
23 26
23 19
23 20
24 10
24 28
24 27
24 6
24 1
24 5
24 3
24 14
24 16
24 19
24 20
25 21
25 24
25 10
25 4
25 27
25 0
25 3
25 26
25 14
26 14
26 19
26 20
27 0
27 1
27 3
27 15
27 14
27 16
27 19
27 29
27 20
28 4
28 1
28 5
28 16
29 20
30 33
30 7
30 13
30 17
30 22
30 25
30 24
30 10
30 27
30 6
30 0
30 26
30 14
30 16
30 19
31 8
31 12
31 23
31 18
31 32
31 22
31 24
31 4
31 27
31 6
31 1
31 15
31 11
31 26
31 16
31 20
32 21
32 24
32 10
32 4
32 0
32 1
32 3
32 26
32 16
32 20
33 23
33 7
33 34
33 13
33 17
33 24
33 27
33 6
33 0
33 5
33 3
33 15
33 14
33 16
33 19
34 17
34 18
34 25
34 28
34 27
34 6
34 0
34 11
34 16
