27 174
0 16
0 20
0 26
0 14
0 12
0 10
0 24
0 6
1 13
1 9
1 20
1 26
1 14
1 12
2 17
2 1
2 0
2 23
2 9
2 14
2 10
2 3
2 6
3 6
4 19
4 16
4 18
4 13
4 23
4 20
4 26
4 14
4 12
4 22
4 10
5 21
5 1
5 0
5 19
5 18
5 23
5 20
5 26
5 24
5 3
7 1
7 0
7 19
7 16
7 18
7 13
7 9
7 20
7 22
7 10
7 24
7 3
8 2
8 21
8 17
8 1
8 0
8 13
8 20
8 14
8 12
8 24
9 20
9 26
9 14
9 22
9 10
9 24
9 3
10 6
11 25
11 5
11 8
11 2
11 21
11 7
11 17
11 1
11 13
11 20
11 26
11 22
11 24
12 24
13 9
13 26
13 14
13 12
13 22
13 10
13 3
14 22
15 4
15 8
15 21
15 7
15 1
15 16
15 13
15 9
15 26
15 14
15 10
15 3
15 6
16 23
16 20
16 26
16 14
16 12
16 10
16 24
16 3
16 6
17 0
17 23
17 26
17 10
17 24
17 3
17 6
18 26
18 22
18 24
18 3
18 6
19 16
19 23
19 20
19 12
19 22
19 24
20 26
20 22
20 10
20 24
21 1
21 19
21 18
21 13
21 20
21 14
21 12
21 6
22 24
22 3
23 9
23 20
23 12
23 22
23 3
24 6
25 21
25 7
25 17
25 19
25 16
25 18
25 23
25 20
25 12
25 10
25 24
26 14
26 12
26 22
26 10
26 3
26 6
