31 255
0 29
0 5
0 9
1 13
1 27
1 20
1 0
1 29
1 26
1 9
2 21
2 4
2 16
2 1
2 5
2 26
2 9
3 22
3 18
3 24
3 25
3 19
3 12
3 30
3 15
3 21
3 4
3 10
3 17
3 23
3 1
3 13
3 27
3 20
3 0
3 5
3 26
3 9
4 10
4 17
4 1
4 8
4 13
4 20
4 0
4 6
4 29
4 5
4 9
5 26
6 26
6 9
7 15
7 2
7 21
7 23
7 0
7 6
7 29
7 5
7 26
7 9
8 13
8 27
8 6
8 29
8 26
10 16
10 23
10 13
10 27
10 20
10 0
10 29
10 5
10 9
11 3
11 19
11 12
11 7
11 30
11 2
11 17
11 14
11 23
11 8
11 27
11 20
11 0
11 29
11 26
12 7
12 30
12 2
12 4
12 17
12 23
12 8
12 27
12 0
12 5
12 26
12 9
13 20
13 0
13 6
13 5
14 16
14 1
14 8
14 27
14 6
14 29
14 26
14 9
15 4
15 10
15 17
15 16
15 23
15 1
15 8
15 27
15 20
15 0
15 29
15 5
15 9
16 23
16 1
16 8
16 27
16 20
16 0
16 29
16 5
16 9
17 23
17 1
17 8
17 13
17 27
17 5
17 9
18 25
18 19
18 30
18 15
18 2
18 4
18 23
18 20
18 6
18 29
18 26
19 7
19 30
19 4
19 17
19 1
19 0
19 6
19 5
19 26
19 9
20 0
20 29
20 26
21 4
21 10
21 17
21 14
21 23
21 1
21 20
21 0
21 6
21 29
21 26
22 18
22 19
22 12
22 15
22 4
22 10
22 17
22 14
22 16
22 1
22 8
22 27
22 20
22 26
23 1
23 27
23 20
23 6
23 29
23 5
23 9
24 25
24 19
24 12
24 30
24 15
24 2
24 17
24 14
24 23
24 1
24 27
24 20
24 0
24 29
24 26
25 19
25 12
25 7
25 21
25 4
25 10
25 17
25 16
25 23
25 27
25 6
25 29
25 5
27 0
27 5
27 26
27 9
28 11
28 3
28 22
28 24
28 25
28 19
28 12
28 30
28 21
28 4
28 10
28 17
28 20
29 5
30 21
30 14
30 16
30 23
30 20
30 29
30 5
30 26
30 9
