29 115
0 9
0 4
0 27
0 22
0 14
0 11
0 16
0 25
0 17
0 12
1 15
1 18
1 16
2 9
2 20
2 7
2 4
2 1
2 15
2 28
2 23
2 3
2 12
4 14
4 8
4 18
4 10
4 25
4 12
4 6
5 4
5 19
5 14
5 8
5 10
5 23
5 17
7 22
7 14
7 18
7 28
7 23
7 3
7 24
7 17
7 12
8 10
8 28
8 11
8 13
8 17
9 20
9 4
9 27
9 1
9 15
9 11
9 25
9 12
9 6
10 16
10 13
11 25
13 17
14 8
14 18
14 23
14 16
14 3
14 13
15 25
15 24
15 17
16 12
18 17
19 1
19 18
19 23
19 16
20 7
20 1
20 21
20 8
20 28
20 25
21 10
21 11
21 3
21 17
21 12
22 19
22 1
22 26
22 16
23 24
23 13
23 6
24 17
25 24
25 6
26 15
26 21
26 28
26 11
26 3
26 24
27 18
27 10
27 11
27 24
27 17
27 12
28 16
28 3
28 25
