34 269
0 11
0 4
0 30
0 14
0 18
0 33
0 6
0 27
0 7
0 8
0 23
1 5
1 4
1 15
1 8
1 23
2 5
2 22
2 14
2 18
2 33
2 27
2 20
2 26
2 23
3 25
3 28
3 9
3 17
3 0
3 11
3 1
3 2
3 22
3 6
3 27
3 26
3 8
3 23
4 15
4 14
4 18
4 27
4 20
4 26
4 7
4 8
5 22
5 4
5 30
5 33
5 23
6 27
6 20
6 7
7 8
9 31
9 24
9 16
9 12
9 5
9 4
9 14
9 18
9 7
9 23
10 3
10 24
10 16
10 0
10 11
10 1
10 22
10 4
10 15
10 14
10 33
10 20
10 7
11 5
11 4
11 15
11 18
11 20
11 26
11 7
11 8
12 15
12 30
12 27
12 26
12 7
12 23
13 29
13 3
13 9
13 24
13 0
13 11
13 1
13 2
13 22
13 4
13 18
13 33
13 27
13 20
13 7
13 23
14 33
14 20
14 26
14 7
14 8
15 33
15 7
15 8
15 23
16 21
16 1
16 12
16 2
16 5
16 22
16 4
16 26
17 19
17 16
17 0
17 1
17 2
17 22
17 30
17 14
17 18
17 27
17 20
17 26
17 7
18 33
18 26
18 8
18 23
19 16
19 0
19 1
19 12
19 5
19 22
19 4
19 15
19 30
19 14
19 27
19 20
19 26
21 11
21 12
21 2
21 5
21 4
21 30
21 14
21 33
21 6
21 20
21 26
21 7
21 8
22 14
22 18
22 27
22 8
24 16
24 22
24 4
24 15
24 14
24 33
24 27
24 7
24 8
25 28
25 9
25 17
25 16
25 21
25 11
25 5
25 22
25 4
25 30
25 14
25 33
25 6
25 8
26 7
26 8
27 26
27 7
27 8
28 9
28 31
28 17
28 19
28 11
28 12
28 5
28 22
28 30
28 20
28 26
28 7
28 8
29 10
29 3
29 28
29 9
29 19
29 0
29 11
29 2
29 5
29 22
29 14
29 18
29 20
29 7
29 8
30 14
30 33
30 27
30 20
30 7
30 23
31 24
31 19
31 0
31 21
31 11
31 5
31 22
31 15
31 18
31 27
31 20
31 26
32 28
32 9
32 31
32 19
32 21
32 11
32 1
32 2
32 5
32 22
32 4
32 15
32 14
32 18
32 33
32 6
32 26
32 23
33 27
33 20
33 7
33 8
