31 231
0 25
0 11
0 22
0 10
0 4
0 7
0 30
0 27
0 8
0 1
0 23
0 19
1 28
1 19
1 20
1 29
2 20
3 6
3 15
3 8
3 1
3 28
3 24
3 19
3 29
4 3
4 6
4 8
4 2
4 23
4 19
4 20
4 29
4 13
5 25
5 11
5 12
5 22
5 4
5 7
5 30
5 3
5 6
5 1
5 28
5 24
5 2
5 23
6 8
6 1
6 24
6 23
6 20
6 13
7 30
7 6
7 15
7 28
7 24
7 2
7 13
8 28
8 2
8 19
8 20
8 29
9 11
9 12
9 22
9 30
9 3
9 8
9 1
9 28
9 23
9 29
10 4
10 30
10 28
10 24
10 2
10 29
10 13
11 26
11 22
11 7
11 30
11 1
11 28
11 23
11 19
11 29
11 13
12 22
12 7
12 30
12 15
12 1
12 28
12 24
12 2
12 19
14 5
14 0
14 25
14 11
14 10
14 3
14 8
14 28
14 19
14 13
15 1
15 28
15 24
15 2
15 23
15 13
16 17
16 18
16 5
16 0
16 26
16 12
16 10
16 4
16 7
16 27
16 6
16 28
16 24
16 23
16 19
16 20
16 29
16 13
17 18
17 21
17 0
17 12
17 22
17 4
17 7
17 3
17 6
17 2
17 23
17 29
18 21
18 9
18 11
18 26
18 12
18 22
18 10
18 4
18 7
18 30
18 15
18 1
18 24
18 2
18 23
18 20
19 29
20 13
21 26
21 22
21 10
21 4
21 7
21 3
21 1
21 28
21 2
21 29
21 13
22 10
22 4
22 7
22 30
22 27
22 6
22 8
22 1
22 28
22 29
23 19
24 2
24 23
24 20
25 26
25 12
25 10
25 4
25 7
25 3
25 27
25 6
25 15
25 8
25 2
25 19
25 29
26 12
26 22
26 10
26 4
26 7
26 3
26 6
26 8
26 28
26 23
26 19
27 6
27 15
27 8
27 1
27 28
27 19
28 23
28 19
28 20
30 3
30 27
30 6
30 15
30 8
30 20
30 13
