32 242
0 18
1 16
1 31
1 29
1 6
1 14
1 20
1 13
1 0
2 7
2 16
2 31
2 30
2 25
2 19
2 10
2 29
2 6
2 14
2 9
2 20
2 13
2 18
3 8
3 29
3 6
3 24
3 9
3 20
3 13
4 7
4 1
4 12
4 30
4 3
4 6
4 9
4 20
4 13
4 0
4 18
5 26
5 7
5 16
5 30
5 25
5 19
5 21
5 6
5 24
5 9
5 22
5 13
5 28
5 0
6 24
6 9
6 20
6 22
6 13
6 28
6 0
6 18
7 1
7 12
7 16
7 31
7 19
7 3
7 10
7 27
7 8
7 29
7 23
7 24
7 11
8 29
8 20
8 22
8 11
8 0
8 18
9 20
9 22
9 13
9 28
9 0
9 18
10 8
10 29
10 23
10 24
10 13
11 0
12 31
12 19
12 3
12 10
12 27
12 29
12 6
12 9
12 13
12 11
12 0
13 28
13 0
13 18
14 9
14 22
14 13
14 11
14 0
15 5
15 17
15 2
15 4
15 7
15 12
15 30
15 19
15 27
15 29
15 24
15 14
15 20
15 22
15 28
15 0
15 18
16 19
16 21
16 27
16 23
16 6
16 14
16 20
16 22
16 28
16 11
17 26
17 4
17 7
17 12
17 31
17 19
17 27
17 8
17 29
17 24
17 14
17 9
17 20
17 13
17 28
17 0
19 21
19 8
19 23
19 6
19 24
19 9
19 20
19 22
19 13
19 11
19 0
20 22
20 11
20 0
21 29
21 23
21 14
21 9
21 20
21 22
21 28
21 11
21 0
22 28
22 11
22 0
22 18
23 14
23 9
23 20
23 22
23 11
23 18
24 13
24 11
25 21
25 27
25 29
25 14
25 20
25 22
25 0
26 2
26 12
26 16
26 25
26 21
26 27
26 8
26 29
26 6
26 24
26 20
26 0
27 8
27 29
27 6
27 24
27 13
27 0
28 11
28 18
29 14
29 9
29 13
29 18
30 21
30 27
30 29
30 6
30 14
30 9
30 20
30 28
30 11
30 0
30 18
31 30
31 19
31 3
31 27
31 29
31 23
31 6
31 20
31 28
