33 294
0 31
0 25
0 18
0 13
0 3
0 27
0 24
0 15
0 21
1 0
1 31
1 25
1 18
1 13
1 9
1 32
1 3
1 20
1 24
1 15
1 21
2 0
2 31
2 25
2 18
2 13
2 9
2 27
2 15
2 21
3 20
3 15
3 21
4 29
4 19
4 7
4 28
4 14
4 16
4 22
4 1
4 8
4 0
4 25
4 18
4 32
4 20
4 24
4 15
5 23
5 8
5 0
5 31
5 25
5 13
5 26
5 9
5 32
5 3
5 21
6 11
6 4
6 29
6 28
6 14
6 22
6 5
6 0
6 25
6 26
6 9
6 3
6 20
6 15
7 28
7 14
7 16
7 22
7 17
7 1
7 8
7 0
7 18
7 26
7 9
7 20
7 24
7 15
8 0
8 31
8 25
8 13
8 26
8 9
8 3
8 21
9 20
9 27
9 21
10 30
10 14
10 17
10 23
10 31
10 25
10 18
10 32
10 3
10 20
10 27
10 21
11 4
11 12
11 29
11 10
11 19
11 7
11 30
11 28
11 14
11 22
11 5
11 2
11 8
11 31
11 13
11 26
11 32
11 27
11 24
12 29
12 10
12 30
12 16
12 22
12 5
12 2
12 1
12 8
12 0
12 31
12 13
12 32
12 3
12 20
12 27
12 24
12 15
13 26
13 9
13 32
13 20
13 24
13 15
13 21
14 17
14 5
14 2
14 23
14 1
14 8
14 0
14 25
14 13
14 26
14 9
14 27
14 24
16 23
16 0
16 13
16 32
16 3
16 24
17 5
17 23
17 1
17 8
17 0
17 25
17 18
17 13
17 26
17 9
17 3
17 24
17 15
18 26
18 32
18 27
18 24
19 7
19 30
19 14
19 22
19 5
19 1
19 0
19 31
19 18
19 9
19 32
19 20
19 27
20 27
20 24
22 5
22 2
22 23
22 8
22 31
22 18
22 26
22 9
22 20
22 27
22 24
22 21
23 8
23 0
23 31
23 25
23 18
23 9
23 3
23 20
23 15
23 21
24 15
24 21
25 13
25 26
25 32
25 20
25 15
25 21
26 9
26 15
27 24
27 21
28 14
28 16
28 17
28 2
28 23
28 8
28 0
28 31
28 3
28 20
28 27
28 15
29 10
29 19
29 14
29 22
29 17
29 2
29 23
29 0
29 31
29 25
29 18
29 26
29 32
29 3
29 27
29 21
30 28
30 14
30 16
30 22
30 17
30 2
30 23
30 1
30 8
30 0
30 31
30 25
30 26
30 32
30 3
30 20
30 27
30 15
31 13
31 9
31 32
31 3
31 20
31 27
32 27
32 15
