33 269
1 15
1 14
1 9
1 24
1 8
1 12
1 0
1 19
2 30
2 27
2 15
2 9
2 32
2 19
3 4
3 20
3 21
3 11
3 29
3 31
3 25
3 7
3 2
3 22
3 16
3 13
3 1
3 24
3 32
3 23
3 12
3 0
4 17
4 11
4 10
4 25
4 2
4 22
4 30
4 13
4 1
4 12
4 0
5 28
5 26
5 3
5 4
5 20
5 11
5 29
5 31
5 7
5 6
5 2
5 22
5 30
5 27
5 15
5 14
5 24
5 32
5 23
5 12
6 2
6 22
6 30
6 16
6 14
6 24
6 32
6 23
6 0
6 19
7 2
7 30
7 1
7 14
7 9
7 23
7 0
7 19
8 12
8 0
8 19
9 32
9 23
9 12
9 0
9 19
10 25
10 6
10 2
10 22
10 13
10 1
10 15
10 9
10 23
10 8
10 19
11 29
11 31
11 25
11 2
11 30
11 27
11 16
11 13
11 14
11 24
11 32
11 0
13 24
13 23
13 8
13 0
13 19
14 9
14 24
14 23
14 0
14 19
15 14
15 12
15 0
16 13
16 15
16 9
16 24
16 12
16 19
17 29
17 18
17 10
17 31
17 25
17 6
17 27
17 16
17 13
17 9
17 24
17 23
17 12
17 0
18 10
18 22
18 27
18 15
18 9
18 32
18 12
18 0
18 19
20 11
20 29
20 18
20 7
20 6
20 22
20 30
20 27
20 15
20 14
20 9
20 24
20 8
20 12
20 0
20 19
21 11
21 10
21 6
21 2
21 22
21 30
21 27
21 15
21 9
21 24
21 32
21 23
21 12
21 0
21 19
22 27
22 16
22 13
22 1
22 15
22 14
22 24
22 32
22 8
22 0
23 8
24 32
24 23
24 0
25 2
25 27
25 15
25 14
25 32
25 23
26 4
26 20
26 17
26 29
26 18
26 25
26 6
26 1
26 15
26 14
26 9
26 8
26 0
26 19
27 16
27 13
27 15
27 14
27 24
27 23
27 19
28 26
28 4
28 17
28 21
28 11
28 29
28 10
28 31
28 7
28 6
28 2
28 30
28 13
28 1
28 14
28 24
28 32
28 23
28 12
29 16
29 13
29 1
29 14
29 9
29 24
29 32
29 8
29 0
30 14
30 24
30 23
30 12
31 6
31 30
31 13
31 1
31 32
31 8
31 0
31 19
32 23
32 8
32 12
