29 124
0 9
1 14
1 4
1 28
1 23
1 17
1 24
2 1
2 26
2 4
2 27
2 17
2 0
2 24
3 20
3 21
3 16
3 1
3 13
3 18
3 14
3 28
3 23
3 9
3 24
4 23
4 17
4 0
4 9
4 24
5 21
5 8
5 16
5 1
5 12
5 28
5 0
6 5
6 21
6 8
6 15
6 4
6 27
6 23
6 0
7 8
7 12
7 23
7 9
8 13
8 14
8 12
8 27
8 17
8 19
8 9
10 21
10 15
10 26
10 4
10 17
11 2
11 16
11 26
11 28
11 17
11 9
11 24
12 4
12 27
12 28
12 23
12 17
12 19
13 18
13 12
13 9
14 12
14 19
15 16
15 26
15 9
16 12
16 24
17 0
18 12
18 0
18 24
20 6
20 5
20 2
20 21
20 1
20 13
21 15
21 1
21 13
21 18
21 23
21 9
22 6
22 5
22 10
22 25
22 15
22 14
22 9
22 24
23 19
25 15
25 1
25 18
25 12
25 4
25 28
25 23
26 13
26 27
26 23
26 17
26 9
27 23
27 0
28 17
