31 138
0 30
0 11
0 24
1 7
1 20
1 30
1 11
1 14
1 10
2 28
2 26
2 0
2 9
2 14
2 23
3 10
4 11
5 3
6 9
6 14
6 24
7 0
7 30
7 4
7 11
7 14
7 23
7 24
8 1
8 18
8 15
8 0
8 6
8 5
8 3
8 14
8 23
8 10
9 27
9 14
9 16
9 24
11 5
11 14
11 23
12 2
12 28
12 1
12 30
12 11
12 5
12 3
12 27
13 19
13 22
13 21
13 18
13 26
13 6
13 11
14 23
14 10
15 5
15 27
15 24
17 28
17 21
17 9
17 5
17 23
17 10
18 15
18 0
18 3
18 27
18 24
19 8
19 28
19 1
19 7
19 15
19 26
19 6
19 3
19 27
20 6
20 4
20 3
20 23
20 16
21 26
21 30
21 9
21 11
21 5
21 3
21 27
21 14
21 23
22 2
22 1
22 15
22 0
22 4
22 5
22 27
22 14
22 23
22 16
25 13
25 12
25 29
25 22
25 8
25 7
25 26
25 6
25 27
26 6
26 9
26 16
27 14
28 1
28 20
28 9
28 5
28 14
28 23
28 24
29 2
29 26
29 0
29 9
29 11
29 5
29 14
30 6
30 14
