34 183
0 28
0 7
0 6
0 12
0 14
0 17
0 29
0 22
0 3
1 23
1 0
1 28
1 7
1 12
1 18
1 10
1 16
1 21
1 20
1 26
1 19
2 13
2 20
2 33
4 31
4 1
4 24
4 11
4 14
4 18
4 16
4 13
4 3
4 20
5 28
5 25
5 15
5 16
5 13
5 20
5 26
5 33
6 25
6 18
6 17
6 29
6 21
6 3
6 26
6 19
7 25
7 20
7 33
8 28
8 17
8 13
8 19
9 7
9 29
9 22
9 27
9 3
9 26
10 32
10 29
10 13
10 21
10 3
11 6
11 12
11 18
11 21
11 3
12 14
12 10
12 29
12 22
12 27
12 20
12 33
12 19
13 20
13 26
13 33
14 15
14 17
14 2
14 29
14 13
14 21
14 26
14 33
14 19
15 2
15 29
15 13
15 21
15 3
16 2
16 22
16 13
17 29
17 22
17 3
17 33
18 15
18 10
18 17
18 29
18 26
18 33
20 26
20 33
20 19
21 33
21 19
22 27
22 26
23 24
23 30
23 9
23 12
23 14
23 15
23 13
23 26
23 33
24 18
24 15
24 32
24 29
24 22
24 13
24 20
24 26
25 18
25 10
25 32
25 17
25 29
25 26
26 33
26 19
27 26
27 19
28 7
28 6
28 25
28 18
28 16
28 32
28 17
28 2
28 22
28 21
28 27
29 3
29 33
29 19
30 7
30 6
30 14
30 18
30 15
30 22
30 3
30 19
31 30
31 6
31 25
31 14
31 18
31 10
31 17
31 21
31 26
31 33
32 17
32 29
32 22
32 3
32 26
32 33
