33 166
0 1
0 2
0 25
2 25
3 0
3 17
4 19
4 23
4 12
4 14
4 1
4 17
5 9
5 7
5 11
5 4
5 28
5 23
5 26
5 13
5 12
5 21
5 25
6 4
6 24
6 26
6 3
6 17
7 15
7 11
7 30
7 19
7 13
7 3
7 1
8 22
8 18
8 29
8 20
8 30
8 19
8 28
8 26
8 0
8 1
8 17
9 19
9 24
9 14
9 3
9 1
9 25
10 6
10 30
10 19
10 28
10 23
10 26
10 13
10 1
10 17
10 21
11 16
11 4
11 24
11 28
11 14
11 3
11 1
12 17
12 25
13 0
14 0
15 24
15 28
15 13
15 0
15 2
16 6
16 24
16 26
16 1
18 16
18 20
18 10
18 4
18 17
19 23
19 0
19 1
19 2
19 25
20 10
20 6
20 13
20 12
20 1
20 2
22 7
22 15
22 28
22 23
22 12
22 3
22 1
22 17
22 25
23 26
23 13
23 12
23 21
24 28
24 13
24 12
24 3
24 1
24 17
24 21
26 12
26 14
26 3
26 1
26 17
26 2
26 21
27 32
27 15
27 11
27 10
27 6
27 4
27 24
27 28
27 3
27 0
27 1
27 2
28 0
28 1
28 17
28 2
28 21
29 16
29 6
29 4
29 30
29 28
29 26
29 13
29 0
29 17
30 19
30 1
31 29
31 4
31 0
31 2
31 25
32 15
32 10
32 19
32 28
32 14
32 0
32 1
32 2
