31 156
0 18
0 9
0 29
0 15
0 30
0 21
0 25
0 12
0 14
0 22
0 11
1 5
1 23
1 30
1 27
2 4
2 0
2 18
2 6
2 9
2 21
2 25
2 8
2 24
2 22
2 3
3 11
4 20
4 0
4 18
4 5
4 6
4 29
4 23
4 21
4 14
4 11
5 6
5 17
5 19
5 9
5 29
5 30
5 27
5 12
5 14
5 22
6 15
6 30
6 27
6 25
6 8
6 3
6 11
8 24
8 22
8 11
9 29
9 27
9 22
10 1
10 13
10 16
10 17
10 29
10 21
10 14
10 3
12 14
13 16
13 19
13 30
13 25
13 8
13 11
14 22
14 11
15 21
15 12
15 14
15 3
15 11
16 17
16 19
16 9
16 29
16 15
16 8
16 24
16 14
17 26
17 21
17 27
17 8
17 12
17 14
18 16
18 6
18 17
18 29
18 15
18 8
18 24
18 14
19 29
19 27
19 24
19 7
19 12
19 14
19 3
19 11
20 0
20 13
20 5
20 17
20 19
20 9
20 29
20 15
20 24
20 7
20 14
20 22
20 11
21 25
21 8
21 22
22 3
22 11
23 30
24 14
24 22
26 27
26 14
27 8
27 7
28 10
28 0
28 18
28 9
28 29
28 21
28 24
28 7
28 22
28 3
29 15
29 23
29 25
29 7
29 22
29 3
30 24
30 12
30 11
