28 113
0 17
0 2
0 19
1 17
1 5
1 15
1 9
2 15
3 5
3 2
3 24
3 6
3 15
3 9
5 2
5 8
6 8
7 12
7 20
7 22
7 3
7 11
7 10
7 5
7 21
7 4
7 2
7 24
7 6
7 9
8 15
10 17
10 19
10 9
11 15
12 26
12 3
12 17
12 27
12 24
12 19
13 0
13 10
13 2
13 24
13 19
14 6
15 9
16 26
16 17
16 14
16 8
17 27
17 24
17 15
17 9
18 3
18 21
18 27
18 24
18 19
18 14
18 8
19 14
19 8
19 9
20 1
20 5
20 21
20 24
20 19
20 15
21 27
21 2
22 0
22 3
22 5
22 4
22 14
22 6
22 8
22 15
23 26
23 0
23 10
23 5
23 14
24 19
25 16
25 26
25 13
25 3
25 11
25 21
25 27
25 4
25 2
25 15
25 9
26 18
26 22
26 3
26 10
26 21
26 4
26 14
26 8
26 15
27 4
27 24
27 19
27 14
27 6
