33 247
0 3
0 13
0 26
0 4
0 12
0 21
0 29
0 22
0 9
0 28
0 23
0 27
0 25
0 24
0 20
0 6
1 13
1 9
1 18
1 32
1 25
1 15
1 24
1 10
1 20
1 6
1 31
2 14
2 0
2 19
2 3
2 13
2 26
2 5
2 18
2 28
2 11
2 17
2 27
2 32
2 25
2 15
2 20
2 31
3 1
3 13
3 4
3 7
3 22
3 9
3 11
3 23
3 32
3 15
3 24
3 10
3 6
4 7
4 30
4 29
4 22
4 18
4 23
4 27
4 15
4 24
4 10
4 31
5 30
5 9
5 18
5 28
5 23
5 27
5 24
5 10
5 6
5 31
6 31
7 30
7 29
7 18
7 28
7 11
7 17
7 23
7 27
7 32
7 10
7 31
8 3
8 16
8 13
8 26
8 7
8 5
8 21
8 9
8 18
8 28
8 11
8 17
8 27
8 31
9 18
9 11
9 32
9 24
9 10
9 6
9 31
10 6
11 23
11 25
11 15
11 24
11 10
11 20
11 31
12 30
12 29
12 18
12 11
12 23
12 27
12 32
12 15
12 6
12 31
13 26
13 21
13 9
13 18
13 11
13 23
13 27
13 15
13 20
14 8
14 19
14 16
14 5
14 21
14 30
14 18
14 15
14 10
14 6
15 24
15 31
16 1
16 13
16 4
16 5
16 12
16 29
16 22
16 18
16 11
16 23
16 27
16 32
16 15
16 10
16 6
16 31
17 23
17 32
17 25
18 11
18 17
18 27
18 32
18 15
18 24
18 10
18 6
18 31
19 13
19 26
19 7
19 9
19 25
19 15
19 6
20 6
21 30
21 29
21 28
21 17
21 23
21 27
21 32
21 6
21 31
22 9
22 11
22 17
22 25
22 10
22 6
22 31
23 27
23 15
23 24
24 10
25 15
25 10
25 6
26 5
26 30
26 22
26 11
26 17
26 27
26 25
26 15
26 24
26 20
26 31
27 25
27 20
27 6
28 17
28 23
28 25
28 15
28 24
28 6
28 31
29 18
29 28
29 23
29 32
29 15
29 24
29 10
29 6
30 25
30 15
30 10
30 6
32 25
32 15
32 24
32 6
32 31
