33 162
0 25
0 10
0 30
0 29
0 27
0 26
0 8
0 5
0 15
0 22
3 23
3 32
3 14
3 11
3 30
3 29
3 27
3 1
3 8
3 6
3 28
3 15
3 2
4 7
4 10
4 29
4 31
4 1
4 8
4 6
4 9
4 12
4 2
5 28
5 15
5 22
5 12
6 28
6 15
7 10
7 30
7 18
7 1
7 8
7 9
7 2
8 20
8 15
8 19
8 12
10 26
10 31
10 5
10 22
11 25
11 7
11 10
11 30
11 29
11 6
11 15
12 2
13 17
13 4
13 25
13 7
13 18
13 31
13 15
13 22
14 29
14 26
14 18
14 20
14 15
14 12
15 9
15 2
16 0
16 14
16 26
16 31
16 12
17 16
17 25
17 30
17 1
17 8
17 15
17 2
18 6
18 15
18 2
19 2
20 19
21 23
21 13
21 17
21 32
21 0
21 4
21 30
21 29
21 26
21 18
21 31
21 8
22 9
22 2
23 17
23 14
23 26
23 20
23 12
23 2
24 23
24 16
24 14
24 25
24 7
24 30
24 29
24 5
24 19
24 2
25 7
25 31
25 6
25 28
25 19
25 9
26 28
26 22
26 19
26 2
27 31
27 8
27 5
27 28
27 19
27 12
29 27
29 18
29 1
29 8
29 22
30 29
30 27
30 31
30 1
30 28
30 15
30 2
31 6
31 22
31 2
32 10
32 29
32 1
32 15
32 22
32 12
