27 101
0 1
0 16
0 3
0 8
0 17
0 10
1 24
1 23
1 26
1 9
1 21
2 11
3 26
3 6
3 14
3 18
3 22
3 10
3 11
3 9
4 7
4 6
4 14
4 17
4 19
4 11
5 11
6 17
6 25
6 19
6 21
7 6
7 22
7 2
7 11
8 14
8 18
8 25
8 19
8 10
8 21
10 9
12 10
13 9
14 25
14 10
15 1
15 16
15 24
15 23
15 14
15 17
15 18
15 25
15 22
15 5
15 10
15 21
16 23
16 8
16 7
16 14
16 12
16 25
16 22
16 10
16 13
16 11
17 22
17 5
17 2
18 25
18 13
18 2
18 11
19 5
19 13
19 11
20 0
20 3
20 14
20 12
20 25
20 19
20 5
20 21
22 9
23 14
23 12
23 18
23 19
23 22
23 11
24 3
24 14
24 12
24 5
24 9
25 5
26 7
26 5
