29 209
0 20
0 24
0 12
0 11
0 13
0 7
0 16
0 21
0 23
0 10
0 4
0 25
1 19
1 2
1 9
1 13
1 21
1 23
1 25
1 3
2 24
2 8
2 7
2 16
2 23
2 4
2 3
4 3
5 1
5 17
5 20
5 24
5 8
5 9
5 26
5 7
5 16
5 23
5 10
5 4
6 18
6 28
6 5
6 1
6 19
6 0
6 12
6 11
6 8
6 9
6 13
6 7
6 21
6 23
6 22
6 25
6 3
7 23
7 10
7 4
7 3
8 26
8 7
8 21
8 23
8 22
8 4
8 3
9 13
9 7
9 16
9 21
9 23
9 22
9 10
9 4
9 25
9 3
10 4
10 3
11 8
11 26
11 21
11 22
11 10
11 4
11 25
11 3
12 11
12 8
12 9
12 13
12 7
12 16
12 21
12 4
12 3
13 7
13 16
13 22
13 3
14 0
14 12
14 11
14 16
14 4
14 25
15 27
15 28
15 17
15 20
15 12
15 8
15 9
15 26
15 13
15 7
15 16
15 21
15 22
16 23
16 4
17 14
17 2
17 24
17 12
17 8
17 9
17 13
17 23
17 22
17 4
17 25
17 3
18 27
18 1
18 19
18 14
18 20
18 2
18 8
18 9
18 26
18 13
18 16
18 21
18 10
18 4
18 25
19 14
19 20
19 2
19 12
19 9
19 13
19 16
19 23
19 4
19 25
19 3
20 8
20 9
20 7
20 21
20 22
20 10
20 4
20 3
21 10
21 4
21 25
21 3
22 4
22 25
23 4
23 25
24 9
24 7
24 23
24 3
26 13
26 16
26 23
26 22
26 10
26 25
26 3
27 1
27 14
27 0
27 20
27 12
27 13
27 7
27 21
27 22
27 4
28 5
28 1
28 14
28 20
28 2
28 24
28 12
28 11
28 26
28 7
28 23
28 25
