34 287
0 17
0 9
0 21
0 25
0 23
1 21
1 25
2 4
2 32
2 0
2 17
2 9
2 1
2 3
2 21
2 19
4 15
4 32
4 10
4 0
4 17
4 29
4 21
4 25
4 23
4 19
5 2
5 4
5 15
5 17
5 9
5 25
5 23
5 19
6 16
6 33
6 22
6 27
6 8
6 26
6 5
6 14
6 0
6 17
6 9
6 3
6 25
7 12
7 6
7 28
7 33
7 22
7 18
7 26
7 32
7 10
7 0
7 29
7 3
7 21
7 19
8 18
8 26
8 20
8 14
8 15
8 0
8 9
8 29
8 1
8 21
8 23
9 29
9 1
9 3
9 25
9 23
10 0
10 9
10 21
10 23
10 19
11 22
11 8
11 18
11 5
11 14
11 15
11 32
11 10
11 0
11 17
11 29
11 3
11 21
11 23
11 19
12 11
12 20
12 15
12 32
12 10
12 0
12 9
12 29
12 25
13 7
13 28
13 8
13 5
13 2
13 4
13 17
13 9
13 29
13 1
13 25
13 19
14 2
14 4
14 10
14 9
14 29
14 3
14 25
14 23
14 19
15 32
15 0
15 17
15 29
15 3
15 25
15 23
15 19
16 33
16 11
16 18
16 26
16 5
16 20
16 14
16 32
16 0
16 9
16 1
16 21
16 25
16 19
17 1
17 21
17 23
18 26
18 2
18 15
18 0
18 29
18 1
18 21
18 25
18 19
20 14
20 32
20 29
20 1
20 25
20 19
21 25
21 23
22 5
22 14
22 2
22 4
22 15
22 32
22 10
22 0
22 3
22 21
22 25
22 23
22 19
23 19
24 16
24 11
24 22
24 27
24 8
24 18
24 5
24 20
24 14
24 32
24 17
24 1
24 3
24 25
24 23
24 19
26 20
26 4
26 15
26 32
26 29
26 3
26 25
26 19
27 26
27 14
27 15
27 10
27 21
27 23
27 19
28 24
28 33
28 11
28 22
28 8
28 18
28 26
28 2
28 15
28 10
28 0
28 17
28 9
28 29
28 3
28 23
29 1
29 23
30 28
30 24
30 33
30 27
30 18
30 5
30 32
30 10
30 17
30 9
30 3
30 25
31 13
31 12
31 6
31 30
31 28
31 16
31 11
31 22
31 27
31 8
31 18
31 26
31 5
31 20
31 14
31 4
31 15
31 10
31 0
31 17
31 29
31 1
31 21
31 25
32 10
32 17
32 29
32 21
32 25
32 23
33 22
33 8
33 26
33 14
33 15
33 32
33 0
33 17
33 9
33 3
33 25
33 23
33 19
