29 103
0 21
0 13
0 19
0 25
0 22
0 2
0 12
0 24
1 22
1 17
2 28
2 17
2 12
2 20
3 8
3 18
3 2
3 28
3 7
3 24
3 20
4 0
4 9
4 2
4 28
4 16
4 10
4 12
5 27
6 28
6 16
7 20
8 19
8 23
8 10
9 2
9 15
9 16
9 27
9 7
9 12
10 5
10 24
11 4
11 1
11 15
11 24
11 20
13 1
13 19
13 25
13 6
13 10
14 1
14 9
14 28
14 16
14 10
14 7
15 16
15 17
15 27
16 17
16 27
16 7
17 27
17 24
18 2
18 10
18 17
19 9
19 25
19 22
19 26
19 2
19 28
19 16
19 12
19 20
21 13
21 22
21 16
21 10
21 20
22 2
22 15
22 10
22 5
23 6
23 5
23 27
23 20
25 26
25 10
25 17
25 27
26 2
26 5
26 27
26 7
27 7
27 12
28 7
