35 192
0 25
0 12
0 31
0 4
0 10
0 11
1 14
1 5
1 15
1 13
2 33
2 6
2 26
2 5
2 15
3 7
3 25
3 27
3 19
3 31
3 4
3 28
3 24
3 6
3 1
4 10
4 26
4 5
5 15
6 5
6 13
7 30
7 25
7 9
7 27
7 29
7 33
7 4
7 8
7 34
7 26
8 34
8 11
8 15
9 29
9 2
9 31
9 4
9 28
9 10
9 34
9 18
9 6
9 21
9 15
9 13
10 1
10 5
10 15
11 1
11 14
11 15
12 28
12 24
12 34
12 18
12 11
12 1
12 26
12 14
12 21
12 13
14 21
15 13
16 17
16 19
16 28
16 20
16 10
16 11
16 21
16 5
17 12
17 28
17 10
17 34
17 18
17 1
17 21
17 15
17 13
18 6
19 33
19 12
19 28
19 34
19 11
20 10
20 18
20 1
20 26
20 21
20 5
20 15
21 15
22 27
22 29
22 23
22 2
22 17
22 33
22 24
22 10
22 18
22 15
23 12
23 31
23 8
23 5
23 15
24 20
24 34
24 18
25 9
25 33
25 4
25 26
25 14
26 5
26 13
27 29
27 19
27 31
27 34
27 26
28 10
28 1
28 13
29 23
29 2
29 17
29 19
29 33
29 31
29 20
29 34
29 11
29 26
29 13
30 9
30 22
30 27
30 29
30 33
30 31
30 4
30 20
30 18
30 6
30 1
30 21
30 15
31 4
31 8
31 24
31 10
31 6
31 1
31 26
31 14
31 21
32 7
32 25
32 22
32 29
32 28
32 24
32 34
32 11
32 14
33 31
33 4
33 28
33 24
33 20
33 34
33 6
33 14
33 15
34 18
34 11
34 1
