35 186
0 32
0 24
0 18
0 16
0 34
1 8
1 23
2 27
2 0
2 28
2 4
2 15
2 3
2 16
2 10
2 34
3 14
3 10
3 8
3 23
3 34
4 3
4 10
5 11
5 17
5 25
5 28
5 15
5 1
5 16
6 20
6 7
6 2
6 25
6 28
6 29
6 1
6 24
6 10
6 8
6 19
6 23
6 34
7 27
7 25
7 28
7 18
7 8
7 34
9 32
9 25
9 28
9 29
9 18
9 8
9 19
10 8
10 19
10 34
11 12
11 30
11 26
11 6
11 20
11 27
11 32
11 28
11 29
11 3
11 8
11 19
12 31
12 13
12 6
12 9
12 2
12 4
12 3
12 24
12 14
13 6
13 7
13 2
13 25
13 28
13 1
13 14
13 16
13 19
14 18
14 34
15 18
15 16
15 10
15 8
15 19
16 10
16 8
16 34
17 27
17 0
17 18
17 8
17 19
17 23
18 10
18 23
20 27
20 28
20 29
20 4
20 14
20 18
20 16
21 9
21 27
21 0
21 32
21 28
21 29
21 10
22 5
22 26
22 13
22 25
22 29
22 15
22 1
22 3
22 24
22 18
22 23
24 18
24 16
24 19
25 3
26 13
26 6
26 20
26 9
26 17
26 2
26 27
26 25
26 3
26 16
27 15
27 3
28 14
29 16
29 19
30 7
30 27
30 25
30 4
30 3
30 24
30 10
31 26
31 7
31 2
31 0
31 25
31 28
31 4
31 1
31 18
31 10
31 8
31 23
32 25
32 28
32 29
32 4
32 15
32 23
33 30
33 31
33 6
33 0
33 3
33 24
33 14
33 16
33 23
33 34
