35 186
0 24
0 34
0 10
0 26
0 7
0 18
0 25
0 17
0 1
0 27
0 15
0 3
0 21
0 22
1 3
2 17
2 11
2 30
2 23
2 27
2 22
4 30
4 27
4 15
5 11
5 19
5 23
5 1
5 15
5 21
6 4
6 30
6 19
6 31
6 15
7 18
7 11
7 31
8 5
8 20
8 2
8 11
8 30
8 19
8 13
8 1
8 27
9 23
9 15
10 26
10 8
10 5
10 14
10 2
10 17
10 11
10 30
10 9
10 19
10 23
10 27
10 21
10 22
11 9
11 19
11 1
11 15
11 21
11 22
12 32
12 18
12 6
12 25
12 4
12 11
12 13
12 15
12 3
13 23
13 1
13 31
13 3
13 21
14 4
14 30
14 1
14 31
14 22
15 22
16 32
16 8
16 18
16 2
16 4
16 23
16 21
17 19
17 13
17 23
17 31
17 15
17 21
18 4
18 19
19 31
19 3
20 11
20 9
20 19
20 23
20 31
20 3
23 21
23 22
24 29
24 34
24 28
24 32
24 10
24 18
24 6
24 25
24 20
24 17
24 4
24 11
24 23
24 1
24 27
25 5
25 2
25 9
25 31
26 7
26 8
26 14
26 23
26 31
26 15
28 16
28 32
28 8
28 18
28 6
28 5
28 17
28 4
28 13
28 23
29 16
29 20
29 14
29 2
29 4
29 15
30 13
30 27
31 15
31 22
32 10
32 18
32 25
32 17
32 9
32 13
32 27
32 21
33 12
33 10
33 26
33 8
33 20
33 4
33 11
33 9
33 23
33 1
33 31
33 15
34 16
34 5
34 17
34 9
34 13
34 1
34 22
