29 112
0 17
0 1
1 25
2 12
2 22
2 7
2 16
3 11
3 13
3 20
3 15
3 0
4 24
4 22
4 26
4 9
4 7
4 15
4 8
4 25
5 16
6 15
6 5
6 16
6 17
6 1
6 25
7 17
9 15
9 17
10 6
10 9
10 8
11 14
11 18
11 22
11 10
11 6
11 26
11 23
11 7
11 8
11 5
11 25
12 19
12 26
12 9
12 0
13 28
13 4
13 18
13 22
13 23
13 7
13 16
14 24
14 22
14 10
14 6
14 15
14 8
15 0
15 25
16 1
16 25
17 1
18 19
18 20
18 24
18 22
18 10
18 23
18 15
18 0
18 1
19 17
20 24
20 26
20 23
20 7
20 15
20 16
21 12
21 28
21 24
21 5
21 0
21 17
21 25
22 9
22 7
23 15
23 5
24 23
24 0
26 9
26 15
26 8
26 16
27 21
27 28
27 14
27 19
27 22
27 17
27 1
27 25
28 14
28 19
28 24
28 16
28 17
