26 98
1 7
1 20
2 22
2 7
2 0
3 15
3 9
3 11
3 1
3 4
3 18
3 10
4 22
4 10
4 6
5 3
5 14
5 15
5 9
5 11
7 10
7 0
8 10
8 0
8 6
9 1
9 4
9 13
9 22
9 10
9 0
11 4
11 2
11 13
11 22
11 0
12 3
12 14
12 21
12 9
12 11
12 17
12 4
12 18
12 10
13 22
13 7
13 10
14 24
14 4
14 8
14 10
15 9
15 11
15 24
15 4
15 18
15 7
15 20
16 12
16 15
16 9
16 0
16 6
17 1
17 22
17 10
18 10
19 25
19 21
19 15
19 13
19 10
19 6
21 15
21 9
21 4
21 18
21 10
21 6
23 5
23 11
23 24
23 2
23 18
23 7
24 18
24 8
24 13
24 10
24 20
25 16
25 23
25 15
25 9
25 1
25 13
25 6
