32 223
0 30
0 9
0 2
0 20
0 14
1 7
1 8
1 6
1 19
1 30
1 23
1 20
1 14
2 4
2 27
2 20
2 18
3 7
3 15
3 8
3 6
3 26
3 2
3 23
3 4
3 20
4 27
4 18
5 16
5 29
5 1
5 7
5 12
5 15
5 8
5 22
5 23
5 13
6 0
6 19
6 4
6 20
6 14
7 12
7 8
7 22
7 19
7 30
7 9
7 2
7 23
7 13
7 27
7 18
7 14
8 0
8 30
8 9
8 23
8 13
8 18
8 14
9 13
9 4
9 27
9 20
9 14
10 21
10 16
10 29
10 1
10 3
10 15
10 22
10 0
10 26
10 19
10 2
10 23
10 4
10 18
11 16
11 12
11 15
11 22
11 0
11 9
11 23
11 4
11 14
12 22
12 26
12 19
12 13
12 4
12 27
12 14
13 20
13 14
15 0
15 26
15 30
15 9
15 13
15 20
16 1
16 7
16 15
16 26
16 19
16 30
16 9
16 2
16 23
16 18
16 14
17 31
17 10
17 5
17 16
17 1
17 3
17 22
17 19
17 2
17 13
17 4
17 27
17 18
19 23
19 20
20 18
21 25
21 16
21 29
21 7
21 12
21 15
21 8
21 22
21 0
21 26
21 19
21 9
21 2
21 13
21 20
21 14
22 0
22 26
22 30
22 23
22 4
22 27
23 13
23 20
24 21
24 25
24 5
24 3
24 6
24 0
24 2
24 23
24 13
24 27
24 18
24 14
25 16
25 29
25 6
25 30
25 9
25 2
25 4
25 27
25 14
26 30
26 9
26 23
26 13
26 4
26 27
26 20
26 18
26 14
27 14
28 24
28 10
28 21
28 11
28 29
28 3
28 7
28 15
28 8
28 30
28 9
28 27
28 20
28 18
29 3
29 7
29 12
29 8
29 6
29 19
29 9
29 4
29 14
30 27
30 14
31 21
31 11
31 5
31 16
31 1
31 15
31 6
31 9
31 13
31 27
31 20
