30 136
0 19
0 8
0 23
0 20
0 3
0 27
0 13
0 24
1 11
1 6
1 24
1 26
3 11
3 26
3 17
3 2
3 4
5 21
5 20
5 3
5 13
5 17
6 4
8 3
8 13
8 17
8 7
8 2
9 15
9 14
9 1
9 11
10 16
10 5
10 18
10 0
10 8
10 11
10 6
10 24
10 26
10 2
10 4
11 7
12 29
12 25
12 5
12 9
12 18
12 23
12 17
13 6
13 7
13 4
14 11
14 6
14 24
14 26
14 4
15 28
15 0
15 8
15 11
16 5
16 28
16 22
16 21
16 20
16 13
16 26
16 17
17 2
18 0
18 14
18 20
18 11
18 26
18 7
19 23
19 13
19 24
19 26
19 7
19 4
20 3
20 27
20 11
20 17
20 4
21 14
21 19
21 27
21 1
21 6
21 24
21 26
21 2
22 18
22 21
22 14
22 19
22 27
22 1
22 13
22 6
22 26
22 7
23 20
23 13
23 6
23 26
23 7
24 17
24 2
25 28
25 3
25 27
25 17
25 7
27 13
27 6
28 22
28 21
28 11
28 24
29 5
29 9
29 15
29 21
29 0
29 19
29 8
29 23
29 20
29 27
29 2
