31 134
0 19
0 13
0 21
1 20
1 23
1 28
1 16
2 3
2 30
2 16
3 30
4 8
4 24
4 9
4 20
4 2
4 3
4 30
4 17
5 0
5 3
5 30
5 17
5 21
6 18
6 3
6 26
6 30
7 5
7 18
7 11
7 24
7 19
7 22
7 20
7 15
7 29
7 3
7 17
8 1
8 2
8 3
8 30
8 13
8 17
8 21
9 29
10 12
10 7
10 6
10 4
10 18
10 1
10 15
10 27
10 17
10 21
11 25
11 20
11 29
11 23
11 2
11 3
11 26
11 21
12 7
12 5
12 8
12 24
12 19
12 25
12 9
12 29
12 23
12 2
12 16
12 21
13 17
13 21
14 19
14 15
14 2
14 28
14 21
15 2
15 26
15 30
15 17
16 21
18 8
18 14
18 19
18 22
18 29
18 23
18 17
19 1
19 16
19 21
20 29
20 26
22 13
23 27
23 3
23 26
23 30
23 16
23 13
24 19
24 22
24 25
24 1
24 9
24 29
24 23
24 28
24 3
24 26
24 13
24 17
25 2
25 3
25 16
26 21
27 26
27 30
27 16
27 13
28 3
29 28
29 3
29 16
29 21
30 13
