28 99
1 24
1 20
1 0
1 27
2 7
2 11
2 0
2 6
3 8
4 13
4 11
4 0
4 22
4 6
5 20
5 13
5 12
5 10
7 20
7 22
7 27
9 6
9 8
10 6
11 22
11 8
12 27
12 8
13 11
13 3
14 2
14 7
14 10
14 9
14 0
14 3
15 26
15 14
15 20
15 0
15 27
15 3
16 18
16 25
16 14
16 4
16 11
16 10
16 9
16 0
17 14
17 24
17 20
17 13
17 0
17 3
17 8
18 26
18 1
18 4
18 7
18 12
18 11
18 9
19 18
19 5
19 4
19 20
19 27
19 3
20 0
20 27
20 8
21 1
21 4
21 2
21 12
21 10
21 0
22 3
22 6
23 14
23 20
23 13
23 10
23 3
24 3
24 6
25 2
25 7
25 13
26 1
26 24
26 11
26 10
26 22
26 27
26 3
27 6
