33 261
0 24
0 16
0 18
0 25
0 3
0 2
0 31
0 17
0 23
0 32
1 2
1 22
1 31
1 13
1 9
1 14
1 23
1 28
1 29
1 12
1 21
2 22
2 31
2 15
2 14
2 28
2 29
2 32
2 21
3 30
3 22
3 13
3 28
3 5
3 32
3 21
4 8
4 19
4 24
4 25
4 30
4 31
4 15
4 14
4 11
4 17
4 23
4 28
4 32
5 29
6 16
6 25
6 3
6 1
6 31
6 9
6 14
6 23
6 28
6 5
6 29
6 12
6 32
7 0
7 18
7 3
7 2
7 30
7 31
7 13
7 15
7 9
7 20
7 11
7 17
7 5
7 12
7 21
8 7
8 0
8 24
8 6
8 16
8 3
8 1
8 15
8 14
8 20
8 12
8 32
8 21
9 17
9 23
9 28
9 29
9 32
9 21
10 26
10 4
10 0
10 16
10 18
10 3
10 2
10 30
10 22
10 13
10 9
10 23
10 28
10 5
10 32
10 21
11 17
11 28
11 12
11 21
12 32
13 15
13 9
13 20
13 17
13 23
13 5
13 29
13 32
14 20
14 11
14 28
14 5
14 29
14 12
15 9
15 14
15 17
15 23
15 5
15 32
15 21
16 18
16 25
16 2
16 30
16 20
16 17
16 5
16 21
17 23
17 5
17 32
17 21
18 22
18 13
18 15
18 20
18 17
18 23
18 28
18 5
18 29
18 32
19 7
19 0
19 16
19 18
19 25
19 3
19 13
19 15
19 9
19 20
19 28
19 5
19 29
19 12
19 32
19 21
20 23
20 29
20 32
20 21
22 31
22 9
22 14
22 20
22 11
22 17
22 28
22 32
23 29
24 6
24 16
24 18
24 25
24 3
24 30
24 31
24 15
24 28
24 5
24 12
25 3
25 1
25 30
25 15
25 9
25 14
25 5
25 12
25 32
25 21
26 4
26 7
26 24
26 16
26 25
26 1
26 2
26 30
26 9
26 14
26 20
26 11
26 17
26 23
26 29
27 10
27 26
27 7
27 0
27 24
27 6
27 16
27 18
27 25
27 1
27 2
27 30
27 14
27 20
27 23
27 28
27 12
28 5
28 12
28 32
29 12
29 21
30 13
30 15
30 9
30 14
30 20
30 11
30 28
30 32
30 21
31 13
31 15
31 20
31 29
