28 183
0 13
0 4
0 7
0 8
0 27
0 12
2 4
2 7
2 8
3 0
3 4
3 27
3 1
3 14
4 26
4 7
5 18
5 25
5 24
5 15
5 21
5 3
5 0
5 11
5 1
6 10
6 0
6 11
6 26
6 7
6 8
6 27
6 12
7 8
7 12
7 14
8 12
8 1
8 14
9 3
9 10
9 13
9 2
9 26
9 7
9 27
9 14
10 13
10 2
10 7
10 27
10 1
10 14
11 13
11 2
11 26
11 7
11 8
11 27
11 12
11 1
13 4
13 7
13 27
13 1
13 14
15 16
15 10
15 13
15 7
15 8
15 12
15 1
15 14
16 21
16 11
16 13
16 4
16 8
16 1
17 23
17 15
17 16
17 6
17 21
17 10
17 0
17 11
17 8
17 12
17 14
18 25
18 22
18 17
18 23
18 9
18 15
18 16
18 6
18 10
18 11
18 4
18 26
18 27
18 12
18 1
19 24
19 22
19 17
19 16
19 21
19 3
19 4
19 26
19 7
19 8
19 14
20 19
20 24
20 23
20 9
20 21
20 10
20 2
20 4
20 26
20 8
20 27
20 12
21 3
21 0
21 4
21 26
21 7
21 8
21 27
21 1
22 17
22 15
22 6
22 13
22 26
22 7
23 21
23 3
23 0
23 11
23 13
23 2
23 26
23 7
23 8
23 14
24 17
24 9
24 15
24 16
24 3
24 0
24 13
24 2
24 27
24 14
25 24
25 22
25 17
25 9
25 15
25 16
25 6
25 21
25 10
25 0
25 11
25 2
25 4
25 27
25 12
25 1
26 7
26 27
27 12
27 1
