28 188
0 4
0 12
0 10
0 5
0 27
0 19
0 13
0 8
0 21
0 23
0 15
0 22
0 18
1 11
1 27
1 19
1 13
1 8
1 24
1 21
1 18
3 27
3 19
3 13
3 8
3 6
3 24
3 21
3 16
3 14
3 2
3 17
3 15
3 22
3 18
4 3
4 5
4 1
4 19
4 9
4 8
4 16
4 14
4 22
4 18
5 11
5 19
5 13
5 9
5 8
5 24
5 7
5 2
5 23
5 17
6 24
6 16
6 14
6 2
6 15
6 22
7 15
7 22
8 6
8 24
8 21
8 14
8 2
8 15
9 6
9 24
9 21
9 16
9 14
9 17
9 18
10 11
10 19
10 9
10 24
10 21
10 7
10 14
10 23
10 17
10 18
11 27
11 8
11 6
11 21
11 16
11 7
11 23
11 17
11 15
11 18
12 3
12 1
12 11
12 27
12 19
12 9
12 6
12 21
12 16
12 14
12 23
12 17
12 15
13 9
13 24
13 21
13 16
13 2
13 17
13 15
13 18
14 15
15 18
16 7
16 2
16 15
16 18
17 22
19 13
19 9
19 8
19 6
19 24
19 17
19 22
20 26
20 12
20 1
20 19
20 9
20 8
20 6
20 24
20 23
20 22
20 18
21 14
21 2
21 15
22 18
23 15
23 18
24 16
24 7
24 23
24 17
24 15
24 18
25 3
25 1
25 11
25 9
25 8
25 6
25 24
25 16
25 14
25 17
25 22
26 10
26 3
26 5
26 1
26 16
26 7
26 14
26 2
26 23
26 15
26 22
26 18
27 13
27 6
27 21
27 16
27 7
27 2
27 23
27 17
27 15
27 22
27 18
