30 132
0 2
0 4
0 23
0 20
0 1
0 21
0 25
0 7
0 10
0 17
0 16
0 12
0 11
0 18
1 15
1 21
1 3
1 14
1 10
1 17
1 12
1 11
2 4
2 13
2 20
2 26
2 6
2 25
2 3
2 27
2 28
2 11
3 14
3 7
3 27
3 12
4 24
4 13
4 26
4 21
4 25
4 14
4 27
4 28
4 11
4 8
4 18
5 20
5 14
5 12
5 28
6 16
6 12
7 16
9 7
9 27
9 12
9 22
10 28
12 8
12 18
13 23
13 20
13 1
13 26
13 21
13 6
13 3
13 14
13 17
13 16
13 11
13 8
14 28
14 22
15 21
15 6
15 17
15 16
15 12
15 28
16 28
16 11
17 16
17 11
17 22
19 26
19 3
19 9
19 7
19 11
19 22
20 19
20 26
20 6
20 11
20 22
21 6
21 14
21 7
21 27
21 10
21 28
21 8
22 18
23 1
23 3
23 10
23 22
24 23
24 14
24 27
24 11
25 27
25 22
26 15
26 3
26 9
26 16
26 12
26 11
26 22
26 8
27 12
27 11
28 22
28 18
29 20
29 25
29 14
29 28
29 18
