35 180
0 3
0 9
0 13
0 5
0 7
1 3
1 14
2 8
2 24
2 34
2 32
2 33
2 23
2 0
2 9
2 29
2 14
3 29
3 14
3 7
4 10
4 34
4 25
4 0
6 12
6 26
6 15
6 31
6 22
6 8
6 0
6 29
6 13
6 5
8 34
8 33
8 19
8 20
8 3
8 14
9 7
10 18
10 0
10 28
10 9
10 29
10 13
11 18
11 20
11 3
12 2
12 16
12 10
12 34
12 20
12 1
12 29
12 14
12 27
13 5
13 7
14 7
15 21
15 8
15 0
15 3
15 28
15 9
15 29
15 7
16 24
16 33
16 23
16 11
16 18
16 25
16 3
16 27
16 7
17 12
17 26
17 31
17 16
17 24
17 19
17 1
17 28
17 29
17 13
17 5
17 14
18 14
18 27
18 7
19 18
19 1
19 0
19 28
19 9
19 14
19 7
20 1
20 13
20 27
20 7
21 31
21 8
21 16
21 10
21 33
21 19
21 18
21 25
21 3
21 28
22 20
22 9
23 28
24 10
24 34
24 18
24 20
24 1
24 0
24 28
24 5
24 14
25 1
25 28
25 29
25 5
25 27
26 2
26 10
26 19
26 25
26 20
26 3
26 5
26 14
28 9
28 27
29 13
30 15
30 21
30 31
30 8
30 10
30 23
30 19
30 25
30 1
30 28
30 9
30 27
31 8
31 24
31 10
31 11
31 19
31 18
31 1
31 3
31 27
32 11
32 25
32 1
32 0
32 29
32 13
33 25
33 20
33 0
33 5
33 14
34 32
34 11
34 3
34 5
34 14
