28 110
0 17
0 25
0 13
0 22
0 16
0 27
0 1
0 24
1 3
1 20
2 15
2 9
2 16
2 1
2 24
2 10
2 12
4 18
4 27
4 3
4 6
5 22
5 4
5 18
5 9
5 10
5 11
5 20
7 5
7 13
7 22
7 2
7 9
7 23
7 16
7 27
7 24
8 18
8 16
8 10
8 11
9 26
9 10
9 6
10 11
13 22
13 2
13 16
13 27
13 20
14 17
14 25
14 15
14 23
14 27
14 11
14 12
14 6
15 26
15 1
15 10
15 6
16 24
17 21
17 25
17 13
17 24
17 10
17 11
18 26
18 16
18 10
18 11
18 20
18 6
19 21
19 13
19 8
19 4
19 9
19 23
19 26
19 16
19 20
21 22
21 9
21 16
21 6
22 4
22 26
22 27
22 10
22 11
22 3
22 12
23 16
23 10
23 3
24 3
25 8
25 4
25 26
25 16
25 1
25 3
25 12
25 20
26 16
26 12
27 1
