33 166
0 30
1 20
2 18
2 16
2 14
2 15
2 21
2 29
2 25
2 32
2 1
2 26
3 32
3 12
3 9
3 26
4 5
4 30
4 26
6 20
6 28
6 30
7 18
7 14
7 27
7 11
7 20
7 0
7 26
8 18
8 15
8 31
8 32
8 20
8 28
8 9
8 30
10 29
10 27
10 11
10 3
10 19
10 32
10 6
10 0
10 4
10 30
11 25
11 3
11 13
11 0
11 4
11 9
12 9
13 12
13 4
13 30
14 15
14 17
14 11
14 22
14 0
14 4
14 28
14 5
15 29
15 3
15 0
15 28
15 9
15 26
16 23
16 29
16 25
16 19
16 32
16 13
16 6
16 0
17 10
17 11
17 19
17 12
17 28
17 9
17 30
17 26
18 23
18 15
18 10
18 31
18 3
18 19
18 13
18 6
18 28
18 9
19 32
19 6
19 0
19 4
19 5
19 30
21 29
21 11
21 31
21 19
21 6
21 4
21 9
22 32
22 1
22 12
22 20
22 9
23 15
23 11
23 3
23 19
23 1
23 12
23 9
23 5
23 30
23 26
24 2
24 8
24 7
24 16
24 14
24 11
24 25
24 3
24 19
24 32
24 0
24 4
24 5
24 26
25 31
25 12
25 26
27 11
27 19
27 1
27 13
27 0
27 4
27 9
27 5
28 9
29 25
29 22
29 13
29 6
29 20
29 4
29 5
29 30
29 26
31 13
31 0
31 4
31 30
32 28
32 9
