27 187
0 2
0 26
0 5
0 14
0 12
0 20
0 16
0 13
0 21
0 1
0 3
0 6
1 25
1 3
1 15
1 4
2 5
2 14
2 8
2 12
2 9
2 13
2 19
2 1
2 25
2 15
2 6
3 15
3 4
3 6
3 11
3 10
4 6
4 10
5 14
5 8
5 9
5 13
5 19
5 21
5 1
5 25
5 22
5 15
5 6
5 10
6 11
6 10
7 4
7 10
8 9
8 16
8 25
8 22
8 15
8 11
8 10
9 20
9 16
9 25
9 15
9 11
12 9
12 16
12 19
12 21
12 25
12 22
12 3
12 7
12 15
12 6
12 10
13 19
13 1
13 7
13 15
13 4
13 6
13 10
14 12
14 16
14 19
14 25
14 22
14 3
14 4
14 11
15 6
16 1
16 22
16 3
16 11
16 10
17 26
17 14
17 8
17 12
17 9
17 20
17 13
17 1
17 25
17 22
17 3
17 7
17 4
17 6
17 10
18 2
18 8
18 12
18 9
18 13
18 21
18 22
18 7
18 6
18 11
18 10
19 21
19 1
19 3
19 7
19 15
20 16
20 13
20 21
20 4
20 6
20 11
20 10
21 1
21 25
21 15
21 4
21 6
21 11
22 7
22 15
23 2
23 26
23 5
23 14
23 8
23 12
23 9
23 20
23 13
23 19
23 1
23 25
23 3
23 7
23 4
23 6
23 11
24 18
24 23
24 26
24 14
24 12
24 9
24 20
24 16
24 1
24 15
24 4
25 22
25 3
25 15
25 4
25 6
26 5
26 14
26 8
26 12
26 9
26 19
26 21
26 1
26 25
26 15
26 4
26 6
26 11
26 10
