32 151
1 11
1 20
2 30
2 12
2 13
2 7
3 15
3 6
3 2
3 10
3 1
3 14
3 13
3 0
4 18
4 21
4 3
4 15
4 28
4 26
4 2
4 22
4 19
4 10
4 12
4 25
4 7
4 0
5 10
5 1
5 12
6 22
6 19
6 5
6 1
6 14
6 25
6 23
8 15
8 26
8 2
8 30
8 22
8 11
8 13
8 0
9 29
9 16
9 26
9 2
9 30
9 5
9 14
9 13
9 25
9 7
10 1
10 11
10 12
10 13
10 7
11 20
11 0
12 25
12 7
13 23
14 25
14 23
14 20
14 0
15 19
15 10
15 12
15 14
15 25
15 20
15 0
16 21
16 15
16 5
16 1
16 13
16 7
16 20
17 29
17 21
17 3
17 15
17 2
17 1
17 12
17 23
17 7
18 8
18 3
18 19
18 1
18 11
18 7
18 20
18 0
19 1
19 13
19 7
20 0
21 26
21 14
22 11
22 14
22 7
23 7
23 0
24 21
24 3
24 22
24 5
24 7
25 7
25 0
26 2
26 30
26 5
26 11
26 14
26 20
27 16
27 21
27 28
27 26
27 22
27 5
27 11
27 20
28 14
29 16
29 21
29 8
29 30
29 22
29 13
30 22
30 19
30 5
31 24
31 18
31 29
31 16
31 8
31 15
31 10
31 7
