27 174
1 26
1 4
1 7
1 21
1 10
1 17
1 22
1 25
1 2
1 12
2 0
3 21
3 10
3 19
3 25
3 12
4 11
4 6
4 13
4 21
4 10
4 22
4 16
4 0
5 15
5 2
5 0
6 7
6 21
6 17
6 19
6 22
6 5
6 25
6 2
7 13
7 21
7 17
7 22
7 25
7 15
7 2
8 26
8 18
8 6
8 21
8 19
8 22
8 5
8 0
8 12
9 1
9 24
9 8
9 26
9 4
9 11
9 7
9 13
9 21
9 10
9 19
9 5
9 2
9 0
9 12
10 22
10 5
10 15
10 2
10 0
10 12
11 6
11 13
11 10
11 16
11 5
13 19
13 22
13 15
13 2
13 0
13 12
14 9
14 1
14 8
14 4
14 7
14 21
14 10
14 17
14 5
14 25
14 2
14 0
15 0
16 5
16 25
16 15
16 2
16 0
17 19
17 22
17 2
18 4
18 10
18 17
18 19
18 16
18 5
18 25
18 0
18 12
19 22
19 25
19 15
19 2
20 9
20 1
20 24
20 3
20 18
20 7
20 10
20 17
20 22
20 16
20 5
20 2
20 0
20 12
21 10
21 19
21 5
21 25
21 2
21 12
22 16
22 25
22 2
22 0
22 12
23 20
23 9
23 1
23 26
23 18
23 7
23 13
23 10
23 19
23 25
23 2
23 12
24 4
24 6
24 7
24 17
24 19
24 22
24 5
24 25
25 2
25 0
26 3
26 18
26 4
26 6
26 7
26 21
26 17
26 25
26 0
26 12
