29 136
0 13
0 23
0 10
1 12
3 24
3 11
3 20
3 22
3 23
3 10
4 16
4 15
4 12
5 8
5 16
5 27
5 24
5 12
5 20
6 21
6 18
6 5
6 17
6 25
6 16
6 13
6 3
6 7
6 12
6 20
6 22
6 23
7 10
8 26
8 7
8 12
9 21
9 14
9 5
9 17
9 26
9 13
9 1
9 24
9 20
9 22
9 2
9 10
11 22
11 10
12 23
12 10
13 3
13 12
13 23
14 4
14 17
14 16
14 0
14 13
14 15
14 3
14 24
14 11
14 7
14 20
14 2
16 3
16 24
16 2
16 10
17 25
17 3
17 24
17 7
17 2
18 5
18 8
18 16
18 13
18 1
18 24
18 7
18 12
18 2
18 10
19 28
19 18
19 17
19 8
19 26
19 13
19 27
19 7
19 20
19 10
20 23
21 19
21 18
21 14
21 8
21 16
21 1
21 3
21 24
21 7
21 12
21 10
22 23
22 10
24 11
25 8
25 0
25 1
25 27
25 3
25 24
25 10
26 16
26 13
26 11
26 12
26 22
26 23
27 15
27 11
27 22
27 2
28 5
28 17
28 26
28 0
28 13
28 3
28 12
28 20
