26 147
0 15
0 25
0 9
0 19
0 16
1 5
1 9
1 16
2 16
2 3
4 6
4 24
4 7
4 0
4 8
4 11
4 9
4 2
5 2
5 19
6 14
6 12
6 21
6 24
6 7
6 10
6 5
6 25
6 16
7 1
7 11
7 5
7 2
7 16
7 3
8 11
8 5
8 16
9 2
9 19
9 3
10 15
10 8
10 5
10 25
10 9
11 23
11 5
11 25
11 19
11 16
12 20
12 7
12 11
12 23
12 5
12 25
12 3
13 0
13 15
13 1
13 11
13 5
13 9
13 2
14 20
14 13
14 24
14 7
14 0
14 15
14 25
14 2
14 16
15 8
15 23
15 25
15 9
15 16
16 3
17 14
17 12
17 20
17 21
17 13
17 7
17 15
17 8
17 11
17 23
17 25
17 2
17 16
17 3
18 17
18 4
18 6
18 12
18 20
18 13
18 10
18 0
18 15
18 25
18 2
18 19
18 16
19 3
20 13
20 10
20 5
20 25
20 2
20 16
20 3
21 13
21 7
21 10
21 11
21 23
21 25
21 9
21 3
22 18
22 17
22 4
22 14
22 13
22 0
22 15
22 1
22 8
22 5
22 25
22 9
22 2
22 19
22 16
22 3
23 19
23 3
24 7
24 10
24 0
24 15
25 2
25 19
