30 119
1 0
2 1
2 0
3 1
4 29
4 20
4 13
4 5
4 14
4 6
4 21
4 2
5 18
5 15
5 25
5 6
5 26
6 23
6 26
7 16
7 18
7 15
7 2
7 1
8 24
8 29
8 13
8 5
8 12
8 14
8 26
9 19
9 16
9 17
9 18
9 26
10 12
10 11
10 9
10 14
10 18
10 15
10 25
10 3
11 16
11 25
11 21
11 1
12 16
12 25
12 2
13 11
13 16
13 25
13 6
13 23
13 3
13 1
13 0
14 17
14 15
14 25
14 26
14 2
16 25
16 6
16 23
16 3
16 1
17 18
17 15
17 25
17 21
17 3
17 0
18 25
18 23
18 1
18 0
19 16
19 6
19 3
20 22
20 10
20 7
20 14
20 17
20 21
20 1
21 26
21 1
22 13
22 16
22 15
22 23
22 21
22 2
22 3
23 26
23 1
24 7
24 21
24 3
25 23
25 2
25 1
25 0
27 28
27 12
27 17
27 18
27 6
27 21
27 2
28 8
28 11
28 17
28 21
29 18
