26 165
0 21
0 14
0 10
0 7
0 16
0 19
0 11
1 7
1 8
1 16
1 9
1 20
1 4
2 6
2 10
2 16
2 22
2 20
2 4
2 11
3 10
3 13
3 8
3 16
3 22
3 20
3 19
3 4
4 11
5 21
5 3
5 13
5 22
5 11
6 0
6 18
6 21
6 14
6 10
6 13
6 7
6 8
6 16
6 9
6 20
6 11
7 8
7 22
7 20
7 11
8 20
8 19
8 4
9 22
10 8
10 16
10 20
10 19
10 4
10 11
12 17
12 23
12 5
12 2
12 18
12 21
12 3
12 1
12 7
12 16
12 9
12 22
12 19
12 4
12 11
13 7
13 8
13 9
13 22
13 20
13 19
13 4
13 11
14 10
14 7
14 16
14 9
14 20
15 17
15 25
15 5
15 2
15 0
15 18
15 3
15 10
15 7
15 20
15 19
16 9
16 22
16 20
16 19
16 4
17 24
17 25
17 0
17 18
17 14
17 10
17 7
17 8
17 16
17 20
17 19
17 11
18 10
18 13
18 22
18 11
19 4
19 11
20 19
20 4
20 11
21 3
21 1
21 14
21 7
21 8
21 16
21 9
21 20
21 11
22 19
22 11
23 5
23 6
23 13
23 16
23 20
23 4
23 11
24 25
24 5
24 18
24 3
24 14
24 8
24 9
24 20
24 4
24 11
25 5
25 2
25 6
25 0
25 18
25 1
25 10
25 13
25 7
25 16
25 22
25 11
