35 295
0 22
0 26
0 2
0 18
0 6
0 19
0 17
0 34
0 11
0 15
1 20
1 8
1 26
1 13
1 29
1 27
1 12
1 6
1 19
1 34
1 11
1 28
1 15
2 13
2 18
2 27
2 12
2 6
2 17
2 10
2 11
2 15
2 5
3 30
3 32
3 23
3 16
3 1
3 8
3 26
3 13
3 29
3 17
3 10
3 11
3 25
3 15
3 5
4 24
4 16
4 0
4 13
4 18
4 6
4 19
4 17
4 34
4 11
4 28
4 25
6 19
6 11
6 25
6 15
6 5
7 20
7 22
7 26
7 2
7 13
7 29
7 27
7 12
7 19
7 34
7 11
7 28
7 25
8 2
8 13
8 18
8 6
8 19
8 17
8 34
8 10
8 11
8 28
9 21
9 4
9 32
9 7
9 20
9 22
9 8
9 26
9 18
9 12
9 19
9 15
9 5
10 28
10 25
10 5
11 28
11 25
12 17
13 18
13 27
13 12
13 19
13 17
13 28
13 15
14 21
14 30
14 23
14 16
14 20
14 13
14 18
14 6
14 19
14 28
14 15
14 5
15 5
16 1
16 7
16 20
16 8
16 13
16 27
16 12
16 6
16 19
16 17
16 34
16 10
16 11
16 28
16 15
16 5
17 34
17 10
17 11
17 15
17 5
18 27
18 12
18 19
18 10
18 11
18 28
18 25
18 5
19 17
19 34
19 10
19 15
19 5
20 26
20 13
20 29
20 6
20 17
20 11
20 15
21 3
21 30
21 24
21 16
21 7
21 22
21 13
21 29
21 27
21 12
21 6
21 17
21 34
21 15
22 26
22 2
22 13
22 18
22 29
22 27
22 12
22 10
22 11
22 25
23 16
23 7
23 0
23 8
23 26
23 2
23 29
23 12
23 19
23 17
23 34
23 11
23 25
23 15
24 16
24 7
24 20
24 0
24 22
24 8
24 13
24 29
24 27
24 6
24 19
25 15
26 13
26 12
26 17
26 15
27 12
27 6
27 34
27 10
27 11
27 28
27 25
27 15
27 5
28 25
28 5
29 27
29 6
29 17
29 34
29 10
29 11
29 28
29 5
30 32
30 24
30 16
30 20
30 22
30 8
30 26
30 2
30 18
30 27
30 12
30 6
30 34
30 10
30 28
30 15
31 33
31 30
31 24
31 23
31 1
31 22
31 26
31 13
31 18
31 27
31 12
31 10
31 28
31 25
31 15
31 5
32 24
32 23
32 16
32 12
32 17
32 34
32 11
32 28
33 4
33 16
33 20
33 13
33 17
33 10
33 11
33 28
33 5
34 11
34 28
34 25
34 15
34 5
