28 204
1 26
1 23
1 3
1 8
1 25
1 24
1 16
1 21
1 15
1 11
1 27
2 10
2 13
2 9
2 7
2 8
2 4
2 25
2 24
2 16
2 15
2 11
2 6
2 0
3 10
3 13
3 9
3 19
3 8
3 4
3 25
3 24
3 16
3 21
3 15
3 14
3 17
3 6
3 0
4 24
4 16
4 14
4 6
5 26
5 2
5 3
5 13
5 19
5 7
5 8
5 4
5 16
5 21
5 11
5 17
5 6
7 4
7 24
7 16
7 21
7 15
7 11
7 27
7 0
8 4
8 24
8 16
8 21
8 14
8 27
8 17
8 6
8 0
9 19
9 7
9 24
9 16
9 11
9 14
9 27
9 17
9 0
10 13
10 9
10 7
10 8
10 4
10 21
10 15
10 11
10 0
11 14
11 17
11 0
12 20
12 3
12 10
12 13
12 19
12 7
12 8
12 4
12 16
12 21
12 15
12 11
12 27
13 9
13 7
13 8
13 4
13 25
13 16
13 0
14 27
15 11
15 27
15 17
15 0
16 21
16 11
16 14
16 27
16 17
16 6
18 22
18 23
18 3
18 9
18 19
18 7
18 27
18 17
18 0
19 7
19 8
19 4
19 25
19 24
19 16
19 15
19 11
19 14
19 27
19 17
19 6
20 2
20 13
20 9
20 8
20 4
20 25
20 21
20 15
20 14
20 27
21 14
22 1
22 5
22 12
22 20
22 2
22 13
22 19
22 4
22 15
22 11
22 14
22 17
23 13
23 9
23 8
23 4
23 25
23 24
23 16
23 21
23 15
23 11
23 27
24 27
24 6
24 0
25 24
25 21
25 11
25 14
25 27
25 6
26 20
26 2
26 3
26 13
26 7
26 8
26 4
26 16
26 21
26 27
26 17
26 6
27 17
27 6
27 0
