28 110
0 11
0 4
0 26
1 26
2 11
2 12
2 10
3 6
3 18
3 21
3 19
3 27
3 12
3 1
4 16
5 24
5 20
5 17
5 15
5 19
5 14
5 12
5 13
5 1
6 23
6 8
6 22
6 27
6 11
6 1
7 20
7 27
7 2
7 4
7 14
7 16
8 20
8 21
8 15
8 27
8 10
9 3
9 18
9 22
9 15
9 19
9 11
9 26
10 26
11 14
11 12
11 26
12 1
13 16
14 12
14 26
15 0
15 2
15 10
15 13
17 15
17 27
17 4
17 10
17 1
18 17
18 0
18 2
18 14
18 13
19 0
19 12
20 15
20 19
20 0
20 11
20 14
20 10
20 26
20 16
21 22
21 19
21 27
21 13
21 16
22 0
22 2
22 12
22 1
22 16
23 18
23 17
23 21
23 22
23 19
23 27
23 0
23 2
23 11
23 13
24 22
24 0
24 2
24 10
25 9
25 8
25 20
25 16
27 12
27 10
