29 202
0 18
0 2
0 22
0 25
0 23
0 15
0 19
1 23
1 15
2 22
2 25
2 5
2 15
2 28
2 19
3 24
3 20
3 6
3 17
3 9
3 26
3 0
3 2
3 25
3 1
3 23
3 15
4 10
4 17
4 26
4 1
4 5
4 15
4 28
5 15
5 19
6 17
6 14
6 9
6 8
6 5
6 15
6 28
7 3
7 4
7 10
7 20
7 14
7 9
7 26
7 0
7 18
7 1
7 15
8 18
8 1
8 23
8 5
8 15
8 28
9 8
9 0
9 2
9 22
9 23
9 5
9 15
10 6
10 14
10 8
10 26
10 0
10 2
10 22
10 23
10 15
10 19
11 7
11 4
11 10
11 20
11 6
11 17
11 26
11 2
11 1
11 23
11 15
11 28
11 19
12 20
12 6
12 17
12 13
12 18
12 25
12 5
12 15
12 28
13 8
13 2
13 22
13 1
13 23
13 28
13 19
14 13
14 26
14 0
14 2
14 22
14 25
14 1
14 23
14 28
15 19
16 11
16 3
16 20
16 17
16 9
16 26
16 0
16 18
16 2
16 22
16 25
16 5
16 15
16 28
17 13
17 0
17 18
17 22
17 1
17 15
17 28
17 19
18 25
18 1
18 23
18 19
20 14
20 9
20 8
20 0
20 2
20 22
20 1
20 23
20 5
20 15
20 19
21 7
21 4
21 20
21 6
21 9
21 26
21 0
21 1
21 23
21 5
21 19
22 1
22 23
22 28
24 4
24 10
24 20
24 9
24 13
24 8
24 26
24 0
24 18
24 2
24 25
26 18
26 25
26 1
26 23
26 5
26 19
27 11
27 3
27 4
27 10
27 20
27 17
27 9
27 13
27 8
27 26
27 0
27 18
27 22
27 25
27 1
27 23
27 5
28 19
