27 180
0 2
0 23
1 4
3 19
3 15
3 17
3 20
3 5
3 6
3 21
3 1
3 9
3 4
3 23
5 9
5 2
6 10
6 21
6 9
6 2
6 23
7 15
7 17
7 20
7 5
7 6
7 21
7 4
8 19
8 7
8 17
8 20
8 6
8 21
8 9
8 2
8 23
10 21
10 0
10 4
10 2
10 23
11 14
11 3
11 8
11 20
11 6
11 21
12 14
12 3
12 8
12 24
12 19
12 17
12 5
12 6
12 21
12 9
12 4
12 2
13 18
13 14
13 26
13 3
13 8
13 24
13 16
13 7
13 15
13 20
13 5
13 6
13 21
13 1
13 9
13 4
13 2
13 23
14 26
14 3
14 24
14 7
14 15
14 17
14 20
14 6
14 21
14 2
15 20
15 10
15 1
15 9
15 23
16 5
16 6
16 9
16 0
16 4
16 2
16 23
17 21
17 9
17 0
17 2
17 23
18 12
18 11
18 14
18 8
18 19
18 16
18 7
18 15
18 20
18 5
18 6
18 10
18 1
18 9
18 4
18 2
18 23
19 17
19 20
19 10
19 1
19 4
20 6
20 10
20 21
20 1
20 0
20 4
20 2
20 23
21 9
21 0
21 2
21 23
22 13
22 25
22 18
22 12
22 14
22 26
22 3
22 8
22 24
22 19
22 16
22 15
22 17
22 20
22 5
22 6
22 10
22 2
24 19
24 7
24 15
24 17
24 20
24 10
24 1
24 0
25 11
25 14
25 26
25 3
25 24
25 15
25 17
25 1
25 4
26 19
26 5
26 1
26 9
26 4
26 23
