28 118
0 20
0 4
0 25
0 11
0 2
0 6
0 8
0 16
0 27
1 27
2 9
2 6
2 18
2 21
2 5
2 15
3 22
3 15
4 7
4 9
4 17
4 18
4 15
4 12
5 3
5 16
5 14
5 19
5 12
6 23
6 24
6 21
6 22
6 15
6 27
7 5
7 15
7 16
7 1
8 5
8 1
8 12
9 24
9 22
9 15
9 16
9 12
10 9
10 6
10 18
10 23
10 24
10 21
10 22
10 15
10 12
11 18
11 5
11 3
11 1
11 14
11 12
13 20
13 4
13 23
13 8
13 3
13 22
13 15
14 19
16 14
17 18
17 23
17 5
17 19
17 12
18 23
18 21
18 5
18 3
18 15
18 16
20 25
20 10
20 9
20 17
20 8
20 15
20 16
20 1
20 27
20 14
21 3
21 22
21 16
21 27
22 16
22 1
22 19
23 3
23 1
24 22
25 11
25 10
25 17
25 5
25 3
25 14
25 12
26 13
26 20
26 25
26 21
26 22
26 16
26 14
26 19
27 14
