34 170
0 19
0 27
0 32
0 1
0 16
0 6
0 21
0 4
0 25
0 5
1 6
1 11
1 22
1 14
2 6
2 21
2 5
3 12
3 1
3 16
3 4
3 22
3 14
3 9
4 22
6 11
6 29
6 5
7 17
7 8
7 13
7 2
7 11
7 4
7 29
7 14
8 1
8 13
8 18
8 11
8 21
8 22
10 12
10 2
10 25
10 22
11 4
11 25
12 16
12 6
12 21
12 29
12 14
13 16
13 22
13 5
15 27
15 33
15 10
15 32
15 8
15 11
15 29
15 5
16 2
16 11
16 4
16 25
17 12
17 16
17 21
17 5
18 4
18 14
18 9
19 24
19 28
19 10
19 32
19 1
19 13
19 18
19 16
19 2
19 4
19 29
19 9
20 26
20 0
20 7
20 15
20 33
20 10
20 13
20 2
20 6
20 29
21 29
21 25
22 14
23 26
23 30
23 17
23 28
23 3
23 8
23 1
23 18
23 2
23 25
23 5
24 33
24 3
24 18
24 2
24 11
24 4
24 25
24 14
26 0
26 19
26 33
26 8
26 1
26 13
26 25
26 22
27 31
27 10
27 3
27 12
27 1
27 18
27 9
28 33
28 10
28 32
28 8
28 12
28 16
28 29
28 14
28 9
30 19
30 27
30 17
30 31
30 21
30 4
30 5
31 10
31 3
31 32
31 13
31 2
31 11
31 4
31 25
31 22
32 1
32 13
32 16
32 6
32 11
32 4
32 25
33 8
33 1
33 13
33 25
