32 232
0 24
0 18
0 11
0 25
0 10
0 7
1 3
1 13
1 9
1 30
1 21
1 23
1 28
1 31
2 20
2 27
2 12
2 5
2 26
2 6
2 24
2 30
2 28
2 31
2 7
3 0
3 24
3 19
3 30
3 8
3 31
3 11
4 2
4 20
4 17
4 14
4 27
4 12
4 1
4 26
4 19
4 30
4 21
4 23
4 18
4 31
4 25
4 10
5 30
5 8
5 28
5 18
5 31
5 11
5 7
5 16
6 24
6 10
6 16
8 28
8 18
8 25
8 10
8 7
9 0
9 24
9 19
9 30
9 21
9 28
9 31
9 10
9 16
10 7
11 10
11 7
12 3
12 5
12 9
12 6
12 19
12 30
12 21
12 23
12 8
12 18
12 25
12 16
13 0
13 24
13 21
13 23
13 28
13 18
13 31
13 11
13 25
13 7
14 12
14 5
14 9
14 0
14 19
14 21
14 23
14 8
14 28
14 31
14 25
15 2
15 14
15 1
15 5
15 9
15 6
15 24
15 23
15 28
15 31
15 11
15 25
15 16
17 14
17 6
17 0
17 24
17 8
17 18
17 31
17 11
17 25
18 31
18 25
18 16
19 21
19 8
19 28
19 11
19 25
20 17
20 14
20 27
20 3
20 13
20 5
20 26
20 9
20 19
20 21
20 28
20 18
20 25
20 16
21 28
21 25
22 4
22 29
22 15
22 20
22 14
22 1
22 3
22 13
22 5
22 26
22 9
22 6
22 19
22 8
22 25
22 7
22 16
23 28
23 10
23 7
24 30
24 11
24 10
24 7
24 16
26 9
26 6
26 19
26 21
26 23
26 8
26 18
26 31
26 11
26 7
26 16
27 3
27 13
27 5
27 9
27 6
27 24
27 30
27 21
27 18
27 11
27 25
28 18
28 31
28 11
28 10
28 7
28 16
29 14
29 27
29 12
29 1
29 13
29 26
29 9
29 6
29 8
29 18
29 31
29 11
29 10
29 7
29 16
30 23
30 8
30 28
30 11
30 10
30 16
31 25
31 10
31 16
