26 152
0 13
0 22
0 14
0 10
0 20
0 2
0 6
0 21
0 11
0 5
0 18
0 3
1 16
1 0
1 22
1 8
1 14
1 2
1 12
1 11
1 18
1 25
1 3
2 12
2 6
2 21
2 11
2 18
4 2
4 12
4 21
4 5
4 18
5 18
5 3
6 5
6 18
6 25
6 3
7 1
7 16
7 24
7 8
7 14
7 4
7 10
7 20
7 15
7 12
7 6
7 21
7 5
7 18
8 12
8 21
8 11
8 25
9 16
9 0
9 13
9 14
9 4
9 15
9 2
9 11
9 5
9 18
9 25
9 3
10 12
10 6
10 21
10 5
10 25
11 18
12 18
12 25
13 10
13 2
13 6
13 18
14 2
14 6
14 11
14 5
14 18
15 2
15 12
15 21
16 24
16 13
16 22
16 4
16 15
16 12
16 6
16 21
16 5
16 3
17 7
17 16
17 19
17 8
17 4
17 2
17 11
17 25
18 25
19 8
19 4
19 10
19 6
19 21
19 11
19 5
19 18
19 25
20 2
20 21
20 11
20 3
21 11
21 18
21 25
21 3
22 8
22 15
22 6
22 21
22 11
22 5
23 9
23 16
23 24
23 19
23 20
23 15
23 2
23 21
23 18
23 3
24 13
24 22
24 19
24 10
24 20
24 12
24 21
24 11
24 18
24 3
25 3
