32 264
0 23
0 3
0 5
0 30
1 12
1 27
1 20
1 2
1 21
1 22
1 8
1 24
1 15
1 10
1 31
1 16
1 0
1 9
1 3
1 6
2 7
2 18
2 22
2 24
2 10
2 31
2 16
2 29
2 19
2 13
2 9
2 6
2 5
2 26
2 30
3 6
3 26
4 14
4 11
4 27
4 21
4 7
4 22
4 24
4 15
4 19
4 13
4 0
4 23
4 26
6 30
7 18
7 22
7 8
7 15
7 10
7 31
7 29
7 9
7 23
7 3
7 6
7 26
8 28
8 10
8 31
8 29
8 13
8 3
8 5
9 23
9 3
9 6
9 5
9 26
10 16
10 13
10 9
10 23
10 5
10 26
11 27
11 21
11 7
11 8
11 31
11 16
11 29
11 13
11 0
11 9
11 3
11 6
11 5
11 26
11 30
12 11
12 20
12 2
12 21
12 7
12 8
12 10
12 31
12 29
12 19
12 0
12 9
12 23
12 3
12 6
12 5
12 26
13 9
13 23
13 5
13 26
13 30
14 1
14 11
14 27
14 2
14 21
14 7
14 18
14 8
14 28
14 24
14 10
14 16
14 13
14 3
14 6
14 5
14 26
15 16
15 29
15 19
15 13
15 0
15 9
15 23
15 3
15 5
16 29
16 19
16 5
17 25
17 11
17 27
17 21
17 7
17 18
17 22
17 8
17 15
17 16
17 0
17 9
17 3
17 6
17 30
18 28
18 15
18 31
18 13
18 0
18 9
18 26
19 13
19 0
19 23
19 5
19 26
20 21
20 7
20 18
20 22
20 28
20 24
20 15
20 16
20 29
20 19
20 9
20 3
20 30
21 18
21 22
21 19
21 9
21 23
21 6
22 8
22 28
22 16
22 29
22 19
22 23
22 3
22 6
22 26
23 3
23 5
23 26
24 15
24 10
24 31
24 16
24 29
24 19
24 13
24 0
24 9
24 6
24 5
25 11
25 20
25 18
25 22
25 28
25 24
25 15
25 31
25 16
25 29
25 19
25 0
25 9
25 3
25 5
25 26
26 30
27 21
27 7
27 8
27 24
27 19
27 0
27 23
27 6
27 5
27 30
28 15
28 29
28 19
28 13
28 0
28 9
28 23
28 3
28 5
28 26
29 13
29 3
29 5
31 16
31 29
31 13
31 0
31 23
31 3
31 6
31 5
