27 180
0 20
0 3
1 23
1 17
1 25
1 21
1 7
1 2
1 0
1 26
1 22
1 18
2 0
2 15
2 22
4 2
4 0
4 15
4 24
4 3
5 19
5 4
5 15
5 20
5 3
6 1
6 12
6 19
6 2
6 0
6 26
6 15
6 20
6 22
6 14
7 4
7 0
7 26
7 15
7 22
7 24
7 14
7 3
7 18
8 25
8 19
8 7
8 4
8 22
8 24
8 3
8 18
9 5
9 21
9 19
9 4
9 2
9 0
9 26
9 15
9 20
9 24
9 14
9 3
9 18
10 16
10 11
10 8
10 6
10 17
10 5
10 21
10 19
10 7
10 0
10 15
10 22
10 24
10 14
11 8
11 23
11 25
11 12
11 21
11 7
11 4
11 26
11 3
12 5
12 19
12 26
12 20
12 22
12 3
12 18
13 12
13 21
13 19
13 7
13 2
13 0
13 24
13 3
14 3
15 22
15 24
15 3
15 18
16 11
16 17
16 25
16 13
16 12
16 19
16 7
16 4
16 2
16 15
16 24
16 14
16 3
16 18
17 9
17 13
17 12
17 21
17 19
17 0
17 26
17 15
17 22
17 3
19 4
19 0
19 22
19 14
19 3
20 14
21 19
21 7
21 4
21 26
21 15
21 22
21 14
21 3
22 14
22 3
22 18
23 9
23 12
23 5
23 21
23 4
23 2
23 26
23 15
23 22
23 24
23 14
23 18
24 14
24 3
24 18
25 13
25 5
25 19
25 7
25 4
25 2
25 0
25 15
25 20
25 14
25 3
25 18
26 20
26 24
26 3
26 18
