29 121
0 2
1 28
1 19
1 7
1 24
1 2
3 9
3 10
3 24
4 6
4 14
4 21
4 8
4 18
4 20
4 0
4 9
5 0
6 21
6 28
6 26
6 18
6 7
6 3
6 9
7 22
8 20
8 22
8 10
8 24
9 10
10 25
11 4
11 21
11 8
11 18
11 12
11 3
11 27
11 23
11 10
11 24
11 25
12 10
13 1
13 21
13 26
13 0
13 24
13 25
14 3
14 27
14 10
14 2
15 24
15 25
16 4
16 6
16 14
16 28
16 12
16 0
16 15
16 24
17 13
17 1
17 11
17 4
17 6
17 21
17 28
17 0
17 15
17 23
18 7
18 3
18 2
19 20
19 12
19 7
19 3
19 23
19 9
19 10
19 24
20 7
20 3
20 27
20 22
20 24
21 28
21 26
21 19
21 8
21 5
21 18
21 20
21 7
21 0
21 15
23 9
23 24
23 25
24 25
24 2
26 19
26 8
26 20
26 12
26 3
26 15
26 9
26 10
26 24
26 25
27 22
27 10
27 25
27 2
28 26
28 5
