32 247
0 5
0 26
0 30
0 18
0 22
0 11
1 25
1 8
1 31
2 23
2 14
2 24
2 5
2 28
2 13
2 26
2 30
2 25
2 22
2 16
2 11
3 23
3 14
3 24
3 7
3 6
3 5
3 28
3 13
3 26
3 30
3 18
3 4
3 8
3 11
3 10
4 16
4 8
4 11
5 28
5 26
5 30
5 4
5 16
5 11
5 10
5 31
6 29
6 5
6 28
6 13
6 26
6 30
6 25
6 4
6 22
6 16
6 8
6 10
7 0
7 6
7 5
7 28
7 26
7 30
7 1
7 25
7 22
7 16
7 8
7 10
7 31
8 11
8 31
9 5
9 13
9 15
9 30
9 1
9 25
9 4
9 31
10 31
11 10
11 31
12 3
12 14
12 24
12 9
12 7
12 0
12 6
12 5
12 26
12 30
12 18
12 1
12 25
12 22
12 8
12 31
13 26
13 1
13 4
13 16
13 11
13 10
13 31
14 24
14 9
14 7
14 6
14 29
14 26
14 16
14 8
14 11
14 10
15 18
15 1
15 25
15 4
15 22
15 16
15 31
16 8
16 11
17 3
17 14
17 21
17 9
17 7
17 29
17 28
17 15
17 30
17 25
17 4
17 22
17 11
17 10
18 1
18 25
18 22
18 8
18 10
18 31
19 27
19 12
19 17
19 3
19 14
19 21
19 29
19 5
19 15
19 26
19 25
19 22
20 12
20 23
20 9
20 6
20 28
20 13
20 15
20 26
20 30
20 25
20 22
20 10
21 29
21 5
21 28
21 15
21 1
21 25
21 8
21 11
21 10
21 31
22 16
22 11
23 14
23 21
23 7
23 0
23 29
23 28
23 13
23 30
23 18
23 25
23 4
23 22
23 11
23 10
24 29
24 13
24 15
24 30
24 18
24 1
24 25
24 8
25 4
25 22
25 16
25 31
26 30
26 1
26 16
26 10
27 2
27 9
27 0
27 5
27 28
27 13
27 15
27 18
27 1
27 4
27 22
27 16
27 11
27 31
28 13
28 15
28 30
28 1
28 25
28 4
28 22
29 28
29 13
29 15
29 26
29 30
29 4
29 22
29 16
30 18
30 22
30 16
30 11
30 31
