30 226
0 4
0 12
0 2
0 1
1 13
2 20
2 1
3 18
3 22
3 26
3 7
3 0
3 25
3 2
3 20
3 13
4 12
4 2
4 20
4 1
4 13
5 24
5 3
5 18
5 11
5 23
5 15
5 9
5 17
5 28
5 2
5 1
5 13
6 21
6 24
6 11
6 23
6 27
6 19
6 17
6 28
6 0
6 25
6 4
6 2
6 1
7 4
7 12
7 2
7 1
8 14
8 11
8 23
8 27
8 15
8 22
8 19
8 17
8 28
8 7
8 25
8 20
9 22
9 17
9 28
9 7
9 4
9 2
9 20
9 1
9 13
10 29
10 8
10 21
10 5
10 14
10 11
10 23
10 22
10 17
10 28
10 7
10 0
10 25
10 4
10 12
10 1
10 13
11 27
11 9
11 17
11 26
11 28
11 7
11 25
11 4
11 12
11 2
11 13
12 2
12 1
12 13
14 18
14 23
14 27
14 22
14 19
14 17
14 26
14 7
14 25
14 4
14 12
14 2
15 9
15 28
15 12
15 2
15 20
15 1
16 29
16 8
16 6
16 21
16 24
16 3
16 11
16 23
16 9
16 22
16 19
16 17
16 28
16 7
16 0
16 12
16 20
16 13
17 28
17 7
17 25
17 4
17 12
17 2
18 11
18 15
18 9
18 28
18 7
18 4
18 12
19 17
19 4
19 13
20 1
20 13
21 5
21 24
21 3
21 18
21 11
21 19
21 17
21 26
21 28
21 7
21 4
22 19
22 17
22 26
22 12
22 20
23 27
23 22
23 19
23 26
23 28
23 25
23 2
23 13
24 3
24 14
24 11
24 23
24 9
24 22
24 19
24 26
24 7
24 0
24 12
24 2
24 13
25 4
25 12
25 2
25 1
25 13
26 28
26 7
26 0
26 12
26 20
26 13
27 19
27 26
27 28
27 7
27 25
27 20
27 1
28 7
28 25
28 12
28 2
28 1
29 8
29 6
29 24
29 14
29 27
29 7
29 0
29 25
29 12
29 2
