28 193
0 8
0 17
0 15
0 21
0 19
1 12
1 23
1 6
1 26
1 13
1 0
1 8
1 22
1 17
1 15
1 21
2 23
2 27
2 6
2 4
2 26
2 18
2 7
2 25
2 17
2 15
2 21
3 16
3 7
3 25
3 15
3 21
3 19
4 3
4 13
4 18
4 16
4 25
4 0
4 8
4 22
4 17
5 1
5 10
5 11
5 24
5 14
5 12
5 23
5 4
5 26
5 3
5 7
5 0
5 22
5 21
5 20
6 13
6 18
6 7
6 25
6 0
6 8
6 17
6 15
7 0
7 8
7 22
7 19
8 22
8 17
8 21
8 20
8 19
9 26
9 16
9 7
9 0
9 15
9 21
9 20
10 11
10 2
10 27
10 4
10 26
10 3
10 7
10 17
10 15
11 24
11 14
11 23
11 27
11 9
11 18
11 16
11 7
11 0
11 22
11 15
11 21
11 20
11 19
12 23
12 6
12 4
12 9
12 13
12 18
12 16
12 25
12 0
12 17
12 21
13 18
13 16
13 7
13 8
13 15
13 21
13 20
13 19
14 12
14 23
14 27
14 26
14 3
14 13
14 18
14 16
14 0
14 22
14 15
14 21
15 19
16 7
16 0
16 8
17 15
17 21
17 20
18 16
18 7
18 0
18 8
18 22
18 17
18 15
18 19
21 20
22 17
22 21
22 20
23 27
23 26
23 13
23 16
23 25
23 0
23 8
23 22
23 15
23 19
24 14
24 26
24 16
24 7
24 25
24 0
24 8
24 17
24 19
25 0
25 22
25 15
26 3
26 16
26 7
26 25
26 8
26 15
26 20
27 6
27 4
27 3
27 13
27 16
27 25
27 8
27 17
27 21
27 20
