26 158
0 25
0 24
0 6
0 8
0 19
0 15
1 5
1 3
1 14
1 23
1 9
1 0
1 17
1 12
1 6
1 20
1 15
2 13
2 17
2 25
2 21
2 12
2 24
2 6
2 19
2 11
3 14
3 18
3 4
3 21
3 12
3 24
3 19
3 11
4 13
4 17
4 7
4 22
4 12
4 8
4 20
4 15
5 14
5 9
5 13
5 25
5 7
5 22
5 12
5 19
5 15
6 19
7 22
7 6
7 19
7 20
7 11
8 20
8 11
9 4
9 13
9 17
9 25
9 22
9 12
9 24
9 8
9 19
9 20
10 2
10 25
10 21
10 12
10 6
10 19
10 20
10 15
12 8
12 19
12 20
12 15
12 11
13 0
13 17
13 21
13 7
13 12
13 24
13 6
13 19
13 20
13 11
14 10
14 23
14 4
14 13
14 0
14 17
14 21
14 22
14 6
14 20
14 15
14 11
16 1
16 3
16 23
16 4
16 25
16 21
16 7
16 22
16 24
16 6
16 19
16 20
16 15
17 21
17 7
17 22
17 24
17 8
17 15
18 13
18 17
18 21
18 7
18 22
18 6
18 8
18 19
18 11
19 11
20 15
21 24
21 8
21 19
21 20
22 6
22 19
22 20
23 18
23 9
23 4
23 25
23 8
23 20
23 15
24 8
24 19
24 20
24 15
24 11
25 21
25 22
25 12
25 20
25 15
