35 184
0 32
0 4
0 33
0 28
0 27
0 23
0 20
0 29
0 1
1 2
3 1
4 15
4 30
4 13
4 12
5 29
5 12
5 2
6 11
6 19
6 33
6 15
6 23
6 20
6 16
6 29
6 1
6 2
7 19
7 34
7 27
7 30
7 13
7 5
7 3
7 25
8 26
8 32
8 7
8 11
8 31
8 27
8 16
8 13
8 5
8 29
8 25
8 12
9 33
9 15
9 29
9 2
10 11
10 9
10 33
10 28
10 14
10 30
10 20
10 13
10 5
10 3
10 29
11 9
11 34
11 33
11 14
11 27
11 20
11 13
11 25
11 1
11 12
13 5
13 29
13 25
14 27
14 23
15 27
15 13
15 24
16 13
16 5
17 6
17 32
17 9
17 14
17 16
18 17
18 31
18 19
18 4
18 34
18 33
18 28
18 27
18 30
18 16
18 5
18 29
18 24
18 12
18 2
19 28
19 27
19 20
19 3
19 24
19 1
19 12
19 2
20 3
20 12
21 32
21 7
21 19
21 9
21 30
21 3
21 29
21 25
21 2
22 26
22 18
22 0
22 32
22 31
22 9
22 34
22 33
22 14
22 3
22 12
23 20
23 16
23 5
24 1
25 24
26 0
26 10
26 21
26 19
26 34
26 33
26 15
26 23
26 12
27 30
27 23
27 20
27 24
28 30
28 13
28 5
28 29
29 12
30 16
30 3
30 12
31 9
31 15
31 30
31 23
31 20
32 19
32 34
32 23
32 5
32 29
32 24
32 1
32 2
33 28
33 30
33 13
33 29
33 25
33 24
34 15
34 23
34 20
34 13
34 5
34 3
