29 200
0 23
0 7
0 2
0 17
1 23
1 2
1 27
1 17
2 27
2 17
3 20
3 5
3 0
3 23
3 4
3 7
3 2
3 17
4 7
4 2
4 27
5 18
5 6
5 23
5 2
5 17
6 4
6 7
6 27
7 2
8 12
8 3
8 25
8 20
8 18
8 21
8 13
8 6
8 14
8 23
8 7
9 25
9 22
9 20
9 21
9 1
9 6
9 0
9 23
9 7
9 2
9 27
9 17
10 15
10 6
10 0
10 4
10 2
10 17
11 25
11 22
11 20
11 5
11 26
11 15
11 1
11 6
11 14
11 0
11 23
11 7
12 9
12 3
12 25
12 22
12 5
12 15
12 28
12 21
12 23
12 17
13 23
13 7
13 2
13 27
14 0
14 23
14 2
14 17
15 18
15 28
15 21
15 1
15 27
16 24
16 8
16 11
16 9
16 25
16 5
16 10
16 15
16 28
16 13
16 14
16 0
16 2
16 27
16 17
18 28
18 21
18 6
18 0
18 23
18 27
18 17
19 8
19 3
19 25
19 22
19 20
19 15
19 28
19 21
19 1
19 6
19 0
19 23
19 4
19 7
19 27
20 15
20 18
20 13
20 6
20 14
20 23
20 7
20 27
20 17
21 1
21 0
21 4
21 7
21 27
22 18
22 28
22 1
22 6
22 0
22 4
22 7
22 2
22 17
23 4
23 7
23 27
24 12
24 11
24 9
24 3
24 22
24 26
24 18
24 28
24 21
24 13
24 6
24 14
24 0
24 2
24 27
24 17
25 22
25 20
25 15
25 18
25 28
25 13
25 1
25 6
25 14
25 4
25 2
25 27
26 15
26 18
26 21
26 6
26 14
26 0
26 23
26 7
26 17
27 17
28 21
28 13
28 6
28 23
28 7
