34 180
0 9
0 29
0 18
0 26
1 7
2 25
2 5
2 12
2 14
2 10
3 30
3 27
3 12
3 4
3 6
3 15
3 0
3 14
3 9
3 20
3 1
4 33
4 10
4 7
5 31
5 22
5 6
5 33
5 28
6 19
6 8
6 0
6 13
6 14
6 29
6 10
6 20
6 1
6 28
6 7
6 26
8 9
8 10
8 18
8 1
8 16
9 29
9 20
9 28
10 18
10 1
10 16
11 24
11 2
11 21
11 27
11 4
11 22
11 33
11 0
11 13
11 18
11 7
12 6
12 15
12 19
12 8
12 0
12 20
13 10
13 18
13 20
13 7
14 18
15 19
15 13
15 14
15 9
15 20
15 1
15 28
15 26
17 11
17 2
17 21
17 5
17 19
17 0
17 13
17 14
17 9
17 18
18 1
18 28
19 9
19 29
19 18
19 20
19 7
19 16
20 28
20 26
21 5
21 12
21 33
21 8
21 9
21 18
21 16
21 26
22 19
22 18
22 7
23 2
23 27
23 12
23 31
23 19
23 8
23 18
23 28
23 16
24 30
24 2
24 27
24 5
24 12
24 22
24 6
24 13
24 9
24 18
24 20
24 1
24 26
25 27
25 4
25 33
25 15
25 19
25 18
25 7
25 16
25 26
27 14
27 29
27 10
27 18
27 7
27 26
28 7
28 26
29 20
29 28
29 7
30 25
30 27
30 12
30 4
30 6
30 33
30 8
30 13
30 9
30 16
31 19
31 28
31 16
32 12
32 31
32 4
32 15
32 0
32 9
32 28
33 15
33 13
33 14
33 16
33 26
