35 294
0 16
0 26
0 2
1 17
1 11
1 0
1 31
1 8
1 33
1 32
3 6
3 30
3 19
3 22
3 34
3 4
3 1
3 25
3 26
3 15
3 31
3 8
3 33
4 1
4 21
4 17
4 13
4 0
4 26
4 15
4 31
4 8
4 32
4 2
5 28
5 24
5 6
5 12
5 19
5 21
5 17
5 25
5 13
5 11
5 0
5 26
5 15
5 33
6 19
6 20
6 1
6 17
6 25
6 13
6 0
6 26
6 31
6 2
7 12
7 19
7 22
7 34
7 20
7 17
7 25
7 15
7 31
7 33
7 32
8 2
9 18
9 12
9 19
9 22
9 34
9 1
9 25
9 11
9 0
9 15
9 31
9 8
9 33
9 32
9 2
10 5
10 3
10 28
10 23
10 27
10 9
10 18
10 24
10 6
10 30
10 7
10 12
10 22
10 1
10 25
10 0
10 16
10 26
10 31
10 8
10 33
10 2
11 0
11 26
12 34
12 21
12 17
12 13
12 11
12 0
12 26
12 15
12 31
12 8
12 2
13 11
13 15
13 31
13 33
14 27
14 9
14 18
14 24
14 12
14 22
14 34
14 20
14 21
14 0
14 16
15 31
15 33
15 32
16 26
16 8
16 33
16 32
16 2
17 0
17 26
17 15
17 8
17 33
17 32
18 24
18 7
18 12
18 34
18 4
18 1
18 13
18 16
18 26
18 15
18 8
18 33
18 2
19 22
19 4
19 17
19 25
19 16
19 26
19 31
20 21
20 11
20 16
20 26
20 15
20 8
20 2
21 17
21 13
21 26
21 15
21 8
21 33
21 32
22 20
22 1
22 17
22 25
22 13
22 16
22 31
22 33
23 24
23 7
23 12
23 21
23 17
23 25
23 13
23 0
23 16
23 26
23 31
23 33
24 30
24 7
24 22
24 20
24 1
24 25
24 0
24 16
24 15
24 8
25 11
25 0
25 15
25 31
25 32
26 31
26 33
26 32
26 2
27 9
27 24
27 6
27 30
27 29
27 21
27 17
27 13
28 23
28 27
28 9
28 18
28 6
28 30
28 7
28 12
28 19
28 22
28 20
28 4
28 21
28 25
28 13
28 0
28 16
28 15
28 31
28 8
28 32
29 19
29 20
29 4
29 1
29 16
29 26
29 15
29 31
29 33
29 2
30 7
30 12
30 19
30 22
30 34
30 20
30 4
30 1
30 21
30 17
30 11
30 0
30 15
30 33
30 32
30 2
31 8
31 33
31 32
31 2
32 2
33 32
34 20
34 21
34 17
34 25
34 13
34 11
34 0
34 26
34 15
34 8
34 32
