30 231
0 25
0 4
0 14
0 5
0 27
0 21
0 23
1 3
1 17
1 22
1 24
1 13
1 11
1 28
1 23
1 19
1 8
2 25
2 29
2 3
2 14
2 17
2 18
2 5
2 22
2 24
2 13
2 28
2 21
2 19
3 17
3 5
3 22
3 27
3 13
3 11
3 28
3 21
3 23
3 19
3 8
4 1
4 7
4 27
4 24
4 11
4 23
4 19
5 22
5 27
5 13
5 21
5 23
5 19
6 20
6 0
6 3
6 14
6 7
6 22
6 24
6 13
6 11
6 28
6 21
6 23
6 19
6 8
7 18
7 22
7 24
7 13
7 28
7 19
9 4
9 1
9 14
9 17
9 7
9 18
9 27
9 24
9 28
9 21
9 8
10 2
10 25
10 3
10 14
10 18
10 24
10 28
10 21
10 23
10 19
11 8
12 16
12 26
12 15
12 9
12 29
12 4
12 1
12 3
12 17
12 7
12 18
12 22
12 27
12 24
12 11
13 28
13 23
14 7
14 18
14 5
14 13
14 11
14 28
14 19
14 8
15 10
15 2
15 6
15 20
15 25
15 1
15 3
15 17
15 7
15 18
15 5
15 27
15 24
15 13
15 23
15 19
15 8
16 26
16 10
16 2
16 6
16 0
16 25
16 9
16 4
16 17
16 7
16 22
16 13
16 23
16 8
17 18
17 5
17 22
17 13
17 11
17 28
17 8
18 5
18 22
18 27
18 24
18 13
18 11
18 28
19 8
20 9
20 29
20 1
20 17
20 24
20 13
20 28
20 21
20 23
20 8
21 23
22 24
22 13
22 23
22 19
22 8
23 19
24 21
24 19
24 8
25 29
25 4
25 17
25 7
25 5
25 27
25 24
25 11
25 28
25 23
25 19
26 15
26 10
26 9
26 29
26 1
26 14
26 18
26 5
26 24
26 28
26 21
26 8
27 24
27 13
27 11
27 28
27 21
27 23
27 8
28 21
28 19
29 4
29 17
29 7
29 5
29 22
29 24
29 13
29 11
29 28
29 21
29 19
29 8
