28 202
0 6
0 8
0 16
0 21
0 19
1 10
1 23
1 3
1 9
1 18
1 26
1 0
1 20
1 8
1 16
1 21
1 19
2 17
2 27
2 22
2 15
2 3
2 9
2 12
2 25
2 6
2 16
3 9
3 18
3 25
3 26
3 0
3 20
3 24
3 16
3 21
4 17
4 5
4 10
4 23
4 15
4 3
4 25
4 26
4 0
4 20
4 8
4 24
4 16
4 19
5 23
5 15
5 9
5 20
5 8
5 21
5 19
6 16
6 21
6 19
7 1
7 27
7 22
7 10
7 23
7 15
7 3
7 18
7 12
7 6
7 24
7 19
8 24
8 21
9 12
9 26
9 0
9 20
9 6
9 16
9 21
10 23
10 9
10 18
10 12
10 26
10 20
10 8
10 24
10 21
11 14
11 7
11 17
11 1
11 5
11 10
11 15
11 9
11 12
11 25
11 26
11 0
11 20
11 24
11 16
11 21
11 19
12 26
12 20
12 8
12 24
12 21
12 19
13 2
13 4
13 14
13 7
13 17
13 1
13 22
13 5
13 23
13 15
13 3
13 9
13 18
13 26
13 20
13 8
13 24
13 21
14 7
14 1
14 22
14 10
14 9
14 18
14 26
14 24
14 21
14 19
15 0
15 6
15 8
15 24
15 19
16 19
17 1
17 27
17 5
17 10
17 15
17 9
17 18
17 0
17 8
17 24
17 16
17 21
18 25
18 0
18 20
18 6
18 8
18 24
20 8
21 19
22 10
22 18
22 26
22 20
22 8
23 9
23 18
23 12
23 26
23 20
23 8
23 24
23 21
25 0
25 20
25 8
25 24
25 16
25 21
25 19
26 20
26 6
26 8
26 19
27 23
27 15
27 9
27 18
27 12
27 25
27 26
27 20
27 6
27 16
27 19
