31 138
0 23
0 18
0 27
0 15
1 29
1 30
1 17
1 3
2 12
2 20
2 14
2 28
2 29
2 11
2 21
4 19
4 12
4 14
4 6
4 18
4 11
4 17
4 13
4 8
5 12
5 9
5 22
5 14
5 26
5 28
5 6
5 13
5 21
6 10
6 27
6 21
6 3
7 12
7 23
7 29
7 6
7 11
7 8
8 15
9 14
9 29
9 30
9 15
10 15
10 3
11 13
11 15
11 3
12 20
12 22
12 29
12 6
12 10
12 3
14 0
14 23
14 29
14 18
14 11
14 17
14 13
14 21
15 3
16 25
16 5
16 2
16 26
16 1
16 0
16 28
16 29
16 6
16 15
18 11
18 15
19 29
19 6
19 21
19 3
20 1
20 6
20 27
20 11
20 13
20 21
20 8
21 8
21 15
21 3
22 1
22 23
22 28
22 29
22 6
22 10
23 29
23 27
23 11
23 15
24 19
24 12
24 20
24 14
24 0
24 28
24 29
24 6
24 11
24 13
25 5
25 12
25 26
25 23
25 18
26 0
26 23
26 28
26 30
26 6
26 10
26 17
26 13
27 13
27 8
28 6
28 10
28 15
29 18
29 17
29 15
29 3
30 17
30 21
