32 249
0 30
0 31
0 16
0 6
0 10
0 15
1 31
1 28
1 23
1 19
1 18
1 4
1 9
1 10
1 3
1 12
1 15
2 15
4 6
4 9
4 10
4 15
5 27
5 21
5 30
5 16
5 25
5 4
5 6
5 2
5 10
5 3
5 12
6 9
6 2
6 15
7 29
7 5
7 27
7 0
7 30
7 31
7 28
7 16
7 19
7 2
7 3
7 15
8 28
8 25
8 18
8 6
8 2
8 10
8 3
8 12
9 12
9 15
10 3
10 12
10 15
11 22
11 20
11 7
11 14
11 5
11 24
11 27
11 13
11 30
11 23
11 19
11 4
11 9
11 2
11 10
11 3
11 12
12 15
13 30
13 31
13 23
13 19
13 25
13 18
13 6
13 2
13 3
13 12
14 24
14 0
14 21
14 13
14 8
14 31
14 28
14 16
14 4
14 6
14 9
14 2
14 10
14 3
14 12
16 19
16 6
16 9
16 3
16 12
17 26
17 20
17 7
17 13
17 28
17 16
17 18
17 9
17 2
17 3
17 12
17 15
18 4
18 6
18 9
18 2
18 15
19 18
19 4
19 6
19 10
19 3
19 12
19 15
20 7
20 29
20 14
20 5
20 24
20 0
20 13
20 30
20 1
20 28
20 25
20 18
20 9
20 2
20 3
21 30
21 8
21 1
21 28
21 16
21 19
21 6
21 2
21 12
21 15
22 7
22 29
22 5
22 0
22 21
22 8
22 31
22 28
22 16
22 19
22 18
22 2
22 15
23 19
23 25
23 4
23 2
23 10
23 3
23 15
24 27
24 13
24 8
24 28
24 16
24 19
24 6
24 9
24 2
24 3
25 18
25 4
25 10
25 15
26 24
26 13
26 30
26 1
26 31
26 28
26 23
26 19
26 4
26 2
26 10
26 12
27 0
27 21
27 13
27 30
27 31
27 18
27 4
27 6
27 2
27 3
27 12
27 15
28 16
28 19
28 4
28 6
28 10
28 12
28 15
29 5
29 27
29 30
29 8
29 1
29 31
29 28
29 16
29 23
29 9
29 3
29 15
30 31
30 25
30 6
30 9
30 2
30 12
31 28
31 19
31 25
31 4
31 9
31 10
31 3
31 15
