26 166
0 23
0 3
0 18
0 15
0 20
0 19
0 17
1 19
1 11
2 3
2 8
2 18
2 15
2 24
2 20
2 19
2 11
2 17
3 18
3 15
3 24
3 22
3 1
4 7
4 5
4 1
4 11
4 17
5 1
5 19
6 2
6 13
6 21
6 3
6 8
6 18
6 10
6 15
6 24
6 22
6 4
6 7
6 1
6 17
7 19
7 17
8 18
8 15
8 24
8 14
8 4
8 5
8 1
8 17
9 25
9 12
9 6
9 0
9 13
9 21
9 23
9 3
9 24
9 20
9 22
9 4
9 19
9 11
10 24
10 14
10 16
10 5
10 1
10 19
10 11
10 17
12 2
12 0
12 13
12 21
12 3
12 8
12 18
12 20
12 7
12 19
12 11
13 21
13 3
13 8
13 10
13 20
13 14
13 4
13 7
13 5
13 1
14 7
14 1
15 24
15 20
15 14
15 22
15 16
15 4
15 7
15 1
15 19
16 4
16 5
16 19
18 15
18 22
18 16
18 7
18 5
18 1
20 14
20 22
20 16
20 4
20 19
21 23
21 18
21 10
21 24
21 20
21 14
21 22
21 16
21 7
21 5
21 1
21 19
22 16
22 5
22 19
23 8
23 18
23 24
23 20
23 14
23 4
23 7
23 11
23 17
24 22
24 16
24 7
24 5
24 1
24 11
24 17
25 12
25 2
25 13
25 21
25 23
25 10
25 20
25 14
25 22
25 4
25 7
25 5
25 11
