29 130
0 10
0 19
0 27
0 11
0 22
0 13
0 23
0 14
0 17
0 24
0 21
0 2
0 15
1 2
1 16
2 15
3 9
3 0
3 10
3 25
3 12
3 23
3 14
3 28
3 5
3 24
4 17
4 24
5 1
6 14
6 28
6 4
7 11
7 22
7 23
7 18
7 17
7 24
7 1
8 16
9 19
9 25
9 27
9 26
9 13
9 6
9 17
9 24
9 21
9 8
10 19
10 25
10 27
10 26
10 6
10 5
10 18
10 24
10 8
11 22
11 26
11 4
11 24
12 7
12 11
12 23
12 6
12 14
12 28
12 4
12 8
12 16
13 28
13 18
13 24
14 5
14 18
14 4
14 17
14 1
14 15
17 24
17 2
17 16
18 17
18 1
19 22
19 26
19 13
19 14
19 5
19 4
19 2
19 8
19 15
20 10
20 11
20 6
20 4
20 24
20 1
20 2
21 2
22 13
22 1
22 8
23 6
23 14
23 1
23 2
23 15
24 2
25 11
25 13
25 14
25 28
25 5
25 1
26 18
26 24
27 13
27 6
27 14
27 18
27 24
27 8
27 15
27 16
28 5
28 21
