32 252
0 3
0 15
0 19
1 14
1 7
1 30
1 5
1 15
1 19
2 21
2 30
2 0
2 5
2 15
2 19
3 28
3 15
3 13
4 18
4 26
4 31
4 24
4 16
4 8
4 20
4 25
4 29
4 21
4 14
4 12
4 0
4 5
4 3
4 28
4 15
4 13
4 19
5 3
6 31
6 16
6 8
6 11
6 27
6 25
6 1
6 29
6 21
6 14
6 7
6 30
6 0
6 15
6 13
6 19
7 0
7 3
7 13
8 11
8 27
8 20
8 25
8 1
8 21
8 14
8 12
8 7
8 0
8 28
8 15
8 19
9 10
9 22
9 8
9 27
9 25
9 1
9 2
9 29
9 21
9 14
9 12
9 7
9 30
9 0
9 3
9 28
9 19
10 22
10 11
10 27
10 25
10 2
10 14
10 7
10 30
10 5
10 3
10 28
10 15
11 27
11 25
11 29
11 21
11 14
11 0
11 3
11 13
12 30
12 28
12 15
12 13
14 7
14 0
14 5
14 28
14 19
16 9
16 27
16 20
16 2
16 14
16 12
16 0
16 5
16 13
16 19
17 18
17 6
17 31
17 9
17 22
17 8
17 20
17 1
17 2
17 29
17 21
17 30
17 0
17 5
17 3
17 28
17 15
18 6
18 31
18 23
18 16
18 8
18 11
18 29
18 12
18 30
18 0
18 28
18 15
18 13
20 12
20 30
20 0
20 3
20 15
20 19
21 14
21 12
21 30
21 0
21 5
21 3
21 28
21 15
22 8
22 11
22 25
22 2
22 29
22 12
22 7
22 30
22 5
22 3
22 28
22 13
23 16
23 9
23 11
23 27
23 1
23 21
23 12
23 0
23 5
23 3
23 13
24 9
24 10
24 20
24 25
24 1
24 7
24 30
24 0
24 5
24 3
24 28
24 15
24 13
25 1
25 2
25 14
25 12
25 7
25 5
26 6
26 31
26 24
26 9
26 10
26 27
26 20
26 25
26 29
26 14
26 0
26 3
26 15
26 13
26 19
27 3
27 28
27 19
29 21
29 14
29 30
29 0
29 5
29 3
29 13
30 0
30 5
30 3
30 19
31 24
31 16
31 9
31 10
31 22
31 8
31 25
31 12
31 30
31 0
31 3
