31 142
1 15
1 30
1 11
2 8
2 25
3 26
3 22
3 27
3 12
3 21
3 1
3 9
4 18
4 27
4 5
4 25
4 11
6 28
6 13
6 4
6 23
6 18
6 29
6 27
6 21
6 2
6 25
6 11
7 19
7 28
7 26
7 17
7 10
7 27
7 2
7 16
7 1
7 11
8 0
8 30
8 11
10 12
10 21
10 16
10 8
10 1
10 5
10 9
10 14
12 5
12 11
13 4
13 12
13 21
13 0
13 9
15 30
15 14
16 5
16 11
16 14
17 18
17 12
17 21
17 5
17 25
17 30
18 12
18 21
18 16
18 8
18 11
18 9
18 14
19 6
19 28
19 3
19 26
19 13
19 8
19 1
20 7
20 24
20 28
20 3
20 13
20 17
20 23
20 18
20 21
20 11
21 30
21 11
21 9
22 13
22 18
22 29
22 12
22 16
22 5
22 30
22 14
23 27
23 12
23 5
23 0
23 25
23 30
23 11
23 14
24 28
24 3
24 26
24 23
24 18
24 21
24 15
24 14
25 30
25 11
25 14
26 22
26 18
26 12
26 1
27 12
27 15
27 9
27 14
28 22
28 13
28 4
28 29
28 27
28 15
28 30
28 9
29 8
29 1
29 15
29 14
30 9
