31 226
0 29
0 6
0 4
0 10
0 7
0 24
0 25
0 30
0 13
0 14
1 15
1 19
1 8
1 12
1 16
1 3
1 0
1 9
1 7
1 14
1 2
3 0
3 5
3 29
3 9
3 6
3 24
3 25
3 30
3 18
3 2
4 10
4 7
4 24
4 30
4 13
4 2
4 11
5 28
5 25
5 13
6 21
6 10
6 24
6 30
6 13
7 24
7 13
8 22
8 23
8 12
8 27
8 16
8 29
8 6
8 21
8 10
8 25
8 30
8 13
8 14
8 2
9 6
9 21
9 7
9 25
9 18
9 11
10 30
10 18
10 13
10 11
12 27
12 3
12 0
12 5
12 28
12 29
12 9
12 6
12 21
12 4
12 24
12 30
12 18
13 14
13 2
14 2
14 11
15 22
15 12
15 16
15 28
15 9
15 24
15 25
15 30
15 18
15 13
15 14
16 3
16 6
16 14
17 1
17 19
17 23
17 27
17 16
17 0
17 28
17 9
17 6
17 21
17 4
17 25
17 30
17 18
17 13
17 2
18 13
18 2
18 11
19 26
19 22
19 23
19 16
19 0
19 5
19 28
19 29
19 9
19 21
19 25
19 30
19 11
20 1
20 26
20 8
20 22
20 0
20 5
20 21
20 4
20 10
20 7
20 30
20 14
21 4
21 10
21 24
21 30
21 18
21 13
21 14
21 2
22 12
22 16
22 0
22 5
22 29
22 6
22 24
22 25
22 30
22 14
22 2
22 11
23 12
23 27
23 16
23 3
23 5
23 29
23 21
23 4
23 24
23 25
23 2
24 30
24 18
24 2
24 11
25 18
25 13
25 14
26 8
26 12
26 16
26 3
26 0
26 28
26 29
26 21
26 7
26 25
26 18
26 2
26 11
27 3
27 28
27 9
27 21
27 4
27 10
27 24
27 25
27 14
27 2
28 21
28 4
28 24
28 30
28 18
28 13
28 2
28 11
29 21
29 7
29 24
29 25
29 30
29 13
30 13
30 14
30 2
30 11
