31 150
0 7
0 29
0 25
0 1
1 9
2 6
2 18
2 3
2 4
2 5
2 19
2 21
2 1
2 9
3 25
3 20
3 13
3 9
4 13
4 19
4 21
4 9
5 1
6 26
6 20
6 13
6 5
6 9
7 27
7 18
7 20
7 13
7 19
7 21
7 1
10 0
10 19
10 9
11 16
11 28
11 0
11 25
11 20
11 4
11 21
11 8
12 7
12 26
12 3
12 20
12 19
13 5
13 21
13 1
13 9
14 22
14 28
14 0
14 12
14 7
14 29
14 27
14 3
14 30
14 4
14 19
14 1
15 0
15 7
15 29
15 30
15 4
15 13
15 5
15 19
16 2
16 0
16 29
16 26
16 27
16 17
16 3
16 21
16 1
16 9
16 8
17 3
17 20
17 4
17 1
18 17
19 1
20 4
20 13
20 5
20 9
21 1
22 16
22 28
22 0
22 18
22 30
22 19
23 2
23 0
23 6
23 26
23 18
23 17
23 3
23 25
23 4
23 5
24 28
24 6
24 18
24 25
24 20
24 13
24 21
24 1
24 8
25 20
25 4
25 21
25 9
26 27
26 17
26 30
26 13
26 1
26 8
27 18
27 20
27 5
28 2
28 26
28 27
28 17
28 20
28 13
28 9
28 8
29 17
29 25
29 20
29 4
29 21
29 9
30 21
