27 121
0 8
0 1
0 12
0 4
0 14
0 20
0 13
1 4
1 18
1 20
1 24
2 16
3 19
3 10
4 3
4 19
4 10
4 20
4 16
4 24
4 13
5 21
5 3
6 4
6 22
6 3
6 16
7 21
7 22
7 14
7 3
7 19
7 24
8 25
8 7
8 6
8 22
8 19
8 10
8 18
8 16
9 0
9 7
9 6
9 22
9 14
9 3
9 10
9 18
9 16
9 24
10 2
10 24
11 7
11 15
11 5
11 14
11 3
11 10
11 18
12 6
12 4
12 14
12 3
12 18
12 20
12 13
14 3
15 5
15 22
15 10
15 16
16 24
17 0
17 22
17 14
17 3
17 10
17 2
17 20
18 16
18 24
18 13
19 10
19 2
19 24
21 22
21 14
21 19
21 10
21 18
22 3
22 13
23 25
23 1
23 12
23 6
23 15
23 5
23 21
23 22
23 3
23 10
23 16
25 6
25 15
25 5
25 21
25 4
25 22
25 3
25 18
25 20
26 25
26 12
26 7
26 5
26 14
26 3
26 19
26 16
