31 137
0 12
0 26
0 3
0 11
0 16
0 4
0 5
1 0
1 2
1 12
1 22
1 28
1 16
1 5
1 27
2 21
2 6
2 29
3 11
3 18
3 9
4 5
4 9
4 8
5 17
5 27
5 29
6 24
6 3
6 16
6 9
6 8
7 14
7 26
7 20
7 6
7 3
7 11
7 18
7 16
10 13
10 23
10 15
10 0
10 14
10 6
10 30
10 24
10 11
10 16
10 27
10 9
10 29
11 5
12 22
12 11
12 28
12 9
12 29
13 0
13 14
13 24
13 11
13 9
14 3
14 18
14 16
14 4
14 17
14 27
14 29
15 2
15 12
15 26
15 20
15 3
15 16
15 4
15 17
16 8
17 27
17 29
18 5
18 17
18 9
19 15
19 0
19 7
19 24
19 3
19 28
19 18
19 5
19 17
19 29
20 11
20 4
20 17
20 27
20 29
21 16
21 5
21 9
22 4
23 20
23 22
23 24
23 16
23 27
23 9
23 29
23 8
24 5
24 17
24 29
24 8
25 13
25 12
25 21
25 6
25 30
25 22
25 18
25 17
26 3
26 11
26 16
26 17
26 8
28 16
28 4
28 17
29 8
30 24
30 11
30 28
30 5
