34 170
0 32
0 6
1 14
1 23
1 33
1 11
1 26
1 9
1 4
1 22
1 6
1 18
2 17
2 26
2 0
2 31
2 22
2 15
2 18
2 3
4 25
4 18
5 8
5 9
5 15
5 6
6 7
6 18
8 33
8 0
8 4
8 25
8 18
8 3
9 22
9 32
9 6
9 25
9 7
10 5
10 20
10 29
10 17
10 26
10 31
10 9
10 4
10 32
10 15
10 3
11 26
11 16
11 0
11 31
11 15
12 30
12 21
12 10
12 28
12 5
12 1
12 24
12 8
12 17
12 23
12 33
12 31
12 27
12 32
12 6
12 3
13 5
13 24
13 17
13 23
13 33
13 4
13 22
13 32
13 7
13 18
14 33
14 25
16 0
16 31
17 23
17 16
17 31
17 9
17 27
17 15
19 1
19 14
19 16
19 6
19 7
20 11
20 22
20 15
20 25
21 28
21 5
21 20
21 17
21 16
21 31
21 27
21 22
21 18
21 3
23 33
23 0
23 9
23 4
23 22
23 32
23 18
24 14
24 16
24 31
24 15
25 18
26 22
26 32
26 6
27 22
27 15
27 6
28 24
28 23
28 33
28 26
28 31
28 27
28 22
28 18
29 26
29 16
29 0
29 31
29 9
29 4
29 18
29 3
30 2
30 10
30 28
30 24
30 8
30 20
30 29
30 23
30 11
30 0
30 4
30 27
30 6
30 25
30 3
31 4
31 27
31 32
31 6
32 18
33 11
33 16
33 31
33 15
33 6
33 7
