27 180
0 9
0 12
1 24
1 8
1 20
1 21
1 25
1 14
1 19
1 23
1 6
1 16
1 0
1 10
2 25
2 6
2 16
2 9
2 12
2 15
4 12
4 10
5 1
5 24
5 8
5 19
5 23
5 6
5 4
5 16
5 0
5 12
5 10
6 0
6 10
6 3
7 21
7 14
7 23
7 16
7 13
7 3
8 26
8 20
8 2
8 22
8 21
8 23
8 6
8 16
8 0
8 10
8 15
8 3
9 10
9 15
9 3
10 15
10 3
11 5
11 24
11 22
11 21
11 14
11 19
11 23
11 6
11 4
11 0
11 9
11 12
11 15
11 3
12 10
12 15
13 12
14 23
14 6
14 4
14 16
14 9
14 10
14 3
15 3
16 13
16 0
16 10
16 15
16 3
17 5
17 1
17 8
17 2
17 22
17 25
17 14
17 23
17 0
17 9
17 10
17 15
17 3
18 8
18 26
18 7
18 21
18 25
18 19
18 23
18 16
18 13
18 0
18 12
18 15
19 23
19 4
19 16
19 13
19 0
19 9
19 10
20 7
20 21
20 25
20 14
20 19
20 4
20 16
20 13
20 0
20 9
20 12
21 19
21 23
21 4
21 16
21 13
21 3
22 7
22 25
22 14
22 23
22 6
22 4
22 13
22 0
22 9
22 3
23 6
23 4
23 13
23 12
23 10
23 15
24 18
24 8
24 26
24 22
24 4
24 16
24 0
24 9
24 10
25 14
25 19
25 6
25 16
25 13
25 9
25 12
25 10
26 7
26 21
26 25
26 14
26 6
26 4
26 16
26 9
26 10
