30 217
0 13
0 14
0 15
1 18
1 11
1 5
1 2
1 8
1 17
1 0
1 15
2 12
2 16
2 17
2 0
2 4
2 9
2 13
2 15
3 1
3 18
3 11
3 10
3 5
3 12
3 17
3 4
3 9
3 13
3 14
3 15
4 9
4 14
5 2
5 24
5 8
5 14
5 15
6 3
6 1
6 11
6 24
6 8
6 17
7 19
7 28
7 22
7 18
7 10
7 5
7 0
7 4
7 9
7 13
7 14
8 16
8 0
8 4
9 13
9 14
10 5
10 2
10 24
10 17
10 0
10 4
10 13
10 14
10 15
11 5
11 2
11 12
11 8
11 16
11 9
11 15
12 8
12 16
12 0
12 14
12 15
13 14
13 15
14 15
16 17
16 14
16 15
17 0
17 4
17 9
17 13
17 15
18 10
18 8
18 4
18 9
18 13
18 14
18 15
19 27
19 22
19 6
19 3
19 5
19 12
19 8
19 16
19 17
19 0
19 4
19 9
20 7
20 26
20 22
20 3
20 18
20 2
20 24
20 8
20 16
20 4
20 14
21 28
21 25
21 6
21 18
21 5
21 2
21 24
21 8
21 4
21 13
21 14
22 1
22 18
22 10
22 2
22 12
22 8
22 0
22 4
22 13
23 7
23 26
23 21
23 27
23 22
23 6
23 1
23 18
23 11
23 5
23 2
23 8
23 17
23 0
23 9
23 14
24 8
24 16
24 15
25 6
25 3
25 11
25 10
25 2
25 8
25 0
25 9
25 14
25 15
26 21
26 28
26 27
26 6
26 18
26 10
26 8
26 17
26 0
26 4
26 9
26 13
26 14
26 15
27 22
27 6
27 2
27 24
27 12
27 8
27 0
28 22
28 3
28 5
28 12
28 8
28 17
28 0
28 4
28 9
28 14
28 15
29 21
29 25
29 27
29 22
29 3
29 18
29 5
29 2
29 24
29 12
29 8
29 17
29 4
29 15
