31 137
0 21
0 9
0 8
0 26
0 7
0 22
0 19
0 12
0 24
0 28
1 2
1 21
1 14
1 4
1 18
1 6
2 8
2 14
2 26
2 7
2 17
2 24
2 15
3 15
5 1
5 21
5 29
5 8
5 26
5 7
5 22
5 19
5 18
5 24
6 15
7 13
7 4
7 18
7 24
7 6
7 3
7 15
8 13
8 22
8 12
8 4
8 3
8 15
9 29
9 8
9 18
9 28
9 6
9 15
10 7
10 17
10 12
11 15
12 18
12 6
12 11
13 11
13 3
14 26
14 7
14 12
14 18
16 23
16 27
16 0
16 10
16 26
16 30
16 18
16 24
17 12
17 24
17 25
17 11
17 3
18 24
18 28
18 3
18 15
19 12
19 28
20 19
20 12
20 24
20 25
20 15
21 9
21 29
21 10
21 14
21 26
21 17
21 13
21 22
21 28
21 11
22 4
22 24
22 28
22 25
22 6
23 27
23 0
23 21
23 8
23 10
23 12
23 18
23 6
23 11
25 11
25 15
26 30
26 24
27 0
27 2
27 9
27 20
27 17
27 13
27 12
27 24
28 15
29 7
29 4
29 11
29 15
30 28
30 25
30 6
30 11
30 3
