30 211
0 13
0 25
0 29
0 19
0 20
0 24
0 5
0 27
0 11
0 4
0 6
0 14
0 12
1 5
1 27
1 11
1 15
1 4
1 28
1 18
1 8
1 3
2 13
2 16
2 25
2 19
2 20
2 23
2 22
2 24
2 26
2 5
2 9
2 27
2 11
2 28
2 6
3 14
3 12
4 8
4 14
4 12
5 27
5 11
5 4
5 28
5 18
5 3
6 3
6 12
7 26
7 5
7 9
7 28
7 18
7 6
7 3
7 12
8 14
9 27
9 15
9 4
9 28
9 6
9 8
9 14
9 12
10 23
10 1
10 24
10 7
10 26
10 5
10 9
10 4
10 6
10 12
11 15
11 6
11 12
13 10
13 16
13 25
13 29
13 20
13 22
13 24
13 26
13 17
13 9
13 15
13 28
13 6
13 8
13 12
14 12
15 4
15 18
15 12
16 21
16 20
16 1
16 24
16 26
16 5
16 17
16 9
16 8
16 14
16 12
17 9
17 27
17 11
17 15
17 4
17 28
17 3
17 12
18 8
18 3
18 12
19 20
19 23
19 1
19 7
19 17
19 9
19 27
19 4
19 18
19 8
19 3
20 23
20 1
20 7
20 26
20 5
20 15
20 18
20 12
21 19
21 20
21 23
21 24
21 7
21 27
21 4
21 28
21 3
21 14
21 12
22 1
22 24
22 7
22 26
22 9
22 27
22 11
22 15
22 28
22 14
22 12
23 7
23 9
23 27
23 4
23 28
23 8
23 3
23 12
24 17
24 9
24 4
24 28
24 18
24 14
24 12
25 29
25 22
25 24
25 7
25 17
25 9
25 11
25 15
25 28
25 3
26 11
26 4
26 18
26 6
27 11
27 15
27 28
27 18
27 8
27 3
27 12
28 6
28 8
28 3
28 12
29 19
29 20
29 22
29 9
29 27
29 4
29 28
29 18
29 8
