35 304
0 22
1 17
1 31
1 19
1 15
1 6
1 28
1 8
1 2
1 33
1 22
1 9
1 4
2 33
2 22
2 12
2 13
3 11
3 1
3 19
3 14
3 6
3 28
3 7
3 2
3 33
3 22
3 9
3 13
4 13
5 23
5 17
5 31
5 19
5 27
5 14
5 6
5 8
5 2
5 33
5 0
5 22
5 9
6 8
6 33
6 0
6 12
6 34
6 13
7 9
7 12
7 34
7 4
7 13
8 9
8 12
8 34
9 12
9 34
9 4
10 20
10 5
10 23
10 17
10 19
10 27
10 28
10 8
10 7
10 33
10 9
10 12
10 34
11 18
11 20
11 26
11 17
11 19
11 27
11 15
11 8
11 7
11 2
11 33
11 0
11 22
11 9
11 4
11 13
12 13
14 15
14 28
14 8
14 2
14 33
14 22
15 28
15 7
15 2
15 33
16 18
16 20
16 1
16 5
16 17
16 31
16 27
16 15
16 6
16 8
16 7
16 2
16 9
16 34
17 27
17 28
17 7
17 0
17 13
18 10
18 20
18 1
18 23
18 17
18 31
18 19
18 27
18 15
18 6
18 28
18 9
18 12
18 34
18 4
19 27
19 14
19 8
19 22
19 9
19 13
20 26
20 1
20 5
20 6
20 28
20 8
20 2
20 33
20 0
20 22
20 12
20 34
21 16
21 10
21 26
21 23
21 31
21 27
21 14
21 6
21 28
21 8
21 7
21 22
21 9
22 9
22 12
22 13
23 17
23 14
23 15
23 7
23 2
23 33
23 0
23 22
23 9
23 34
24 32
24 16
24 18
24 26
24 1
24 31
24 19
24 14
24 15
24 28
24 7
24 2
24 33
24 0
24 22
24 12
24 34
24 4
24 13
25 32
25 16
25 10
25 20
25 26
25 1
25 5
25 23
25 31
25 14
25 15
25 6
25 33
25 22
25 9
25 12
25 4
25 13
26 1
26 5
26 14
26 15
26 6
26 8
26 2
26 0
26 12
26 34
26 4
26 13
27 14
27 15
27 6
27 8
27 7
27 33
27 0
27 9
27 12
27 4
28 8
28 2
28 0
28 22
28 34
28 4
28 13
29 32
29 21
29 11
29 10
29 20
29 5
29 23
29 14
29 15
29 28
29 8
29 7
29 9
29 12
29 34
29 4
29 13
30 21
30 3
30 16
30 11
30 20
30 1
30 19
30 27
30 6
30 7
30 33
30 22
30 12
31 19
31 27
31 14
31 6
31 8
31 2
31 0
31 22
31 9
31 12
32 21
32 16
32 11
32 18
32 26
32 5
32 27
32 6
32 28
32 2
32 33
32 0
32 22
32 12
32 13
33 0
33 9
33 12
33 34
34 4
