31 227
1 15
1 12
1 4
1 24
1 23
1 10
1 22
1 6
1 3
1 21
1 27
1 0
2 4
2 23
2 18
2 10
2 28
2 6
2 3
2 21
3 21
3 27
4 23
4 17
4 18
4 11
4 28
4 3
4 21
4 0
5 8
5 26
5 1
5 15
5 2
5 23
5 17
5 11
5 28
5 22
5 27
6 3
6 21
6 27
7 18
7 10
7 28
7 22
7 6
7 21
7 27
7 0
8 19
8 16
8 15
8 4
8 24
8 7
8 18
8 10
8 28
8 6
8 27
8 0
9 26
9 25
9 30
9 16
9 15
9 2
9 4
9 24
9 7
9 23
9 10
9 11
9 22
9 6
9 21
9 27
9 0
10 21
10 0
11 21
12 2
12 17
12 18
12 10
12 11
12 28
12 22
12 6
12 0
13 2
13 4
13 7
13 17
13 18
13 10
13 6
13 3
13 27
13 0
14 5
14 8
14 16
14 24
14 10
14 11
14 22
14 3
14 21
14 0
15 2
15 4
15 24
15 7
15 23
15 10
15 11
15 28
15 21
16 12
16 4
16 7
16 17
16 18
16 28
16 22
16 0
17 18
17 10
17 11
17 22
17 3
17 0
18 28
18 22
18 3
18 27
18 0
19 15
19 4
19 24
19 23
19 17
19 18
19 28
19 3
19 27
19 0
20 9
20 25
20 19
20 1
20 16
20 12
20 13
20 4
20 10
20 11
20 22
20 3
22 6
22 3
22 27
22 0
23 17
23 11
23 28
23 6
23 27
24 17
24 11
24 3
24 21
24 27
25 19
25 15
25 13
25 2
25 24
25 7
25 11
25 21
26 19
26 1
26 16
26 13
26 2
26 4
26 23
26 11
26 28
26 22
26 3
26 21
26 27
27 0
29 20
29 5
29 8
29 26
29 1
29 16
29 12
29 4
29 7
29 18
29 10
29 28
29 22
29 6
29 3
29 21
29 0
30 19
30 1
30 13
30 2
30 7
30 23
30 18
30 10
30 11
30 6
30 3
