34 270
0 14
0 4
0 6
0 17
1 31
1 0
1 13
1 23
1 4
1 6
1 33
1 18
1 20
1 7
2 21
2 28
2 19
2 24
2 32
2 16
2 31
2 0
2 14
2 13
2 4
2 6
2 33
2 27
2 20
2 7
3 21
3 28
3 10
3 24
3 32
3 14
3 13
3 23
3 4
3 33
3 20
3 7
3 17
4 17
5 21
5 29
5 19
5 32
5 1
5 0
5 14
5 13
5 4
5 22
5 18
5 7
5 17
6 33
6 27
6 20
7 17
8 25
8 2
8 12
8 15
8 11
8 5
8 3
8 21
8 19
8 10
8 24
8 32
8 16
8 6
8 33
8 22
8 27
8 7
8 17
9 11
9 21
9 32
9 1
9 14
9 13
9 23
9 6
9 33
9 7
10 24
10 31
10 14
10 6
10 22
10 7
10 17
11 5
11 3
11 28
11 19
11 24
11 32
11 16
11 1
11 31
11 33
11 22
11 27
11 18
12 10
12 24
12 16
12 1
12 31
12 14
12 23
12 4
12 20
12 17
13 18
13 20
13 7
13 17
14 23
14 27
14 18
14 20
14 7
14 17
15 11
15 3
15 21
15 28
15 19
15 24
15 0
15 13
15 6
15 33
15 22
15 27
15 18
15 7
15 17
16 1
16 31
16 14
16 23
16 6
16 33
16 22
16 27
16 7
16 17
18 20
19 10
19 24
19 1
19 31
19 0
19 14
19 6
19 22
19 20
19 17
20 7
21 28
21 24
21 32
21 1
21 0
21 14
21 13
21 6
21 22
21 27
21 18
21 20
21 7
22 17
23 4
23 22
23 7
24 0
24 14
24 13
24 22
24 27
24 20
25 30
25 12
25 15
25 3
25 24
25 1
25 0
25 23
25 18
26 9
26 12
26 11
26 3
26 28
26 19
26 10
26 24
26 16
26 1
26 14
26 13
26 33
26 7
26 17
27 20
28 29
28 19
28 1
28 31
28 0
28 6
28 22
28 27
28 18
28 20
28 7
28 17
29 32
29 16
29 1
29 31
29 0
29 14
29 13
29 4
29 6
29 33
29 22
29 20
29 7
30 11
30 5
30 29
30 19
30 10
30 24
30 16
30 0
30 13
30 23
30 6
30 33
30 27
30 18
30 20
31 13
31 4
31 6
31 22
31 18
31 20
32 16
32 1
32 31
32 23
32 20
32 7
33 27
33 20
33 17
