26 169
0 24
0 19
0 5
0 2
0 21
0 6
0 17
0 20
0 9
0 4
0 14
1 7
1 11
1 8
1 12
1 13
1 5
1 25
1 2
1 18
1 9
1 4
1 14
1 3
2 21
2 6
2 18
2 23
2 14
2 3
4 23
5 25
5 2
5 21
5 18
5 20
5 10
5 4
6 16
6 10
6 9
6 4
6 14
6 3
7 11
7 8
7 13
7 25
7 16
7 18
7 10
7 9
7 4
7 23
7 14
8 12
8 5
8 2
8 16
8 18
8 17
8 20
8 10
8 9
8 4
8 14
9 3
10 3
11 24
11 8
11 13
11 5
11 25
11 2
11 21
11 6
11 16
11 20
11 10
11 9
11 3
12 13
12 5
12 2
12 16
12 18
12 17
12 20
12 9
12 4
13 5
13 2
13 16
13 18
13 17
13 9
13 14
14 3
15 1
15 11
15 22
15 8
15 12
15 19
15 21
15 20
15 10
15 9
15 4
15 23
15 3
16 18
16 20
16 10
16 4
17 20
17 10
17 9
17 4
17 23
17 14
18 10
18 14
19 5
19 25
19 21
19 6
19 16
19 18
19 20
19 9
19 23
19 14
19 3
20 9
20 23
20 14
21 4
21 23
22 24
22 8
22 13
22 19
22 5
22 25
22 21
22 18
22 17
22 23
22 14
24 8
24 12
24 19
24 5
24 25
24 6
24 18
24 17
24 9
24 23
24 3
25 2
25 21
25 6
25 16
25 20
25 10
25 23
25 3
