30 216
0 13
0 3
0 24
0 2
1 11
1 28
1 26
1 13
1 17
1 2
1 10
1 9
2 20
2 10
3 2
3 20
3 9
4 19
4 1
4 22
4 28
4 0
4 13
4 17
4 3
4 24
4 2
5 7
5 11
5 13
5 17
5 3
5 24
5 2
5 10
6 23
6 27
6 18
6 1
6 5
6 11
6 0
6 13
6 17
6 2
6 10
6 9
7 11
7 28
7 13
7 17
7 10
7 9
8 23
8 18
8 1
8 5
8 28
8 0
8 3
8 2
8 20
10 9
11 17
11 10
12 4
12 8
12 23
12 18
12 22
12 11
12 26
12 0
12 17
12 3
12 24
12 2
12 20
12 10
12 9
13 17
13 2
13 10
14 25
14 16
14 8
14 5
14 11
14 28
14 15
14 0
14 13
14 17
14 3
14 9
15 3
15 24
15 20
15 10
16 6
16 8
16 27
16 18
16 1
16 22
16 5
16 28
16 26
16 17
17 9
18 1
18 22
18 7
18 11
18 28
18 26
18 0
18 3
18 20
19 6
19 27
19 18
19 5
19 7
19 11
19 28
19 26
19 15
19 13
19 17
19 3
19 24
19 20
20 9
21 19
21 6
21 8
21 27
21 18
21 1
21 7
21 11
21 0
21 17
21 3
21 10
21 9
22 26
22 0
22 13
22 2
22 20
22 9
23 22
23 5
23 11
23 26
23 0
23 13
23 24
23 10
24 2
24 20
25 16
25 21
25 6
25 23
25 1
25 22
25 5
25 7
25 11
25 15
25 0
25 3
25 20
25 10
25 9
26 0
26 17
26 3
26 2
26 20
26 10
27 1
27 22
27 5
27 7
27 11
27 28
27 0
27 17
27 2
27 20
28 15
28 0
28 13
28 17
28 3
28 24
28 2
28 20
28 10
28 9
29 21
29 8
29 27
29 18
29 1
29 22
29 11
29 15
29 17
29 24
29 2
29 10
