28 200
0 6
0 4
0 11
0 17
0 9
0 26
0 20
0 15
0 24
0 18
0 25
0 10
0 8
0 13
1 13
1 23
1 12
1 21
2 8
2 23
2 12
3 19
3 25
3 8
3 13
3 23
3 12
4 20
4 27
4 16
4 3
4 18
4 5
4 25
4 10
4 1
4 14
4 13
4 23
4 12
5 25
5 10
5 1
5 13
5 23
5 21
6 4
6 11
6 9
6 20
6 16
6 15
6 18
6 5
6 25
6 10
6 2
6 1
6 14
7 17
7 9
7 26
7 20
7 3
7 15
7 24
7 18
7 5
7 10
7 1
7 14
7 13
7 23
7 12
8 13
8 23
8 12
8 21
9 27
9 16
9 3
9 19
9 15
9 24
9 18
9 5
9 25
9 10
9 22
9 13
9 23
9 12
10 8
10 13
10 23
10 21
11 17
11 20
11 27
11 16
11 3
11 15
11 24
11 18
11 5
11 25
11 10
11 22
11 8
11 14
11 13
11 23
11 21
13 23
13 12
14 23
15 24
15 18
15 5
15 10
15 22
15 2
15 8
15 14
15 21
16 3
16 22
16 2
16 8
16 14
16 21
17 9
17 20
17 3
17 15
17 25
17 10
17 22
17 2
17 14
17 23
17 12
17 21
18 10
18 22
18 1
18 8
19 15
19 10
19 1
20 27
20 16
20 19
20 15
20 5
20 25
20 22
20 2
20 1
20 8
20 14
20 13
20 23
22 2
22 1
22 13
22 23
23 12
24 18
24 5
24 10
24 22
24 1
24 13
25 22
25 1
25 14
25 21
26 20
26 27
26 19
26 15
26 24
26 18
26 25
26 22
26 2
26 1
26 23
27 3
27 15
27 24
27 5
27 22
27 2
27 8
27 14
27 13
27 23
27 21
