27 180
0 2
0 12
0 8
0 4
0 26
0 10
1 9
1 20
1 19
1 18
1 13
1 22
1 0
1 2
1 3
1 12
2 3
2 12
2 8
2 10
3 8
3 10
5 1
5 9
5 11
5 18
5 14
5 17
5 13
5 0
5 2
5 12
5 8
5 7
6 11
6 18
6 0
6 2
6 3
6 12
6 8
6 16
6 7
6 4
6 10
7 4
7 26
7 10
8 16
8 4
8 10
9 11
9 18
9 14
9 22
9 16
9 7
9 26
9 10
11 19
11 17
11 3
11 12
11 7
11 4
11 26
11 10
12 8
12 10
13 2
13 12
13 8
13 16
13 7
13 4
13 26
13 10
14 13
14 12
14 16
14 10
15 1
15 6
15 11
15 19
15 0
15 3
15 12
15 16
15 4
15 26
15 10
16 10
17 13
17 22
17 0
17 2
17 3
17 12
17 8
18 17
18 0
18 2
18 3
18 7
18 26
19 17
19 13
19 22
19 2
19 3
19 12
19 4
20 11
20 18
20 14
20 13
20 3
20 8
20 16
20 4
20 26
21 24
21 9
21 20
21 11
21 19
21 18
21 13
21 22
21 0
21 2
21 16
21 7
21 26
21 10
22 3
22 16
22 7
22 4
23 25
23 5
23 15
23 1
23 9
23 11
23 14
23 13
23 22
23 2
23 3
23 12
23 7
24 23
24 25
24 15
24 20
24 19
24 17
24 13
24 0
24 2
24 16
24 7
24 4
25 15
25 1
25 6
25 20
25 11
25 19
25 13
25 0
25 2
25 12
25 8
25 7
25 4
25 10
26 10
