31 214
0 27
0 30
0 23
0 3
0 1
0 2
0 29
0 21
0 4
0 22
0 12
0 24
0 13
0 6
0 16
1 15
1 2
1 29
1 21
1 22
1 17
1 8
1 14
1 24
1 25
1 16
2 29
2 4
2 28
2 17
2 12
2 16
3 1
3 15
3 21
3 28
3 12
3 8
3 24
3 13
3 6
3 16
4 22
4 28
4 17
4 8
4 13
4 6
5 11
5 26
5 9
5 1
5 2
5 29
5 22
5 28
5 17
5 14
5 24
5 25
5 6
6 16
7 23
7 9
7 3
7 1
7 15
7 2
7 28
7 17
7 12
7 24
7 25
8 14
8 24
9 15
9 2
9 29
9 8
10 9
10 3
10 29
10 17
10 12
10 8
10 14
10 25
11 26
11 3
11 15
11 29
11 21
11 4
11 22
11 28
11 12
11 8
11 13
11 25
12 14
12 24
13 25
13 16
15 2
15 29
15 4
15 22
15 28
15 17
15 8
15 14
15 13
15 25
15 6
17 13
17 6
17 16
18 7
18 23
18 26
18 1
18 29
18 12
18 13
18 25
18 16
19 5
19 11
19 23
19 2
19 29
19 21
19 4
19 17
19 12
19 8
19 14
19 25
19 6
20 10
20 27
20 18
20 11
20 7
20 23
20 26
20 9
20 3
20 21
20 22
20 17
20 12
20 14
20 6
20 16
21 4
21 24
21 16
22 8
22 16
23 3
23 2
23 29
23 17
23 12
23 25
23 6
24 16
25 16
26 9
26 29
26 21
26 4
26 28
26 17
26 12
26 14
26 13
26 6
27 5
27 7
27 23
27 26
27 1
27 29
27 28
27 17
27 8
27 14
27 25
27 6
27 16
28 17
28 8
28 14
28 13
28 25
28 16
29 4
29 22
29 14
29 24
29 13
30 11
30 23
30 9
30 15
30 29
30 21
30 4
30 22
30 12
30 14
30 16
