34 275
0 15
0 25
0 4
0 21
0 26
0 9
0 5
1 0
1 15
1 32
1 25
1 29
1 30
1 26
1 5
2 27
2 13
2 17
2 10
2 1
2 15
2 32
2 4
2 6
2 21
2 5
3 12
3 19
3 13
3 7
3 0
3 15
3 32
3 29
3 4
3 11
4 26
4 9
6 21
6 9
7 8
7 1
7 15
7 25
7 4
7 6
7 26
7 9
7 5
8 25
8 29
8 11
8 9
9 5
10 7
10 8
10 0
10 32
10 29
10 30
10 6
10 21
10 9
10 5
11 30
11 6
11 9
11 5
12 20
12 23
12 27
12 7
12 1
12 0
12 32
12 25
12 4
12 30
12 9
12 5
13 17
13 18
13 10
13 7
13 8
13 30
13 6
13 21
13 26
14 20
14 23
14 24
14 2
14 17
14 10
14 0
14 15
14 32
14 29
14 4
14 6
14 21
14 5
15 25
15 11
15 21
15 9
16 31
16 12
16 14
16 20
16 23
16 27
16 13
16 18
16 10
16 8
16 1
16 15
16 29
16 30
16 6
16 26
16 9
16 5
17 10
17 8
17 15
17 25
17 29
17 30
17 6
17 5
18 10
18 1
18 15
18 11
18 30
18 6
18 26
18 9
18 5
19 20
19 23
19 24
19 27
19 7
19 8
19 32
19 29
19 4
19 11
19 6
19 9
20 24
20 7
20 1
20 15
20 25
20 29
20 11
20 30
20 6
20 5
21 9
21 5
22 23
22 2
22 27
22 13
22 17
22 18
22 10
22 7
22 1
22 0
22 29
22 11
22 21
23 24
23 27
23 17
23 18
23 10
23 7
23 0
23 32
23 29
23 30
23 6
23 21
23 9
24 2
24 27
24 13
24 10
24 8
24 32
24 4
24 26
24 9
25 29
25 4
25 11
25 26
25 5
26 9
27 17
27 8
27 32
27 25
27 11
27 21
27 26
27 5
28 14
28 22
28 24
28 2
28 13
28 8
28 0
28 15
28 29
28 30
28 5
29 11
29 6
29 5
30 5
31 28
31 12
31 14
31 19
31 22
31 20
31 23
31 2
31 27
31 13
31 18
31 10
31 8
31 1
31 0
31 32
31 25
31 4
31 30
31 9
31 5
32 25
32 4
32 30
32 6
32 21
32 26
32 5
33 31
33 12
33 14
33 22
33 24
33 2
33 27
33 13
33 10
33 7
33 8
33 25
33 29
33 11
33 6
33 21
33 26
