33 247
0 13
0 2
1 15
1 19
1 22
1 31
1 0
1 12
3 10
3 27
3 11
3 30
3 8
3 1
3 14
3 5
3 22
3 20
3 4
3 13
3 24
3 2
5 19
5 26
5 31
5 20
5 24
5 12
6 28
6 21
6 11
6 30
6 8
6 14
6 15
6 26
6 32
6 29
6 13
6 24
6 12
6 2
7 27
7 21
7 8
7 1
7 14
7 5
7 15
7 19
7 22
7 23
7 31
7 32
7 20
7 9
7 13
7 2
8 1
8 14
8 5
8 15
8 19
8 23
8 32
8 9
8 0
8 24
8 2
9 0
9 4
9 29
9 13
9 12
10 27
10 6
10 18
10 11
10 14
10 5
10 22
10 31
10 4
10 13
10 2
11 14
11 15
11 19
11 23
11 31
11 20
11 9
11 0
11 4
11 29
11 13
11 24
11 12
12 2
13 24
14 5
14 19
14 31
14 32
14 20
14 9
14 13
14 12
15 26
15 31
15 0
15 29
15 13
16 21
16 5
16 19
16 26
16 23
16 31
16 32
16 20
16 9
16 2
17 28
17 16
17 1
17 26
17 32
17 20
17 0
17 13
17 24
18 21
18 11
18 30
18 5
18 19
18 4
18 29
18 13
18 24
18 12
19 26
19 23
19 0
19 4
19 29
19 24
19 12
20 0
20 4
20 13
20 12
20 2
21 11
21 8
21 14
21 15
21 26
21 23
21 20
21 29
21 2
22 20
22 0
22 13
23 31
23 32
23 24
24 12
25 17
25 3
25 27
25 6
25 28
25 16
25 11
25 8
25 5
25 19
25 22
25 26
25 32
25 0
25 13
25 2
26 23
26 31
26 32
26 20
26 29
26 13
26 12
26 2
27 18
27 28
27 16
27 11
27 30
27 8
27 1
27 5
27 19
27 31
27 32
27 0
27 4
27 13
27 24
28 16
28 21
28 11
28 30
28 8
28 26
28 31
28 20
28 9
28 0
28 4
28 29
28 13
28 24
28 2
29 24
29 2
30 8
30 1
30 14
30 5
30 19
30 22
30 26
30 23
30 31
30 20
30 9
30 4
31 32
31 9
31 24
31 12
31 2
32 0
32 29
32 24
32 2
