29 127
1 20
1 3
2 1
2 14
3 0
4 16
4 10
4 13
4 12
4 20
4 7
4 0
5 16
5 10
5 25
5 1
5 12
5 18
5 7
6 17
6 2
6 0
7 3
9 17
9 14
9 18
9 3
10 28
10 17
10 1
10 12
10 18
10 3
11 15
11 21
11 4
11 23
11 16
11 28
11 2
11 1
11 12
11 20
11 18
11 3
12 14
12 3
12 0
13 18
13 0
14 18
14 0
15 4
15 23
15 5
15 13
15 19
15 7
16 9
16 2
16 12
16 14
16 20
17 14
17 20
17 8
18 0
19 12
19 18
19 7
20 18
20 7
20 0
21 27
21 5
21 16
21 10
21 28
21 17
21 19
21 12
21 7
21 8
21 0
22 15
22 27
22 4
22 16
22 28
22 17
22 19
22 12
22 14
22 18
23 5
23 9
23 17
23 12
24 26
24 21
24 4
24 23
24 28
24 9
24 17
24 13
24 19
24 7
25 19
25 12
25 3
25 0
26 11
26 16
26 10
26 28
26 2
27 23
27 9
27 25
27 17
27 13
27 20
27 18
27 3
28 13
28 3
