28 120
0 21
0 7
0 3
0 4
1 10
1 4
2 9
3 1
3 19
3 4
5 26
5 21
5 2
5 13
5 4
6 13
6 27
6 19
7 23
7 4
8 11
8 25
8 14
8 9
8 13
8 23
8 10
8 19
8 4
9 12
9 13
9 18
9 23
9 19
10 19
11 25
11 5
11 26
11 18
11 7
11 1
12 18
12 22
12 27
12 1
12 10
12 19
12 4
13 18
13 27
13 1
14 12
14 13
14 22
14 3
14 23
14 1
14 19
14 4
15 27
16 25
16 0
16 6
16 13
16 22
16 3
16 19
17 26
17 2
17 13
17 15
17 1
17 4
18 22
18 3
18 15
18 23
18 4
20 26
20 9
20 12
20 18
20 7
20 27
20 1
20 10
20 19
20 4
21 2
21 13
21 27
21 1
21 10
21 4
22 7
22 1
24 25
24 26
24 2
24 9
24 13
24 22
24 15
24 19
25 5
25 17
25 21
25 9
25 12
25 22
25 15
25 27
25 23
25 1
26 21
26 6
26 1
26 19
27 19
27 4
