35 185
0 13
0 2
0 28
0 33
0 10
0 3
0 31
0 14
0 6
0 15
1 32
1 20
1 16
1 19
1 28
1 3
1 8
1 12
1 15
2 28
2 34
2 11
2 7
2 3
2 6
2 27
2 26
3 30
3 14
3 21
3 5
4 19
4 0
4 10
4 7
4 30
4 31
4 24
5 15
6 24
6 15
7 8
7 27
7 5
8 24
9 29
9 2
9 33
9 11
9 7
9 14
10 7
10 30
10 14
10 27
10 26
11 31
11 6
11 24
11 5
12 5
12 15
13 7
13 30
13 14
13 8
13 21
13 12
14 6
14 21
14 26
14 5
14 15
16 23
16 25
16 0
16 29
16 18
16 28
16 33
16 11
16 8
16 21
16 15
17 4
17 13
17 18
17 2
17 11
17 24
18 34
18 11
18 7
18 30
18 31
18 14
18 6
18 15
19 13
19 18
19 33
19 10
19 3
19 30
19 14
19 8
19 21
19 26
20 25
20 22
20 0
20 9
20 29
20 7
20 15
21 27
22 9
22 13
22 29
22 18
22 28
22 14
22 27
22 12
22 26
23 10
23 14
23 6
23 21
23 27
23 24
24 26
24 15
25 0
25 9
25 18
25 2
25 11
25 12
26 5
27 12
27 24
28 10
28 3
28 30
28 12
28 26
29 2
29 33
29 3
29 30
29 31
29 24
29 26
29 5
30 31
30 14
30 21
31 27
31 12
31 26
31 5
32 23
32 4
32 0
32 13
32 29
32 18
32 28
32 10
32 31
32 6
32 21
32 27
32 12
33 34
33 11
33 14
33 26
33 5
33 15
34 11
34 7
34 14
34 24
