34 292
0 30
0 20
0 12
0 9
0 14
0 29
0 32
0 27
0 17
0 23
0 21
0 22
0 2
0 19
0 7
0 18
0 6
1 22
1 5
1 19
1 16
1 26
2 26
2 18
2 6
3 1
3 5
3 2
3 19
3 16
3 7
3 18
4 33
4 0
4 30
4 20
4 13
4 27
4 23
4 21
4 5
4 26
4 7
4 18
4 6
5 19
5 16
5 7
5 18
5 6
7 18
7 6
8 20
8 15
8 32
8 27
8 17
8 23
8 10
8 22
8 5
8 16
8 26
8 7
8 18
9 14
9 29
9 15
9 32
9 24
9 27
9 3
9 11
9 10
9 1
9 2
9 16
9 26
10 1
10 5
10 2
10 19
10 16
10 6
11 22
11 2
11 19
11 16
11 26
11 18
11 6
12 9
12 14
12 29
12 32
12 17
12 21
12 11
12 1
12 22
12 2
12 19
12 16
12 7
12 6
13 9
13 14
13 29
13 15
13 32
13 3
13 11
13 1
13 2
13 16
13 7
13 18
14 29
14 15
14 32
14 24
14 27
14 3
14 11
14 10
14 22
14 5
14 2
14 16
14 6
15 32
15 27
15 10
15 2
15 19
15 26
15 6
16 26
16 7
16 6
17 3
17 22
17 2
17 26
17 7
17 18
17 6
19 18
20 13
20 12
20 9
20 14
20 29
20 15
20 32
20 23
20 21
20 10
20 1
20 22
20 2
20 7
20 6
21 3
21 1
21 22
21 16
21 26
21 7
22 5
22 26
22 7
22 18
23 10
23 5
23 2
23 26
23 6
24 17
24 3
24 11
24 1
24 5
24 2
24 19
24 16
25 0
25 30
25 12
25 15
25 17
25 21
25 3
25 11
25 10
25 1
25 22
25 2
26 7
26 18
26 6
27 21
27 3
27 10
27 16
27 26
27 7
27 18
28 33
28 25
28 0
28 30
28 20
28 12
28 29
28 15
28 32
28 24
28 17
28 23
28 3
28 1
28 22
28 5
28 2
28 26
28 7
29 15
29 32
29 24
29 3
29 11
29 5
29 2
29 19
29 18
30 20
30 13
30 12
30 9
30 29
30 15
30 27
30 23
30 21
30 2
30 7
30 18
31 8
31 0
31 30
31 20
31 13
31 32
31 27
31 17
31 10
31 1
31 2
31 6
32 24
32 27
32 17
32 23
32 21
32 3
32 10
32 1
32 5
32 2
32 16
32 6
33 8
33 30
33 20
33 12
33 32
33 24
33 27
33 17
33 23
33 21
33 3
33 11
33 10
33 5
33 2
33 16
33 26
33 7
33 18
33 6
