28 182
0 8
0 26
0 11
0 9
0 15
0 16
0 18
0 4
0 7
0 27
0 24
1 3
1 22
1 25
1 8
1 11
1 15
1 16
1 14
1 18
1 21
1 2
1 20
2 24
2 13
2 12
3 0
3 26
3 15
3 16
3 6
3 14
3 7
3 27
3 2
3 20
4 5
4 24
4 13
4 12
5 2
5 13
6 14
6 4
6 21
6 5
6 2
6 24
6 12
6 20
7 21
7 5
7 27
7 2
7 24
7 13
7 12
7 20
8 9
8 19
8 23
8 6
8 4
8 7
8 21
8 5
8 24
8 13
9 23
9 16
9 6
9 18
9 21
9 24
9 13
9 20
10 25
10 0
10 8
10 11
10 9
10 19
10 23
10 14
10 21
10 2
11 19
11 15
11 16
11 6
11 14
11 18
11 4
11 7
11 5
11 12
11 20
12 20
13 20
14 4
14 21
14 27
14 24
14 12
15 23
15 6
15 14
15 27
15 13
15 12
16 18
16 4
16 7
16 21
16 5
16 13
17 3
17 22
17 8
17 26
17 23
17 16
17 6
17 14
17 4
17 21
17 27
17 13
18 7
18 21
18 27
18 2
19 23
19 16
19 6
19 7
19 2
19 24
19 12
21 27
21 13
21 12
21 20
22 8
22 9
22 16
22 6
22 14
22 7
22 5
22 24
22 12
22 20
23 16
23 6
23 7
23 21
23 5
23 27
23 12
23 20
24 20
25 11
25 9
25 19
25 15
25 14
25 21
25 12
25 20
26 23
26 6
26 18
26 7
26 21
26 5
26 24
26 13
27 2
27 24
27 13
27 20
