33 156
0 6
0 24
0 14
1 25
1 11
2 31
2 21
2 16
2 20
2 4
2 8
2 0
2 6
2 9
2 5
2 29
2 25
3 10
3 5
3 7
3 1
3 11
4 32
4 27
4 9
4 10
4 24
4 1
5 1
6 3
6 24
7 1
8 6
8 26
8 11
9 3
9 25
10 5
10 25
12 16
12 4
12 28
12 27
12 10
12 14
13 23
13 19
13 20
13 0
13 6
13 9
13 3
13 10
13 25
15 31
15 16
15 23
15 4
15 9
15 5
15 1
15 25
16 8
16 9
16 3
16 24
16 1
16 25
17 12
17 19
17 20
17 32
17 0
17 27
17 26
17 7
17 24
17 1
17 14
17 11
18 24
18 25
19 0
19 26
19 7
20 4
20 8
20 0
20 27
20 6
20 9
20 10
20 7
20 24
20 14
20 11
21 12
21 20
21 4
21 28
21 6
21 26
21 5
21 7
21 1
21 25
22 31
22 21
22 4
22 0
22 6
22 29
22 1
22 14
23 26
23 3
23 18
23 7
23 14
25 14
26 7
26 1
26 11
27 9
27 26
27 1
28 5
28 14
30 13
30 17
30 21
30 32
30 9
30 26
30 10
30 5
30 1
30 25
30 11
31 13
31 23
31 0
31 28
31 9
31 26
31 3
31 10
31 18
31 24
31 29
31 25
31 11
32 28
32 24
32 25
32 14
