31 243
0 17
0 12
0 26
0 4
0 13
0 18
0 5
0 21
0 19
0 7
0 24
0 9
1 20
1 25
1 2
1 0
1 27
1 26
1 10
1 5
1 30
1 21
1 9
2 23
2 0
2 3
2 10
2 18
3 26
3 10
3 13
3 5
3 7
3 24
4 13
4 18
4 30
4 21
4 7
4 9
5 19
5 9
6 29
6 20
6 25
6 2
6 23
6 15
6 0
6 17
6 3
6 26
6 13
6 30
6 21
6 19
6 9
7 24
7 9
8 28
8 20
8 25
8 15
8 0
8 17
8 27
8 12
8 26
8 4
8 5
8 21
8 19
8 7
8 24
8 9
10 18
10 30
10 19
10 7
10 24
10 9
11 22
11 6
11 29
11 14
11 25
11 0
11 27
11 12
11 26
11 10
11 4
11 5
11 21
11 19
11 24
11 9
12 3
12 4
12 13
12 30
12 21
12 7
13 18
13 5
13 30
13 21
13 19
13 24
13 9
14 25
14 23
14 27
14 26
14 10
14 21
14 19
14 7
14 24
15 17
15 12
15 18
15 5
15 30
15 19
15 7
15 24
16 22
16 14
16 2
16 23
16 17
16 10
16 4
16 5
16 21
16 19
16 9
17 3
17 10
17 13
17 30
17 21
17 7
18 5
18 19
18 7
18 24
19 24
20 2
20 23
20 0
20 3
20 26
20 4
20 13
20 18
20 5
20 19
20 7
20 24
20 9
21 24
22 6
22 29
22 20
22 25
22 23
22 15
22 17
22 27
22 10
22 13
22 18
22 30
22 21
22 19
22 7
22 24
23 15
23 27
23 3
23 10
23 5
23 30
23 21
23 24
24 9
25 2
25 23
25 0
25 27
25 12
25 3
25 10
25 13
25 5
25 21
25 19
25 7
25 9
26 10
26 4
26 13
26 30
26 19
26 7
26 24
26 9
27 3
27 26
27 10
27 4
27 18
27 5
27 21
27 24
27 9
28 17
28 26
28 4
28 18
28 5
28 7
28 24
28 9
29 8
29 28
29 20
29 14
29 25
29 0
29 17
29 27
29 10
29 13
29 18
29 21
29 7
29 24
29 9
30 7
30 24
