31 239
0 18
0 21
0 8
0 24
0 12
0 29
0 1
0 26
0 2
0 11
0 13
0 20
0 17
1 3
1 16
1 7
1 23
1 11
1 13
1 28
1 4
1 5
2 23
2 13
2 4
2 5
3 16
3 2
3 23
3 13
3 19
3 4
3 27
3 17
4 5
6 4
6 27
7 23
7 11
7 6
7 5
7 27
7 20
8 24
8 12
8 22
8 3
8 16
8 7
8 11
8 19
8 6
8 4
8 27
9 30
9 14
9 10
9 18
9 21
9 15
9 12
9 1
9 16
9 23
9 11
9 13
9 19
9 28
9 4
9 27
9 20
10 8
10 24
10 12
10 22
10 1
10 26
10 16
10 7
10 2
10 23
10 11
10 13
10 19
10 28
10 27
10 17
11 19
11 6
12 22
12 29
12 26
12 3
12 16
12 7
12 2
12 23
12 19
13 19
13 6
13 5
13 27
13 17
14 0
14 10
14 18
14 8
14 12
14 1
14 26
14 16
14 2
14 11
14 13
14 4
14 27
14 17
15 8
15 12
15 22
15 26
15 3
15 11
15 13
15 19
15 6
15 28
15 5
16 2
16 11
16 5
18 21
18 15
18 8
18 12
18 22
18 1
18 26
18 23
18 13
18 19
18 4
18 5
18 27
18 17
19 28
19 5
19 27
20 17
21 8
21 24
21 29
21 1
21 26
21 16
21 7
21 13
21 6
21 4
21 20
21 17
22 29
22 1
22 3
22 16
22 2
22 19
22 6
22 28
22 4
22 5
22 20
22 17
23 13
23 4
23 27
23 20
24 12
24 22
24 29
24 3
24 16
24 23
24 13
24 28
24 5
24 17
25 9
25 30
25 14
25 10
25 18
25 8
25 24
25 22
25 29
25 7
25 2
25 11
25 19
25 6
25 4
25 5
25 20
26 2
26 23
26 11
26 28
26 27
27 20
27 17
28 5
28 20
28 17
29 1
29 26
29 3
29 16
29 7
29 2
29 23
29 11
29 13
29 19
29 6
29 4
29 5
29 20
29 17
30 10
30 21
30 8
30 26
30 16
30 7
30 2
30 11
30 6
30 20
