34 160
0 10
0 5
0 11
0 15
0 2
0 13
0 14
0 32
0 26
1 9
1 7
1 13
1 14
1 26
2 6
2 14
2 21
3 22
3 16
3 1
3 13
3 32
3 28
4 10
4 22
4 31
4 5
4 15
4 2
4 13
4 28
5 12
5 15
5 24
5 2
5 30
6 26
6 28
7 30
8 17
8 6
8 13
8 26
8 28
9 24
9 17
9 6
10 3
10 23
10 5
10 12
10 11
10 8
10 17
10 2
10 13
10 32
10 19
10 21
11 16
11 1
11 20
11 7
11 2
11 30
11 28
12 29
12 9
12 28
13 19
13 21
14 32
14 26
15 20
15 8
15 2
16 20
16 8
16 17
16 2
16 13
16 26
16 28
17 32
18 22
18 6
18 26
18 21
20 2
20 30
20 19
20 21
22 23
22 5
22 15
22 7
22 6
22 32
22 28
23 5
23 12
23 29
23 11
23 15
23 20
23 9
23 30
23 13
23 14
23 19
23 28
24 26
25 22
25 23
25 29
25 15
25 17
25 32
25 28
26 28
27 0
27 1
27 20
27 8
27 24
27 7
27 30
27 26
27 28
27 21
29 11
29 8
29 7
29 13
29 14
29 26
29 28
29 21
30 6
30 13
30 14
30 32
30 26
30 21
31 5
31 16
31 17
31 32
32 21
33 25
33 22
33 29
33 15
33 1
33 9
33 8
33 2
33 30
33 19
33 21
