34 279
0 2
0 30
0 1
0 28
0 19
0 11
1 33
1 28
1 5
1 20
2 30
2 33
2 28
2 5
2 11
2 20
3 9
3 8
3 10
3 0
3 2
3 1
3 5
4 9
4 16
4 15
4 10
4 33
4 28
4 19
4 5
4 20
6 15
6 10
6 7
6 0
6 2
6 1
6 19
6 5
7 2
7 29
8 6
8 15
8 7
8 2
8 33
8 28
8 19
8 29
8 5
9 15
9 0
9 2
9 1
9 33
9 19
9 5
9 11
9 20
10 0
10 2
10 19
10 11
12 6
12 15
12 7
12 2
12 30
12 1
12 33
12 28
12 19
12 11
12 20
13 24
13 21
13 32
13 12
13 3
13 0
13 2
13 30
13 29
13 5
14 24
14 21
14 12
14 3
14 16
14 6
14 10
14 7
14 0
14 1
14 29
14 5
14 11
15 10
15 7
15 0
15 2
15 1
15 11
15 20
16 6
16 15
16 7
16 0
16 2
16 30
16 1
16 33
16 28
16 19
16 29
16 20
17 14
17 13
17 24
17 31
17 26
17 3
17 16
17 10
17 7
17 0
17 30
17 1
17 33
17 19
17 29
17 5
17 20
18 25
18 13
18 31
18 3
18 4
18 16
18 6
18 15
18 10
18 1
18 33
18 29
18 5
18 20
19 29
19 11
19 20
21 32
21 12
21 3
21 16
21 15
21 7
21 0
21 19
21 5
22 27
22 23
22 25
22 13
22 31
22 26
22 4
22 8
22 6
22 15
22 7
22 0
22 2
22 29
22 5
22 11
23 25
23 17
23 14
23 21
23 12
23 3
23 4
23 16
23 15
23 10
23 7
23 0
23 2
23 5
23 11
24 21
24 32
24 3
24 4
24 9
24 16
24 6
24 15
24 10
24 2
24 28
24 5
24 20
25 17
25 13
25 24
25 31
25 32
25 6
25 10
25 7
25 1
25 33
25 28
25 19
25 20
26 32
26 12
26 4
26 9
26 8
26 6
26 15
26 10
26 7
26 1
26 19
26 20
27 23
27 13
27 24
27 31
27 26
27 21
27 9
27 16
27 10
27 7
27 0
27 2
27 30
27 1
27 33
27 19
27 20
28 29
28 5
29 5
30 33
30 28
30 29
31 26
31 21
31 32
31 12
31 3
31 9
31 16
31 8
31 15
31 10
31 7
31 2
31 1
31 33
31 5
31 11
32 4
32 16
32 6
32 0
32 30
32 1
32 5
32 11
33 29
33 5
33 20
