34 171
0 1
0 3
0 11
0 25
0 19
0 17
1 13
1 8
1 12
1 30
1 9
1 25
1 19
1 15
2 5
2 31
2 26
2 7
2 9
2 19
2 17
3 11
3 8
3 21
3 9
3 19
3 22
3 18
4 10
4 8
4 9
4 17
4 18
5 1
5 26
5 8
5 18
6 30
6 9
6 25
6 19
6 15
7 22
7 18
8 30
8 7
9 19
9 17
10 13
10 12
10 6
10 7
10 15
10 18
11 10
11 8
11 7
11 9
11 22
12 7
12 17
13 9
13 15
13 22
14 11
14 10
14 6
14 22
15 22
16 29
16 33
16 1
16 26
16 4
16 11
16 19
16 18
20 14
20 1
20 4
20 13
20 8
20 21
20 6
20 7
20 9
20 25
20 19
21 25
21 19
21 15
21 22
21 17
23 29
23 20
23 14
23 10
23 21
23 12
23 6
23 9
23 19
23 15
23 22
24 32
24 23
24 16
24 31
24 0
24 11
24 30
24 25
24 22
24 18
25 15
25 22
26 4
26 11
26 21
26 7
26 9
26 19
26 15
27 14
27 5
27 0
27 26
27 21
27 30
27 9
27 19
27 15
27 22
28 20
28 5
28 31
28 4
28 12
28 30
29 2
29 0
29 8
29 9
29 22
30 18
31 1
31 4
31 30
31 7
31 25
31 15
31 22
32 28
32 33
32 20
32 5
32 31
32 0
32 4
32 7
32 15
32 22
32 17
33 2
33 31
33 26
33 21
33 6
33 7
33 25
33 15
