28 190
0 9
0 12
0 20
0 10
0 6
0 21
0 19
0 24
0 7
0 22
1 21
1 2
1 19
1 4
1 23
1 14
1 22
2 19
2 24
2 4
2 13
2 7
2 23
2 14
3 25
3 20
3 6
3 2
3 19
3 24
3 27
3 7
3 23
3 14
3 22
4 13
4 7
4 15
5 0
5 9
5 18
5 3
5 25
5 12
5 26
5 6
5 8
5 4
5 27
5 13
5 14
5 22
6 19
6 11
6 4
6 27
6 15
6 22
7 15
7 22
8 2
8 19
8 4
8 7
8 23
9 3
9 12
9 26
9 20
9 10
9 2
9 19
9 11
9 15
10 6
10 1
10 8
10 19
10 27
11 4
11 13
11 14
12 26
12 20
12 6
12 1
12 21
12 8
12 2
12 19
12 24
12 11
12 4
12 27
12 14
12 15
12 22
13 15
14 15
16 0
16 9
16 18
16 3
16 25
16 26
16 10
16 1
16 8
16 19
16 4
16 27
16 13
16 7
17 16
17 5
17 9
17 12
17 20
17 1
17 21
17 8
17 2
17 19
17 24
17 4
17 27
17 13
17 7
17 23
17 22
18 12
18 26
18 20
18 21
18 8
18 19
18 13
18 7
18 14
18 15
18 22
19 13
19 7
19 23
19 15
19 22
20 1
20 21
20 8
20 11
20 4
20 13
20 23
20 15
21 8
21 2
21 19
21 24
21 11
21 4
21 27
21 13
21 7
21 22
24 11
24 7
24 23
24 14
24 22
25 12
25 10
25 6
25 8
25 2
25 7
25 14
25 15
26 20
26 1
26 2
26 24
26 11
26 7
26 23
26 22
27 13
27 7
27 23
27 14
27 15
