31 222
0 15
0 1
0 11
3 25
3 17
3 0
3 27
3 21
3 14
3 15
3 1
3 24
3 16
3 2
4 23
4 6
4 25
4 22
4 0
4 21
4 15
4 24
4 16
5 17
5 22
5 21
5 14
5 11
5 2
6 3
6 25
6 17
6 0
6 27
6 15
6 1
6 8
6 16
6 11
7 10
7 9
7 30
7 20
7 26
7 4
7 6
7 5
7 25
7 27
7 21
7 11
7 2
8 16
8 2
9 30
9 12
9 18
9 4
9 5
9 14
9 1
9 8
9 24
9 16
9 11
9 2
10 30
10 20
10 12
10 26
10 23
10 3
10 19
10 5
10 25
10 17
10 22
10 0
10 21
10 15
10 8
10 11
11 2
12 18
12 26
12 4
12 6
12 3
12 25
12 17
12 0
12 21
12 15
12 1
12 16
12 2
13 20
13 28
13 12
13 18
13 4
13 3
13 17
13 22
13 21
13 15
13 8
13 24
14 15
14 1
14 16
14 11
14 2
15 8
15 16
16 2
17 0
17 21
17 15
17 1
17 24
17 16
17 11
17 2
18 26
18 4
18 5
18 17
18 27
18 15
18 1
18 24
18 11
19 25
19 17
19 21
19 1
19 11
19 2
20 12
20 18
20 4
20 6
20 19
20 15
20 24
20 11
21 24
21 16
21 2
22 0
22 27
22 15
22 8
23 6
23 19
23 27
23 21
23 14
23 1
23 8
23 11
23 2
25 22
25 27
25 21
25 15
25 1
25 16
25 11
26 23
26 6
26 19
26 5
26 22
26 14
26 15
26 8
26 24
26 16
26 2
27 21
27 8
27 16
27 11
28 18
28 26
28 4
28 25
28 17
28 22
28 0
28 27
28 1
28 8
28 16
28 11
29 13
29 9
29 20
29 28
29 12
29 18
29 26
29 4
29 3
29 25
29 22
29 0
29 27
29 21
29 16
30 20
30 12
30 18
30 4
30 23
30 3
30 0
30 21
30 1
30 11
