30 228
0 14
0 4
0 21
0 22
0 11
0 15
0 2
0 5
0 18
0 23
0 8
1 18
1 7
1 28
1 24
1 20
1 8
2 5
2 18
2 28
2 24
2 23
2 6
2 9
2 8
3 7
3 28
3 23
3 6
3 20
4 27
4 17
4 21
4 22
4 15
4 16
4 2
4 25
4 13
4 5
4 7
4 28
4 12
4 20
5 18
5 24
5 23
5 6
5 8
6 8
7 28
7 12
7 24
7 8
10 14
10 4
10 17
10 21
10 22
10 26
10 29
10 11
10 15
10 16
10 25
10 13
10 5
10 1
10 28
10 12
10 24
10 6
10 9
10 20
10 8
11 16
11 13
11 5
11 1
11 18
11 7
11 28
11 12
11 6
11 20
11 8
12 24
12 9
12 20
13 5
13 1
13 3
13 28
13 8
14 4
14 27
14 17
14 21
14 22
14 26
14 19
14 29
14 11
14 2
14 13
14 1
14 3
14 28
14 12
14 24
14 23
14 6
14 9
15 13
15 5
15 1
15 7
15 28
16 2
16 25
16 5
16 1
16 18
16 3
16 7
16 23
16 6
16 20
16 8
17 21
17 22
17 26
17 11
17 15
17 2
17 5
17 18
17 3
17 12
17 23
17 6
18 7
18 28
18 12
18 6
18 9
18 8
19 29
19 15
19 2
19 13
19 1
19 3
19 28
19 24
19 23
19 6
19 9
20 8
21 22
21 26
21 11
21 15
21 16
21 2
21 25
21 5
21 18
21 3
21 28
21 12
22 26
22 29
22 25
22 13
22 1
22 18
22 3
22 12
22 23
22 6
22 20
22 8
23 6
24 23
24 6
24 9
24 8
25 18
25 23
25 6
26 29
26 11
26 16
26 2
26 3
26 12
26 23
26 8
27 17
27 26
27 29
27 15
27 16
27 3
27 28
27 24
27 6
27 20
27 8
28 24
28 6
28 9
28 20
28 8
29 16
29 2
29 25
29 13
29 18
29 7
29 28
29 12
29 24
29 23
29 6
29 9
29 20
