31 126
0 21
0 8
0 16
0 7
0 2
0 22
1 2
2 22
3 15
3 5
3 1
3 17
4 1
4 23
4 29
4 17
5 16
5 7
5 30
5 29
5 12
6 7
6 29
7 29
7 12
7 17
8 20
8 25
8 15
8 26
8 1
8 23
8 7
8 12
8 22
9 4
9 26
9 1
10 16
10 29
11 25
11 9
11 3
11 16
11 12
12 17
12 22
13 11
13 24
13 4
13 10
13 23
13 30
13 2
14 4
14 1
14 23
14 2
14 29
14 12
14 22
15 23
15 30
15 2
15 29
15 12
15 17
16 30
16 17
18 28
18 8
18 24
18 9
18 3
18 1
18 27
18 16
18 29
19 21
19 28
19 8
19 25
19 10
19 6
19 27
19 16
19 7
19 30
20 24
20 25
20 1
20 23
20 16
20 7
20 2
21 18
21 4
21 16
21 22
23 16
24 15
24 23
24 6
24 29
25 9
25 4
25 29
25 22
26 6
26 7
27 16
27 30
27 29
28 8
28 14
28 11
28 4
28 10
28 5
28 27
28 16
28 30
28 29
28 17
28 22
29 12
