35 306
0 33
0 13
0 2
0 7
0 29
0 25
0 30
0 16
0 22
0 11
1 14
1 8
1 0
1 33
1 2
1 21
1 20
1 29
1 25
1 30
1 16
1 24
2 21
2 7
2 25
2 16
2 11
3 28
3 32
3 4
3 15
3 33
3 13
3 9
3 21
3 7
3 29
3 22
3 11
4 27
4 34
4 0
4 5
4 13
4 9
4 2
4 21
4 20
4 29
4 30
4 16
4 22
4 11
4 24
5 9
5 20
5 7
5 30
5 22
5 11
6 23
6 17
6 31
6 3
6 18
6 28
6 15
6 34
6 8
6 33
6 13
6 9
6 30
6 16
6 11
7 25
7 16
7 22
8 0
8 2
8 21
8 7
8 29
8 25
8 30
8 22
8 11
8 24
9 2
9 21
9 7
9 16
9 24
10 3
10 28
10 4
10 1
10 27
10 14
10 8
10 0
10 5
10 9
10 2
10 20
10 25
10 30
10 11
10 24
11 24
12 32
12 4
12 15
12 1
12 8
12 0
12 33
12 5
12 13
12 21
12 20
12 30
12 16
12 22
12 11
12 24
13 9
13 29
13 30
13 11
14 33
14 13
14 9
14 7
14 29
14 30
14 16
14 22
15 0
15 5
15 20
15 29
15 30
15 16
15 11
15 24
16 24
17 31
17 18
17 28
17 8
17 33
17 5
17 2
17 16
17 11
18 32
18 4
18 15
18 27
18 34
18 0
18 33
18 5
18 9
18 20
18 16
18 22
18 24
19 12
19 31
19 26
19 3
19 4
19 15
19 1
19 34
19 33
19 5
19 13
19 20
19 29
19 25
20 7
20 30
20 22
21 20
21 25
21 11
22 24
23 12
23 17
23 31
23 3
23 28
23 32
23 4
23 27
23 14
23 33
23 5
23 2
23 21
23 7
23 29
23 25
23 24
25 22
25 24
26 10
26 18
26 32
26 1
26 27
26 14
26 8
26 0
26 33
26 9
26 2
26 7
26 29
26 16
26 11
27 14
27 34
27 8
27 0
27 5
27 9
27 21
27 20
27 7
27 29
27 30
27 22
28 32
28 4
28 1
28 0
28 33
28 13
28 9
28 2
28 21
28 20
28 7
28 29
28 30
28 16
28 22
28 11
28 24
29 30
29 16
29 11
30 16
30 24
31 26
31 10
31 3
31 18
31 28
31 32
31 4
31 14
31 5
31 9
31 2
31 20
31 7
31 29
31 25
31 30
31 16
32 4
32 15
32 1
32 34
32 5
32 9
32 2
32 20
32 7
32 25
32 22
32 11
32 24
33 5
33 2
33 21
33 20
33 7
33 29
33 25
33 24
34 33
34 5
34 13
34 9
34 2
34 21
34 30
34 22
34 11
34 24
