32 253
0 16
0 3
0 12
0 8
0 22
0 2
1 30
1 18
1 11
1 5
1 7
1 27
1 19
1 29
1 4
1 14
1 15
1 0
1 16
1 3
1 6
1 12
1 22
3 6
3 12
3 20
4 14
4 31
4 0
4 12
4 20
5 19
5 29
5 25
5 17
5 15
5 16
5 3
5 6
5 12
5 8
6 12
6 20
7 27
7 21
7 23
7 4
7 25
7 15
7 16
7 6
7 12
7 8
8 20
9 1
9 30
9 18
9 11
9 13
9 21
9 19
9 23
9 29
9 25
9 15
9 0
9 16
9 3
9 6
9 12
9 8
10 30
10 24
10 11
10 26
10 5
10 13
10 7
10 27
10 21
10 4
10 25
10 14
10 31
10 0
10 8
10 22
10 20
10 2
11 26
11 13
11 7
11 27
11 21
11 4
11 25
11 17
11 31
11 15
11 3
11 12
11 20
12 8
13 7
13 19
13 23
13 16
13 3
13 12
13 8
13 20
14 31
14 15
14 0
14 16
14 12
14 8
14 22
15 16
15 6
15 8
15 20
16 6
16 12
16 2
17 14
17 16
17 3
17 6
17 12
17 8
17 22
18 11
18 13
18 7
18 27
18 23
18 17
18 8
18 22
18 2
19 4
19 31
19 15
19 3
19 12
19 22
19 20
20 2
21 23
21 4
21 14
21 15
21 0
21 3
21 12
21 8
21 20
22 20
22 2
23 4
23 25
23 15
23 8
23 20
23 2
24 18
24 11
24 13
24 7
24 21
24 29
24 4
24 25
24 14
24 15
24 0
24 16
24 3
24 6
24 12
24 20
24 2
25 31
25 0
25 3
25 6
25 12
25 8
25 22
26 27
26 4
26 25
26 17
26 31
26 15
26 16
26 6
26 12
26 8
26 22
27 4
27 17
27 14
27 31
27 15
27 0
27 16
27 3
27 6
27 8
27 20
27 2
28 1
28 30
28 24
28 18
28 13
28 7
28 27
28 21
28 19
28 23
28 25
28 17
28 15
28 16
28 12
28 20
29 31
29 6
29 12
29 8
29 22
29 20
30 18
30 5
30 13
30 27
30 25
30 14
30 15
30 16
30 3
30 6
30 8
30 2
31 15
31 0
31 16
31 6
31 12
31 22
