33 272
0 6
0 29
0 12
0 11
0 7
0 30
0 23
1 14
1 32
1 0
1 6
1 29
1 28
1 27
1 30
1 25
1 4
2 10
2 3
2 26
2 1
2 32
2 0
2 21
2 29
2 28
2 12
2 7
2 19
2 25
2 4
2 23
2 17
3 20
3 5
3 1
3 32
3 21
3 6
3 29
3 28
3 11
3 19
4 17
5 1
5 14
5 32
5 0
5 21
5 6
5 28
5 22
5 27
5 7
5 25
5 23
5 17
6 12
6 27
6 11
6 7
6 19
6 25
6 17
7 30
7 19
7 25
7 4
8 24
8 5
8 1
8 14
8 21
8 6
8 29
8 22
8 11
8 30
8 19
8 25
8 23
8 17
9 16
9 10
9 3
9 31
9 20
9 8
9 26
9 5
9 1
9 14
9 21
9 6
9 29
9 22
9 27
9 11
9 7
9 25
9 4
10 3
10 20
10 8
10 14
10 32
10 0
10 29
10 28
10 22
10 19
10 4
10 17
11 7
11 30
11 4
11 23
11 17
12 22
12 27
12 7
12 25
12 4
12 17
13 16
13 2
13 3
13 20
13 1
13 14
13 32
13 0
13 21
13 6
13 29
13 22
13 19
13 4
13 17
14 32
14 0
14 21
14 6
14 29
14 28
14 12
14 11
14 30
14 19
14 25
14 17
15 20
15 8
15 24
15 26
15 0
15 6
15 12
15 22
15 27
15 19
15 4
15 23
15 17
16 15
16 31
16 20
16 8
16 1
16 0
16 21
16 28
16 12
16 27
16 17
18 2
18 15
18 10
18 31
18 20
18 24
18 5
18 14
18 0
18 21
18 29
18 12
18 22
18 27
18 11
18 30
18 4
19 23
20 26
20 14
20 32
20 0
20 28
20 12
20 22
20 7
20 19
20 4
20 23
20 17
21 12
21 22
21 7
21 19
21 25
21 4
22 11
22 19
22 23
22 17
23 17
24 21
24 28
24 12
24 22
24 7
24 19
24 4
24 23
25 23
26 5
26 14
26 21
26 28
26 22
26 11
26 7
26 30
26 19
26 25
26 4
26 23
26 17
27 17
28 22
28 7
28 19
28 25
28 4
29 28
29 27
29 11
29 4
29 17
30 25
30 17
31 8
31 1
31 14
31 28
31 22
31 27
31 11
31 30
31 19
31 25
31 23
31 17
32 0
32 29
32 22
32 11
32 7
32 19
32 25
32 4
32 23
