27 165
0 10
1 6
1 13
1 23
1 22
1 26
1 5
1 21
1 0
1 25
2 18
2 22
2 20
2 26
2 21
2 7
2 25
2 10
3 25
4 23
4 22
4 20
4 5
4 7
4 0
4 10
5 10
6 11
6 13
6 22
6 20
6 3
6 5
6 21
6 7
6 0
6 25
6 10
7 25
8 15
8 17
8 19
8 14
8 2
8 23
8 22
8 20
8 26
8 5
8 21
9 6
9 16
9 11
9 4
9 20
9 3
9 21
9 25
11 4
11 23
11 22
11 20
11 26
11 7
11 0
11 10
12 9
12 14
12 1
12 6
12 16
12 2
12 13
12 23
12 22
12 26
12 0
12 25
12 10
13 23
13 20
13 3
13 26
13 7
14 6
14 16
14 13
14 23
14 18
14 22
14 26
14 5
14 21
14 25
14 10
15 17
15 12
15 1
15 16
15 23
15 22
16 2
16 4
16 23
16 22
16 20
16 3
16 5
16 21
16 7
16 25
16 10
17 14
17 1
17 6
17 11
17 4
17 23
17 18
17 22
17 3
17 5
17 21
17 0
17 25
18 22
18 26
18 5
18 25
18 10
19 14
19 16
19 13
19 22
19 3
19 5
19 0
20 3
20 26
20 21
20 25
20 10
21 0
21 25
22 3
22 26
22 21
22 0
22 10
23 22
23 26
23 0
23 25
23 10
24 15
24 17
24 19
24 9
24 2
24 13
24 25
24 10
26 21
26 7
26 25
