34 279
0 5
0 20
0 23
0 13
0 24
0 9
1 25
1 26
1 19
1 30
1 0
1 5
1 7
1 20
1 9
2 15
2 32
2 1
2 25
2 26
2 6
2 19
2 30
2 0
2 5
2 20
2 23
2 9
3 28
3 10
3 33
3 2
3 15
3 12
3 25
3 14
3 26
3 6
3 7
3 20
3 4
3 13
3 24
4 13
5 7
5 23
5 4
5 24
6 19
6 0
6 17
6 23
6 4
7 13
7 24
8 27
8 22
8 28
8 31
8 29
8 1
8 26
8 6
8 19
8 0
8 17
8 5
8 23
8 4
8 13
10 33
10 2
10 12
10 29
10 1
10 25
10 6
10 7
10 13
10 24
11 18
11 8
11 27
11 22
11 10
11 31
11 33
11 12
11 32
11 1
11 14
11 19
11 17
11 5
11 4
11 9
12 29
12 6
12 4
12 24
12 9
14 6
14 19
14 17
14 5
14 7
14 20
14 4
14 13
14 9
15 12
15 32
15 29
15 25
15 26
15 19
15 30
15 17
15 5
15 20
15 23
15 13
15 9
16 11
16 3
16 27
16 10
16 33
16 32
16 1
16 25
16 26
16 6
16 19
16 5
16 7
16 20
16 23
16 9
17 5
17 7
17 20
17 13
18 8
18 27
18 10
18 31
18 33
18 15
18 32
18 1
18 25
18 14
18 6
18 19
18 30
18 0
18 17
18 5
18 7
18 20
18 23
19 30
19 0
19 5
19 4
19 24
20 23
20 24
20 9
21 8
21 22
21 31
21 33
21 2
21 12
21 32
21 29
21 14
21 26
21 19
21 30
21 0
21 23
21 4
21 9
22 33
22 2
22 15
22 32
22 29
22 1
22 25
22 6
22 17
22 5
22 24
22 9
23 4
24 9
25 14
25 6
25 19
25 30
25 0
25 17
25 5
25 13
25 24
25 9
26 6
26 17
26 5
26 7
26 20
26 4
26 24
26 9
27 28
27 12
27 32
27 1
27 14
27 26
27 30
27 17
27 20
27 23
27 4
27 24
28 12
28 26
28 17
28 13
28 24
28 9
29 25
29 14
29 26
29 19
29 5
29 7
30 5
30 7
30 23
30 24
31 33
31 2
31 12
31 32
31 6
31 19
31 30
31 20
31 4
31 13
31 9
32 29
32 25
32 30
32 0
32 17
32 5
32 7
32 20
32 23
32 9
33 2
33 15
33 29
33 1
33 14
33 26
33 6
33 19
33 17
33 4
33 13
33 9
