32 162
0 11
0 14
0 19
2 9
2 14
2 13
3 24
3 16
3 27
3 10
3 14
3 13
3 19
3 1
4 2
4 9
4 14
4 13
5 6
5 29
5 25
5 8
5 9
5 13
5 19
6 27
6 31
6 2
6 0
6 14
6 1
7 23
7 24
7 29
7 25
7 27
7 4
7 19
7 1
8 11
8 14
8 13
8 19
9 1
10 2
10 15
10 11
10 9
10 13
10 1
12 7
12 22
12 21
12 31
12 10
12 11
12 9
12 14
14 1
15 11
15 13
15 1
16 25
16 27
16 10
16 11
16 9
17 22
17 5
17 3
17 29
17 30
17 31
17 8
17 2
17 14
17 13
17 1
18 20
18 29
18 25
18 8
18 4
18 15
18 9
20 24
20 16
20 2
20 15
20 11
20 13
20 19
21 3
21 20
21 16
21 31
21 8
21 10
21 15
21 13
22 21
22 24
22 27
22 31
22 9
22 14
22 1
23 3
23 20
23 24
23 30
23 27
23 31
23 8
23 4
23 0
23 14
23 1
24 29
24 4
24 2
24 0
24 15
24 19
25 31
25 4
25 2
25 0
25 15
25 13
25 19
25 1
26 22
26 5
26 6
26 24
26 31
26 4
26 10
26 14
27 2
27 0
27 9
27 19
28 22
28 21
28 29
28 16
28 0
29 30
29 8
29 10
29 0
30 31
30 10
30 0
30 9
31 4
31 10
31 0
31 15
31 9
