32 240
0 18
0 16
0 21
0 24
0 2
0 10
1 25
1 26
1 9
1 6
1 12
1 28
1 3
1 0
1 17
1 7
1 23
1 21
1 2
1 31
1 15
1 10
1 5
2 19
2 22
2 5
3 18
3 27
3 21
3 2
3 19
3 15
3 10
3 5
4 12
4 3
4 0
4 27
4 23
4 30
4 21
4 15
4 22
4 10
6 4
6 12
6 3
6 0
6 18
6 7
6 23
6 16
6 21
6 2
6 31
6 19
6 22
6 5
7 27
7 16
7 30
7 21
7 24
7 19
7 22
7 10
7 5
8 25
8 20
8 11
8 4
8 3
8 0
8 17
8 7
8 23
8 21
8 31
8 19
8 10
8 5
9 4
9 3
9 0
9 29
9 17
9 23
9 30
9 21
9 19
9 15
9 22
11 6
11 12
11 28
11 29
11 17
11 27
11 23
11 24
11 19
11 22
11 10
11 5
12 0
12 29
12 7
12 23
12 16
12 31
12 19
12 22
12 5
13 3
13 18
13 7
13 30
13 21
13 24
13 2
13 31
13 19
13 15
13 22
13 10
13 5
14 11
14 6
14 4
14 28
14 18
14 27
14 23
14 21
14 15
16 21
16 24
16 2
16 31
16 22
17 23
17 16
17 30
17 24
17 2
17 31
17 22
17 10
17 5
18 23
18 30
18 21
18 24
18 31
18 10
18 5
19 5
20 26
20 9
20 11
20 0
20 18
20 17
20 23
20 21
20 31
21 24
21 2
21 19
21 22
22 5
23 16
23 21
23 24
23 31
23 22
23 5
24 2
24 31
24 19
24 15
24 5
25 26
25 9
25 14
25 6
25 4
25 3
25 0
25 18
25 17
25 7
25 22
25 10
26 9
26 14
26 4
26 12
26 28
26 13
26 17
26 7
26 16
26 30
26 24
26 31
26 5
27 23
27 16
27 19
27 15
27 22
27 10
27 5
28 0
28 29
28 17
28 7
28 27
28 23
28 16
28 30
28 31
28 15
28 22
28 5
29 17
29 7
29 31
29 19
29 22
29 5
30 2
30 31
30 15
30 22
31 19
31 15
31 10
31 5
