33 164
0 12
0 22
0 2
0 30
0 18
0 11
1 19
1 25
2 9
2 29
2 8
2 13
2 6
2 1
2 31
2 19
2 25
3 18
3 29
3 8
3 6
3 1
4 6
4 11
4 21
4 19
5 16
5 18
5 29
5 11
5 1
6 11
6 14
6 19
6 25
7 12
7 17
7 9
7 18
7 29
7 13
8 1
8 19
9 26
9 8
9 13
9 1
9 14
9 19
9 25
10 20
10 23
10 9
10 15
10 6
10 19
11 1
11 31
11 21
12 22
12 2
12 3
12 28
12 18
12 13
12 6
13 31
13 21
13 19
13 25
14 25
15 6
15 11
15 25
16 18
16 6
16 14
16 19
17 20
17 5
17 18
17 8
17 11
17 21
17 19
18 29
18 19
20 22
20 16
20 3
20 28
20 11
20 1
20 14
20 31
20 21
20 19
22 30
22 26
22 3
22 18
22 8
22 6
22 11
22 21
22 19
23 2
23 26
23 16
23 15
23 3
23 4
23 28
23 6
23 14
23 19
23 25
24 20
24 2
24 9
24 15
24 4
24 18
24 6
24 11
26 16
26 3
26 4
26 18
26 29
26 1
26 14
27 7
27 17
27 2
27 15
27 8
28 18
28 29
28 14
29 8
29 6
29 1
29 31
30 9
30 16
30 4
30 18
30 29
30 19
30 25
31 21
31 25
32 27
32 10
32 7
32 0
32 2
32 26
32 3
32 28
32 29
32 1
32 19
