29 107
0 17
0 16
1 18
1 2
1 3
1 5
1 10
1 17
1 13
1 15
2 0
2 19
2 6
2 15
3 5
3 20
3 10
3 25
3 0
3 17
3 6
3 16
3 15
4 9
4 18
4 5
4 10
4 25
4 13
4 6
4 16
5 25
5 19
5 13
6 16
7 5
7 25
7 6
8 21
8 10
8 17
8 19
8 24
8 22
9 18
9 17
9 6
9 16
9 22
10 25
10 17
10 13
10 16
11 4
11 2
11 3
11 17
11 13
11 6
11 16
12 18
12 2
12 20
12 25
12 13
12 16
12 14
13 6
13 15
13 14
17 19
18 10
18 25
19 16
19 15
20 25
20 24
20 15
21 1
21 11
21 0
21 17
21 24
21 14
22 14
23 12
23 3
23 24
23 6
24 14
25 6
26 5
26 10
26 17
26 13
26 6
26 15
26 14
27 11
27 4
27 2
27 5
27 25
28 21
28 26
28 5
28 20
