34 275
0 26
0 14
0 16
0 13
0 22
0 12
0 20
0 27
1 31
1 0
1 29
1 14
1 33
1 12
1 21
1 20
1 27
2 15
2 9
2 8
2 1
2 31
2 13
2 28
2 33
2 22
2 18
2 20
3 5
3 2
3 19
3 15
3 25
3 11
3 9
3 6
3 23
3 4
3 30
3 1
3 31
3 0
3 29
3 14
3 13
3 28
3 33
3 22
3 21
4 30
4 0
4 26
4 14
4 16
4 22
4 18
4 24
4 20
5 7
5 6
5 1
5 31
5 10
5 14
5 16
5 28
5 33
5 22
5 21
6 8
6 29
6 14
6 33
6 22
6 18
6 12
6 21
6 27
7 2
7 9
7 23
7 4
7 8
7 0
7 26
7 16
7 28
7 22
7 24
7 27
8 1
8 31
8 14
8 13
8 22
8 24
8 27
9 6
9 23
9 4
9 1
9 10
9 14
9 16
9 13
9 22
9 18
9 12
9 24
9 21
10 16
10 13
10 28
10 33
10 18
10 24
10 21
11 23
11 4
11 8
11 30
11 26
11 10
11 16
11 33
11 24
11 21
11 20
11 27
12 24
12 27
13 33
13 18
14 16
14 13
14 22
14 20
15 25
15 9
15 6
15 8
15 0
15 16
15 13
15 28
15 33
15 22
15 18
15 21
15 27
16 13
16 33
16 22
16 18
17 7
17 2
17 15
17 25
17 11
17 9
17 4
17 30
17 0
17 26
17 14
17 16
17 13
17 28
17 33
17 22
17 24
17 20
17 27
18 21
18 20
18 27
19 15
19 11
19 9
19 6
19 4
19 30
19 1
19 29
19 13
19 22
19 12
19 21
19 20
19 27
21 20
22 18
22 21
23 1
23 31
23 26
23 14
23 18
23 12
23 24
23 21
23 20
23 27
25 6
25 23
25 4
25 8
25 30
25 0
25 26
25 10
25 16
25 18
25 12
25 24
25 21
25 27
26 29
26 14
26 16
26 28
26 33
26 22
26 21
26 20
26 27
28 33
28 12
28 24
29 14
29 33
29 22
29 18
29 24
29 21
30 1
30 31
30 0
30 10
30 14
30 16
30 28
30 33
30 18
30 12
30 24
30 20
30 27
31 26
31 14
31 16
31 28
31 22
31 24
31 21
32 19
32 15
32 11
32 23
32 4
32 30
32 1
32 10
32 29
32 14
32 13
32 33
32 22
32 24
32 21
32 27
33 22
33 18
33 24
33 21
