31 132
1 20
1 13
1 24
1 30
1 12
1 23
1 19
1 25
2 11
2 16
2 29
2 23
2 6
2 5
2 8
2 26
2 0
3 6
3 9
3 27
3 21
4 1
4 20
4 11
4 22
4 24
4 30
4 12
4 6
4 9
5 26
5 0
6 25
6 26
6 0
7 14
7 16
7 29
7 28
7 24
7 30
7 3
7 19
7 9
7 8
8 21
8 26
8 0
9 5
9 18
10 13
10 12
10 8
10 26
10 0
11 16
11 22
11 28
11 12
11 8
12 6
12 19
12 9
12 18
12 26
13 28
13 24
13 23
13 6
13 25
13 27
14 2
14 12
14 23
14 19
14 21
14 26
15 7
15 11
15 17
15 29
15 22
15 10
15 30
15 27
16 28
16 6
16 8
16 21
17 12
17 3
17 25
17 21
18 27
18 26
19 21
19 26
20 29
20 10
20 12
20 18
20 8
20 0
22 13
22 28
22 30
22 23
22 6
22 5
22 21
23 3
23 6
23 19
23 8
23 21
24 27
24 8
24 21
24 0
25 27
25 0
26 0
28 3
29 3
29 5
29 8
29 0
30 12
30 3
30 6
30 25
30 26
