33 160
0 1
0 13
0 25
0 10
1 13
1 25
1 17
1 28
1 11
1 10
2 31
2 12
2 5
2 24
2 9
2 21
2 22
2 13
2 28
2 19
2 29
3 17
3 10
4 19
4 10
5 27
5 6
5 21
5 0
5 3
5 17
5 19
5 15
5 10
6 30
6 0
6 1
6 25
6 3
6 28
6 29
7 0
7 1
7 13
7 17
9 25
9 28
9 15
9 10
11 10
12 5
12 6
12 13
12 17
12 29
12 15
12 8
12 10
14 28
14 19
14 29
14 8
16 2
16 6
16 30
16 7
16 0
16 3
16 11
17 4
17 11
17 8
17 10
18 6
18 21
18 30
18 22
18 23
18 13
18 4
18 19
18 29
19 10
20 31
20 12
20 5
20 6
20 21
20 30
20 7
20 23
20 0
20 1
20 3
20 28
20 11
20 8
21 23
21 4
21 29
21 11
21 15
22 7
22 23
22 3
22 4
22 10
23 0
23 13
23 29
24 30
24 0
24 1
24 17
24 15
24 10
25 14
25 15
25 10
26 31
26 12
26 27
26 6
26 30
26 0
26 3
26 17
26 29
26 11
27 7
27 0
27 1
27 25
27 17
27 28
27 19
27 11
27 8
28 19
28 11
28 10
29 11
29 15
29 10
30 8
31 24
31 4
31 19
31 29
31 15
32 18
32 9
32 30
32 0
32 3
32 4
32 14
32 29
32 15
32 10
