27 107
0 1
0 4
0 12
0 16
0 14
1 19
1 4
1 21
1 16
1 10
2 23
2 25
2 15
2 18
2 24
2 4
2 12
2 6
2 21
2 3
4 12
4 7
4 14
4 3
5 3
6 10
6 5
7 14
8 25
8 1
8 12
8 6
9 25
9 15
9 0
9 18
9 1
9 24
9 4
9 5
9 22
10 5
10 3
11 26
11 6
11 10
11 20
11 3
12 10
12 20
13 26
13 18
13 21
13 20
15 0
15 26
15 19
15 21
15 16
15 10
15 20
15 22
16 10
16 3
17 1
17 24
17 12
17 5
17 20
18 24
18 19
18 12
18 21
18 7
18 10
18 20
18 3
19 10
19 3
20 3
21 7
21 10
21 20
21 22
21 3
22 3
23 9
23 11
23 1
23 19
23 4
23 20
23 22
24 4
24 12
24 16
24 5
24 3
25 1
25 14
25 20
26 6
26 21
26 7
26 10
26 5
26 3
