29 120
0 18
0 6
0 12
0 2
0 14
0 15
0 21
1 9
1 8
1 16
1 7
1 24
2 7
2 28
3 13
4 22
4 10
4 17
4 25
4 1
4 8
4 14
4 20
5 10
5 6
5 23
5 8
5 19
5 14
5 15
5 20
6 12
6 9
6 19
6 20
8 19
8 11
8 7
8 15
8 21
8 3
9 2
9 8
9 19
9 3
9 13
10 25
10 1
10 9
10 23
10 19
10 11
10 14
10 21
10 24
11 20
11 21
12 1
12 28
12 15
12 24
12 13
14 24
14 13
16 7
16 28
16 21
16 24
16 13
17 12
17 25
17 16
17 19
17 11
17 21
18 10
18 17
18 25
18 1
18 11
18 14
18 15
18 20
19 28
19 14
19 15
19 3
20 24
22 26
22 12
22 25
22 1
22 16
22 24
23 8
23 19
23 28
23 3
24 3
24 13
25 9
25 23
25 19
25 11
25 15
25 20
25 21
25 24
25 13
26 17
26 16
26 19
26 7
26 28
26 13
27 8
27 20
27 24
28 15
28 20
