32 142
0 22
0 3
0 25
0 12
0 24
0 11
1 12
2 0
2 13
2 17
2 1
2 12
3 26
3 8
3 6
3 30
3 13
3 19
3 5
3 17
3 1
4 16
4 22
4 3
4 26
4 6
4 30
4 19
4 17
4 1
5 7
5 25
5 9
5 1
5 12
6 30
6 5
6 7
6 10
6 17
6 24
7 18
7 17
8 30
8 5
8 12
8 24
9 1
9 12
9 24
10 17
10 1
10 12
12 24
12 11
13 19
13 5
13 9
13 17
14 15
14 20
14 4
14 22
14 8
14 7
14 12
15 0
15 26
15 5
15 10
15 17
15 24
16 29
16 5
16 18
17 11
18 17
18 12
19 5
19 10
19 9
19 12
20 1
20 12
20 24
21 14
21 20
21 6
21 30
21 13
22 3
22 26
22 8
22 13
22 17
22 24
23 27
23 6
23 30
23 29
23 5
23 18
23 17
23 11
25 18
25 24
26 6
26 29
26 25
26 9
26 18
26 12
27 15
27 20
27 22
27 29
27 25
27 1
28 31
28 14
28 15
28 20
28 3
28 6
28 13
28 19
28 5
28 17
28 1
28 24
28 11
29 19
29 12
29 11
30 29
30 5
30 12
31 27
31 14
31 2
31 10
31 24
