30 139
0 26
0 29
0 7
0 21
0 24
1 27
1 19
1 20
1 18
1 29
1 4
1 21
2 23
2 20
2 14
2 18
2 17
2 29
2 7
2 21
3 17
3 29
3 7
3 25
4 21
5 29
5 7
5 4
5 24
6 16
6 11
6 10
6 23
6 14
6 0
6 5
6 29
6 4
7 25
7 4
8 20
8 3
8 18
8 17
8 29
8 25
8 21
8 24
9 20
9 14
9 18
9 26
9 25
10 20
10 14
10 3
10 7
10 25
11 15
11 23
11 3
11 18
11 0
11 5
11 4
11 24
12 4
13 15
13 23
13 3
13 0
13 17
13 29
13 4
13 21
13 24
14 18
14 7
14 24
15 14
15 18
15 0
15 26
15 5
15 29
15 22
15 4
16 11
16 19
16 8
16 18
16 5
16 12
16 25
16 4
16 21
16 24
17 5
17 29
17 12
17 4
18 17
18 5
18 4
19 15
19 9
19 22
19 7
19 25
19 24
20 17
20 5
20 22
20 12
22 7
22 25
22 21
22 24
23 14
23 17
23 5
23 29
23 22
23 4
25 24
27 15
27 9
27 20
27 0
27 25
28 27
28 13
28 0
28 26
28 5
28 22
28 7
28 4
29 22
