27 171
0 10
0 7
1 0
1 7
1 13
2 6
2 16
2 20
2 1
2 10
2 13
3 26
3 4
3 21
3 8
3 25
3 17
3 14
3 22
3 19
3 16
3 20
3 1
3 0
3 10
3 13
4 25
4 24
4 6
4 16
4 1
4 0
4 10
5 18
5 21
5 12
5 14
5 22
5 6
5 15
5 20
5 7
6 16
6 1
6 9
6 10
8 17
8 14
8 22
8 2
8 6
8 19
8 16
8 20
8 0
8 9
8 10
9 7
10 7
11 21
11 25
11 12
11 14
11 6
11 7
11 13
12 17
12 22
12 16
12 1
14 24
14 22
14 6
14 15
14 20
14 0
14 7
15 20
15 1
15 0
15 9
15 7
15 13
16 15
16 0
16 9
17 14
17 22
17 2
17 16
17 1
17 0
17 9
17 13
18 25
18 14
18 22
18 2
18 19
18 15
18 1
18 0
18 9
18 7
19 20
19 1
19 0
19 9
19 10
19 7
19 13
20 1
20 10
20 7
20 13
21 8
21 25
21 17
21 6
21 16
21 15
21 9
21 13
22 2
22 6
22 16
22 20
22 0
22 10
22 7
23 11
23 12
23 14
23 22
23 19
23 16
23 20
23 13
24 22
24 6
24 19
24 16
24 1
24 0
24 9
24 10
24 13
25 17
25 22
25 2
25 6
25 16
25 15
25 1
25 10
25 7
25 13
26 4
26 18
26 21
26 8
26 12
26 24
26 2
26 19
26 15
26 20
26 0
26 10
26 7
26 13
