35 296
0 16
0 19
0 24
0 30
0 15
0 7
1 11
1 9
1 32
1 2
1 3
1 31
1 26
1 12
1 29
1 17
1 16
1 30
1 15
1 28
2 3
2 22
2 12
2 29
2 17
2 19
2 24
2 30
3 14
3 20
3 31
3 22
3 21
3 29
3 16
3 19
3 30
3 28
3 7
4 9
4 6
4 32
4 14
4 20
4 22
4 21
4 12
4 29
4 17
4 16
4 15
4 28
4 7
5 1
5 23
5 4
5 9
5 6
5 32
5 34
5 25
5 14
5 22
5 26
5 21
5 12
5 29
5 0
5 16
5 30
6 32
6 18
6 8
6 2
6 25
6 3
6 14
6 31
6 22
6 26
6 21
6 29
6 17
6 24
6 30
6 10
6 28
8 34
8 3
8 31
8 29
8 0
8 17
8 16
8 19
8 7
9 27
9 8
9 2
9 34
9 33
9 25
9 3
9 14
9 22
9 0
9 24
9 30
9 15
11 23
11 34
11 25
11 3
11 14
11 26
11 21
11 15
11 10
12 0
12 19
12 24
12 15
12 28
13 11
13 4
13 6
13 8
13 2
13 34
13 20
13 31
13 22
13 26
13 12
13 29
13 17
13 16
13 15
13 10
13 7
14 20
14 31
14 22
14 12
14 29
14 0
14 16
14 19
14 30
14 15
14 28
15 28
16 19
16 24
16 28
16 7
17 16
17 30
17 28
17 7
18 27
18 34
18 33
18 25
18 3
18 31
18 22
18 21
18 12
18 29
18 0
18 17
18 24
18 30
18 15
18 10
18 28
19 10
20 26
20 21
20 0
20 16
20 19
20 24
20 30
20 10
20 28
21 16
21 24
21 30
21 10
21 7
22 21
22 17
22 16
22 19
22 24
22 15
23 4
23 6
23 18
23 8
23 34
23 33
23 25
23 20
23 31
23 26
23 12
23 29
23 16
23 19
23 24
23 30
23 15
23 10
23 7
24 30
24 15
24 28
25 20
25 31
25 22
25 26
25 21
25 29
25 0
25 24
25 28
25 7
26 29
26 17
26 19
26 7
27 33
27 20
27 22
27 26
27 21
27 12
27 17
27 30
27 15
27 28
27 7
28 7
29 0
29 19
29 24
29 30
29 15
29 10
29 28
30 7
31 22
31 21
31 29
31 0
31 16
31 30
31 7
32 18
32 8
32 34
32 25
32 3
32 20
32 0
32 15
32 10
32 7
33 25
33 3
33 20
33 31
33 26
33 12
33 29
33 16
33 19
33 15
33 7
34 33
34 25
34 14
34 31
34 22
34 21
34 12
34 29
34 0
34 17
34 19
34 24
34 30
34 10
