34 293
0 2
0 6
0 28
0 13
0 8
0 20
0 30
0 4
0 1
0 23
0 11
0 27
0 25
0 12
0 17
1 23
1 15
1 33
1 31
1 27
1 25
1 10
2 5
2 6
2 13
2 20
2 30
2 21
2 4
2 29
2 1
2 19
2 15
2 11
2 27
2 12
2 10
3 0
3 5
3 6
3 28
3 30
3 29
3 23
3 15
3 31
3 27
3 25
3 12
3 32
3 9
4 29
4 15
4 11
4 31
4 27
4 12
4 32
4 10
4 9
5 13
5 8
5 29
5 19
5 23
5 33
5 31
5 25
5 12
5 17
6 28
6 22
6 19
6 23
6 15
6 27
6 32
6 10
7 26
7 3
7 18
7 0
7 5
7 28
7 13
7 22
7 20
7 21
7 4
7 23
7 31
7 27
7 25
7 12
7 32
7 10
7 9
8 20
8 21
8 4
8 29
8 11
8 33
8 31
8 25
8 12
8 32
8 10
10 9
11 27
11 25
11 32
11 9
12 10
12 9
13 22
13 30
13 1
13 19
13 23
13 15
13 11
13 33
13 27
13 12
13 17
14 16
14 7
14 26
14 2
14 5
14 22
14 8
14 20
14 30
14 1
14 23
14 15
14 11
14 33
14 27
14 25
14 12
14 10
14 9
15 11
15 27
15 12
15 17
15 10
15 9
16 7
16 26
16 3
16 18
16 5
16 22
16 8
16 30
16 23
16 33
16 31
16 27
16 25
16 12
16 17
16 32
16 10
16 9
17 32
17 9
18 5
18 6
18 28
18 13
18 8
18 21
18 4
18 23
18 15
18 27
18 25
18 17
18 9
19 23
19 15
19 33
19 31
19 27
19 17
19 32
19 9
20 21
20 19
20 23
20 31
20 25
20 17
20 32
20 10
21 23
21 15
21 33
21 12
21 32
21 9
22 8
22 21
22 4
22 29
22 19
22 33
22 31
22 27
22 25
22 12
22 17
23 15
23 33
23 31
23 25
23 12
23 32
23 10
23 9
24 7
24 18
24 0
24 2
24 6
24 28
24 8
24 29
24 1
24 19
24 15
24 11
24 9
25 17
25 32
26 18
26 0
26 5
26 28
26 13
26 21
26 4
26 29
26 1
26 19
26 23
26 11
26 27
26 12
26 17
26 10
28 30
28 21
28 1
28 23
28 11
28 33
28 25
28 32
28 10
29 1
29 15
29 11
29 33
29 31
29 27
29 17
29 32
30 19
30 23
30 15
30 11
30 33
30 27
30 12
30 17
30 32
30 9
31 25
31 12
31 32
31 10
31 9
32 9
33 12
33 17
33 32
33 9
