32 241
0 19
0 2
0 25
0 10
0 22
0 13
0 8
0 20
0 6
0 24
0 30
0 1
0 31
0 26
0 5
0 23
0 4
0 11
0 29
1 7
1 21
1 31
1 5
1 23
1 14
1 12
1 4
1 11
1 29
2 25
2 22
2 8
2 20
2 6
2 28
2 17
2 24
2 27
2 31
2 5
2 12
2 29
2 15
3 21
3 27
3 31
3 14
3 4
3 15
4 11
5 14
5 29
6 17
6 24
6 9
6 30
6 3
6 27
6 31
6 26
6 5
6 4
7 3
7 26
7 5
7 14
7 12
7 29
8 24
8 30
8 21
8 5
8 12
8 4
8 11
8 29
9 30
9 16
9 1
9 26
9 23
9 4
9 15
10 13
10 20
10 17
10 9
10 30
10 16
10 1
10 3
10 21
10 27
10 31
10 11
10 29
11 29
12 29
13 6
13 28
13 24
13 7
13 21
13 26
13 5
13 14
13 4
13 15
16 1
16 7
16 3
16 31
16 12
16 11
16 29
17 24
17 30
17 7
17 27
17 31
17 23
17 11
17 29
18 0
18 19
18 25
18 10
18 22
18 8
18 20
18 6
18 28
18 9
18 1
18 7
18 3
18 21
18 26
18 23
18 12
18 4
18 15
19 13
19 8
19 6
19 28
19 17
19 21
19 23
19 12
19 15
20 28
20 30
20 16
20 3
20 21
20 31
20 26
20 23
20 12
20 4
21 5
21 23
21 14
21 11
21 29
21 15
22 13
22 8
22 20
22 6
22 28
22 16
22 21
22 31
22 14
22 4
22 15
23 14
23 12
23 29
24 30
24 1
24 7
24 3
24 21
24 27
24 26
24 5
24 23
24 4
24 11
24 29
24 15
25 10
25 13
25 8
25 28
25 16
25 5
25 23
25 14
25 12
25 4
25 15
26 14
26 12
26 4
26 15
27 26
27 23
27 14
27 4
27 11
27 29
28 17
28 30
28 16
28 1
28 7
28 21
28 23
28 14
28 4
28 15
29 15
30 7
30 27
30 31
30 26
30 5
30 23
30 14
30 12
30 29
30 15
31 26
31 5
31 23
31 14
31 4
