27 108
0 21
0 10
1 14
1 21
1 6
1 24
2 13
2 21
2 24
2 10
3 2
3 0
3 21
3 24
3 10
4 14
4 16
5 6
5 24
5 10
6 20
6 24
7 22
7 3
7 0
7 14
7 10
8 15
8 9
8 6
8 24
9 3
9 20
9 16
9 10
11 23
11 21
11 20
12 8
12 5
12 4
12 14
12 6
13 21
13 16
13 24
13 10
14 21
14 16
14 24
15 5
15 3
15 1
15 13
15 6
15 10
16 10
17 26
17 23
17 7
17 9
17 22
17 13
17 20
18 12
18 7
18 8
18 15
18 3
18 24
19 12
19 26
19 8
19 15
19 9
19 5
19 3
19 2
19 13
19 20
19 16
21 6
21 20
22 3
22 0
22 13
22 21
22 20
22 16
22 24
23 7
23 8
23 22
23 0
23 13
23 21
25 23
25 8
25 15
25 3
25 13
25 6
25 20
26 23
26 5
26 22
26 13
26 20
