29 200
0 26
1 2
1 20
1 12
1 22
1 23
1 6
1 24
1 0
1 26
2 19
2 12
2 6
2 24
2 0
2 26
3 28
3 7
3 15
3 20
3 12
3 22
3 6
3 0
3 26
4 25
4 1
4 2
4 20
4 22
4 6
4 24
5 18
5 14
5 17
5 4
5 1
5 7
5 15
5 12
5 16
5 6
5 24
6 26
7 13
7 2
7 16
7 22
7 23
7 24
7 0
8 10
8 9
8 18
8 4
8 1
8 13
8 15
8 19
8 20
8 12
8 22
8 6
8 0
9 14
9 28
9 27
9 7
9 13
9 15
9 19
9 22
10 18
10 14
10 17
10 28
10 27
10 1
10 21
10 7
10 13
10 15
10 2
10 16
10 22
10 0
10 26
11 5
11 18
11 14
11 17
11 3
11 28
11 13
11 15
11 2
11 20
11 12
11 16
11 6
11 0
12 22
12 6
12 24
12 0
12 26
13 2
13 19
13 20
13 12
13 22
13 6
13 24
13 0
14 17
14 28
14 27
14 1
14 13
14 2
14 16
15 2
15 20
15 16
15 23
15 6
15 0
15 26
16 22
16 23
16 6
17 4
17 3
17 28
17 27
17 1
17 21
17 13
17 2
17 20
17 23
17 6
17 26
18 17
18 25
18 3
18 1
18 21
18 7
18 13
18 2
18 20
18 16
18 22
18 24
18 26
19 12
19 23
19 0
19 26
20 12
20 24
20 26
21 13
21 15
21 2
21 22
22 26
23 6
23 0
23 26
24 0
24 26
25 3
25 1
25 7
25 15
25 2
25 19
25 16
25 22
25 23
25 6
25 26
27 1
27 21
27 7
27 20
27 16
27 22
27 24
27 26
28 21
28 7
28 15
28 20
28 12
28 16
28 24
28 0
