34 154
0 4
0 31
0 21
1 25
1 32
1 0
1 9
1 4
1 31
2 27
2 3
2 8
2 17
2 32
2 4
3 24
3 18
3 10
3 26
3 17
3 0
3 9
3 23
3 16
3 21
4 21
6 29
6 20
6 24
6 1
6 25
6 9
7 23
7 4
7 16
7 31
7 5
7 21
8 32
8 22
8 7
8 19
8 31
8 30
9 7
9 19
10 17
10 32
10 0
10 23
10 31
10 30
11 20
11 3
11 10
11 8
11 17
11 32
11 4
11 15
11 31
11 30
11 21
12 6
12 11
12 20
12 13
12 3
12 14
12 10
12 0
12 9
12 23
12 31
12 21
13 18
13 10
13 26
13 22
13 5
13 21
14 17
14 0
14 9
14 4
14 5
14 21
15 31
16 31
16 21
17 32
17 0
17 7
17 23
17 16
17 31
17 5
18 26
18 32
18 0
18 21
19 16
19 31
19 30
19 21
20 32
20 16
20 5
22 23
22 31
24 26
24 32
24 23
24 31
24 30
24 5
24 21
25 14
25 18
25 8
25 26
25 19
25 16
25 5
26 19
26 15
26 16
26 31
27 24
27 18
27 10
27 17
27 9
27 7
28 33
28 19
28 23
28 16
28 5
29 1
29 8
29 7
29 4
29 15
31 5
32 19
32 23
33 14
33 10
33 26
33 32
33 9
33 7
33 30
