29 118
0 3
0 20
0 12
0 28
0 11
0 27
0 13
0 4
0 18
0 22
0 17
0 2
0 7
0 1
2 8
2 6
2 9
2 1
3 21
3 23
3 12
3 4
3 18
3 17
3 1
4 15
4 22
4 2
4 8
5 13
5 18
5 17
5 8
5 7
6 7
7 1
8 7
8 9
10 13
10 15
10 16
10 6
10 7
10 9
10 1
11 27
11 13
11 4
11 18
11 25
11 1
12 13
12 15
12 25
12 26
13 25
13 16
13 24
13 7
13 9
14 28
14 5
14 4
14 17
14 1
15 22
15 25
15 9
16 24
16 7
16 9
16 1
17 16
17 26
18 9
18 1
19 7
19 9
20 12
20 11
20 22
20 25
21 12
21 16
21 8
21 9
22 17
22 2
22 1
23 20
23 12
23 5
23 11
23 18
23 17
23 25
23 24
23 2
23 8
23 6
24 8
24 7
24 1
26 8
27 4
27 15
27 26
27 7
27 9
27 1
28 27
28 13
28 18
28 15
28 17
28 16
28 6
28 7
