26 102
0 8
0 17
0 18
0 1
2 12
2 18
2 7
2 1
4 9
4 0
4 8
4 2
4 22
4 3
4 23
5 24
5 12
5 22
5 6
8 17
8 1
9 2
9 18
9 22
10 24
10 19
10 4
10 0
10 8
10 6
11 10
11 4
11 22
11 7
12 17
12 3
12 7
12 6
12 1
12 21
13 11
13 14
13 24
13 9
13 25
13 12
13 17
13 21
14 16
14 19
14 0
14 25
14 8
14 22
14 3
15 10
15 5
15 24
15 19
15 0
15 2
15 17
15 18
15 22
15 23
15 7
15 21
16 24
16 4
17 18
17 23
19 9
19 25
19 8
19 12
19 17
19 18
19 23
19 6
19 1
19 21
20 19
20 0
20 2
20 18
20 7
20 1
20 21
22 3
22 6
22 21
23 21
24 4
24 9
24 25
24 12
24 3
24 7
24 1
24 21
25 17
25 18
