33 264
0 8
0 11
0 4
0 16
0 27
0 32
0 6
0 31
0 30
0 17
0 28
1 13
1 23
1 7
1 8
1 11
1 19
1 18
1 30
1 3
1 10
1 21
3 10
3 22
3 25
4 14
4 20
4 32
4 6
4 30
4 17
4 3
4 10
4 21
4 2
4 25
5 13
5 7
5 15
5 11
5 4
5 24
5 14
5 18
5 27
5 32
5 6
5 31
5 3
5 25
6 3
6 21
6 2
7 15
7 4
7 24
7 16
7 20
7 6
7 17
7 28
7 3
7 10
8 11
8 14
8 19
8 27
8 31
8 3
8 21
8 25
9 8
9 11
9 14
9 20
9 27
9 31
9 30
9 17
9 28
9 3
9 10
9 22
9 25
10 25
11 4
11 14
11 16
11 32
11 31
11 30
11 28
11 3
11 10
11 22
12 5
12 13
12 23
12 7
12 9
12 0
12 24
12 16
12 20
12 19
12 6
12 31
12 30
12 17
12 28
12 22
12 21
12 2
13 7
13 11
13 4
13 24
13 16
13 20
13 18
13 32
13 6
13 31
13 30
13 28
13 3
13 22
13 2
13 25
14 20
14 19
14 18
14 6
14 28
14 3
14 10
14 22
14 21
14 2
15 11
15 24
15 20
15 19
15 18
15 32
15 6
15 17
15 28
15 22
15 21
16 19
16 18
16 32
16 17
16 3
16 10
16 21
17 28
17 2
18 31
18 30
18 17
18 22
19 18
19 27
19 6
19 31
19 30
19 17
19 28
19 3
19 10
19 22
19 2
19 25
20 27
20 31
20 28
20 3
21 2
21 25
22 21
22 25
23 9
23 0
23 14
23 19
23 27
23 31
23 30
23 3
23 10
23 21
23 2
23 25
24 19
24 18
24 27
24 6
24 30
24 10
24 22
24 21
24 25
26 29
26 1
26 13
26 9
26 15
26 8
26 4
26 14
26 16
26 20
26 32
26 30
26 28
26 3
26 10
26 21
26 25
27 32
27 31
27 30
27 17
27 28
27 3
27 10
27 22
27 2
28 3
28 22
28 25
29 5
29 13
29 23
29 7
29 0
29 8
29 4
29 24
29 14
29 16
29 20
29 19
29 18
29 32
29 6
29 3
29 10
29 22
30 22
30 2
31 30
31 17
31 28
31 2
32 6
32 31
32 28
32 10
32 22
32 21
32 25
