35 179
0 32
0 3
0 26
1 32
1 25
2 33
2 7
2 8
2 12
2 3
2 25
3 25
3 26
4 9
4 21
4 30
4 33
4 0
4 34
4 12
4 32
4 13
4 3
4 25
4 26
5 21
5 30
5 33
5 24
5 22
5 16
5 34
5 12
5 28
6 24
6 16
6 15
6 25
6 26
7 8
7 3
7 25
8 12
8 1
8 32
9 30
9 14
9 2
9 33
9 24
9 7
9 28
9 3
10 3
11 8
11 25
13 10
13 3
13 26
14 20
14 33
14 34
14 15
14 26
15 12
15 13
15 10
16 15
16 13
16 10
16 25
17 29
17 21
17 14
17 2
17 6
17 11
17 18
17 28
18 3
19 9
19 29
19 21
19 30
19 20
19 24
19 15
19 13
20 6
20 16
20 8
20 15
20 18
20 1
20 32
20 26
21 14
21 2
21 6
21 0
21 16
21 34
21 18
21 32
22 0
22 8
22 15
22 32
23 9
23 17
23 31
23 14
23 6
23 33
23 7
23 22
23 8
23 12
23 32
23 13
23 26
24 11
24 34
24 15
24 18
24 28
24 32
24 13
24 10
27 21
27 31
27 2
27 6
27 33
27 7
27 22
27 16
27 13
27 25
28 32
28 13
28 10
28 3
28 25
28 26
29 2
29 22
29 16
29 8
29 15
29 28
29 26
30 6
30 0
30 11
30 16
30 15
30 32
30 13
31 20
31 2
31 6
31 7
31 0
31 16
31 28
31 26
32 25
32 26
33 24
33 18
33 12
33 13
33 10
33 26
34 12
34 13
34 25
34 26
