34 162
0 7
0 14
0 16
0 9
0 11
1 11
1 3
2 30
2 28
2 27
4 23
4 18
4 31
4 1
4 14
4 16
4 21
4 27
5 2
5 21
5 3
5 29
6 16
6 27
6 3
7 14
7 25
7 6
7 5
7 9
8 33
8 1
8 25
8 6
8 16
8 22
8 11
9 28
9 11
9 21
10 19
10 30
10 28
10 27
11 27
12 18
12 20
12 26
12 1
12 10
12 6
12 5
12 19
12 9
12 11
13 31
13 6
13 16
13 30
13 28
13 27
14 19
14 2
14 28
14 27
15 13
15 31
15 0
15 6
15 16
15 19
15 2
15 30
15 28
15 21
15 27
15 3
16 19
16 9
16 2
16 30
16 11
16 29
17 13
17 31
17 0
17 7
17 5
17 21
17 27
17 3
18 24
18 14
18 16
18 27
18 3
19 9
19 11
19 21
20 17
20 24
20 31
20 1
20 7
20 25
20 6
20 22
20 19
20 2
20 21
20 3
22 19
22 27
23 18
23 15
23 1
23 25
23 21
24 31
24 1
24 0
24 14
24 10
24 6
24 22
24 5
25 16
25 2
25 21
26 24
26 31
26 1
26 0
26 7
26 10
26 21
26 29
27 29
28 11
30 28
30 11
31 25
31 10
31 3
31 29
32 12
32 6
32 16
32 22
32 3
33 23
33 12
33 0
33 10
33 6
33 22
33 19
33 9
33 2
33 11
33 21
33 29
