35 184
0 26
0 4
0 15
0 7
0 34
0 29
0 14
0 27
0 11
2 33
2 12
2 34
2 21
2 23
2 3
2 10
2 14
2 5
2 6
2 27
2 11
2 1
3 19
3 27
4 2
4 31
4 15
4 22
4 34
4 23
4 17
4 10
4 20
4 32
4 11
4 24
4 1
5 27
6 24
6 1
6 25
7 32
7 27
8 4
8 12
8 7
8 29
8 17
8 10
8 14
8 11
9 12
9 7
9 34
9 21
9 23
9 3
9 19
9 14
9 5
9 24
10 30
10 25
11 24
11 1
11 25
12 22
12 23
12 32
12 30
12 6
12 27
12 11
12 1
13 2
13 31
13 23
13 20
13 14
13 6
13 11
13 25
15 7
15 21
15 23
15 29
15 3
15 32
15 6
15 27
15 11
15 24
16 18
16 4
16 34
16 21
16 17
16 19
16 30
17 3
17 32
17 28
17 30
17 27
18 4
18 13
18 12
18 7
18 21
18 20
18 11
18 25
19 30
19 5
19 24
20 28
20 30
20 1
21 23
21 29
21 17
21 19
21 20
21 5
21 27
21 11
21 24
21 1
22 34
22 21
22 3
22 19
22 32
22 6
23 19
23 28
23 11
23 1
24 1
26 13
26 2
26 7
26 34
26 23
26 3
26 28
26 30
26 5
26 6
27 11
27 24
27 25
28 25
29 17
29 3
29 10
29 32
29 30
29 5
31 7
31 34
31 17
31 28
32 28
32 27
32 24
32 1
32 25
33 7
33 22
33 34
33 5
33 1
33 25
34 21
34 23
34 3
34 20
34 32
34 28
34 30
34 24
34 1
34 25
