35 178
0 33
0 2
0 1
0 10
0 16
0 11
0 18
1 11
1 29
2 20
3 8
3 24
3 32
3 29
3 18
4 17
4 30
4 7
4 15
4 0
4 24
4 6
4 10
4 14
5 9
5 11
6 33
6 20
6 1
6 10
6 5
7 15
7 13
7 28
7 8
7 31
7 32
7 20
7 26
7 1
7 16
7 18
8 12
8 2
8 20
8 10
9 29
10 18
12 6
12 31
12 2
12 11
12 29
13 23
13 6
13 26
13 10
13 9
13 29
14 18
15 0
15 21
15 31
15 20
15 1
15 5
15 16
15 9
15 29
17 22
17 7
17 25
17 24
17 12
17 23
17 2
17 20
17 5
17 16
17 9
17 18
19 22
19 7
19 12
19 6
19 33
19 26
19 1
20 26
20 10
20 16
21 24
21 6
21 33
21 1
21 11
21 29
22 27
22 13
22 3
22 31
22 26
22 10
22 5
22 16
22 11
23 33
23 20
23 5
23 16
23 14
23 18
24 23
24 33
24 10
24 9
24 11
24 29
25 15
25 0
25 13
25 24
25 12
25 6
25 31
25 32
25 2
25 16
25 9
26 1
26 16
26 29
27 25
27 13
27 21
27 12
27 20
27 9
27 11
27 29
28 33
28 2
28 26
28 1
28 10
28 18
30 25
30 15
30 3
30 8
30 24
30 31
30 20
30 1
30 16
30 11
31 9
31 11
32 1
32 5
32 16
32 11
32 29
33 26
33 1
33 5
33 14
33 29
34 7
34 27
34 15
34 24
34 33
34 31
34 32
34 26
34 11
34 29
