30 218
0 17
0 27
0 9
0 21
0 10
0 13
0 11
0 6
0 7
1 20
1 29
1 16
1 4
1 8
1 12
1 0
1 9
1 14
1 21
1 18
1 3
1 10
1 26
1 13
1 6
2 5
2 27
2 18
2 3
2 23
2 28
2 26
2 13
2 6
3 23
3 26
3 11
3 7
4 8
4 5
4 27
4 9
4 14
4 21
4 18
4 24
4 23
4 10
4 6
5 0
5 27
5 14
5 3
5 23
5 28
5 13
5 6
6 7
8 19
8 0
8 27
8 9
8 3
8 24
8 23
8 10
8 26
8 13
9 14
9 18
9 3
9 24
9 23
9 10
9 6
10 26
10 11
10 6
12 2
12 27
12 9
12 14
12 21
12 18
12 3
12 10
12 13
12 11
12 7
14 18
14 3
14 24
14 23
14 10
14 28
15 16
15 4
15 19
15 12
15 2
15 0
15 17
15 9
15 18
15 24
15 23
15 28
15 13
15 6
16 12
16 2
16 5
16 0
16 17
16 27
16 9
16 10
16 11
16 6
17 9
17 14
17 21
17 18
17 28
17 26
17 13
17 6
18 24
18 10
18 26
18 11
18 7
19 5
19 0
19 9
19 21
19 18
19 23
19 28
19 26
19 6
20 8
20 5
20 17
20 27
20 14
20 18
20 24
20 23
20 28
20 13
20 11
20 6
21 18
21 26
21 7
22 15
22 20
22 25
22 4
22 19
22 12
22 2
22 0
22 27
22 9
22 14
22 21
22 10
22 28
22 26
22 13
22 6
22 7
23 10
23 13
23 11
23 6
24 28
24 26
24 13
24 6
24 7
25 16
25 4
25 8
25 12
25 17
25 9
25 24
25 23
25 10
25 28
25 26
27 9
27 14
27 21
27 18
27 3
27 24
27 23
27 28
27 11
27 7
28 11
28 6
29 25
29 16
29 19
29 5
29 17
29 27
29 9
29 14
29 3
29 23
29 10
29 28
