29 197
0 14
0 16
0 4
0 1
0 22
0 24
0 5
0 11
0 2
0 27
1 22
1 7
1 24
1 5
1 11
1 10
1 8
1 25
1 2
1 27
1 3
2 27
2 3
4 7
4 24
4 11
4 10
4 15
4 3
5 25
5 27
6 24
6 5
6 11
6 8
6 3
7 6
7 24
7 5
7 11
7 2
7 3
8 2
9 0
9 26
9 14
9 1
9 22
9 7
9 6
9 10
9 15
9 27
10 2
11 10
11 15
11 25
11 27
12 14
12 17
12 4
12 1
12 7
12 6
12 25
12 2
12 27
12 3
13 26
13 19
13 14
13 16
13 4
13 22
13 5
13 27
13 3
14 16
14 4
14 5
14 11
14 8
14 3
15 25
15 2
15 3
16 1
16 7
16 24
16 11
16 15
16 25
16 2
16 27
17 7
17 5
17 11
17 8
17 25
17 2
18 19
18 12
18 14
18 17
18 16
18 22
18 6
18 5
18 10
18 15
18 25
18 27
18 3
19 12
19 16
19 4
19 1
19 22
19 11
19 10
19 3
20 13
20 9
20 26
20 19
20 14
20 4
20 22
20 6
20 5
20 15
20 25
20 3
21 13
21 18
21 26
21 19
21 14
21 16
21 1
21 22
21 7
21 24
21 15
21 25
21 2
21 3
22 6
22 24
22 5
22 15
22 8
22 25
22 27
22 3
23 13
23 18
23 9
23 26
23 4
23 22
23 24
23 11
23 15
23 8
23 2
23 3
24 15
24 2
24 27
25 3
26 19
26 12
26 14
26 4
26 1
26 22
26 7
26 6
26 10
26 15
26 8
26 27
26 3
27 3
28 23
28 13
28 9
28 14
28 16
28 4
28 1
28 22
28 7
28 11
28 25
28 27
