31 142
0 24
0 7
0 22
0 5
1 11
1 24
1 22
1 30
2 25
2 30
2 20
3 18
3 11
3 2
3 9
4 15
4 27
4 3
4 1
4 16
4 11
4 24
4 28
4 5
4 6
4 9
7 14
7 6
7 20
8 3
8 26
8 1
8 24
8 25
8 6
8 30
8 9
9 12
10 0
10 26
10 7
10 14
10 2
10 30
10 9
11 28
11 2
11 25
11 22
11 9
11 12
13 14
13 28
13 2
13 6
14 28
14 25
14 22
14 30
14 9
15 18
15 1
15 16
15 7
15 6
15 30
16 11
16 7
16 2
16 9
17 29
17 13
17 26
17 22
17 6
18 11
18 24
18 7
18 6
18 9
19 29
19 23
19 1
19 16
19 24
19 14
19 6
19 20
20 9
21 4
21 15
21 17
21 8
21 29
21 24
21 2
22 30
22 12
23 16
23 11
23 25
23 30
23 9
23 12
24 7
24 25
24 9
25 22
25 5
25 6
25 30
25 20
25 9
26 23
26 1
26 16
26 14
26 28
26 30
26 12
27 17
27 10
27 0
27 23
27 24
27 7
27 14
27 25
27 30
27 9
28 22
28 5
28 9
29 13
29 18
29 14
29 28
29 2
29 25
29 22
29 6
30 9
