33 260
0 13
0 17
0 7
0 19
0 29
0 5
0 31
1 32
1 26
1 2
1 21
1 27
1 6
1 22
1 16
1 24
1 10
1 17
1 7
1 4
1 14
1 19
1 29
1 15
1 23
1 30
1 31
1 25
2 21
2 6
2 22
2 24
2 0
2 11
2 10
2 4
2 19
2 23
2 5
2 30
2 31
3 25
4 5
4 3
5 30
5 3
6 22
6 20
6 24
6 13
6 8
6 11
6 12
6 10
6 17
6 19
6 29
6 30
6 25
7 4
7 14
7 19
7 15
7 23
7 30
8 11
8 12
8 10
8 17
8 23
8 5
8 30
8 3
9 24
9 13
9 18
9 8
9 12
9 17
9 29
9 15
9 23
10 17
10 14
10 19
10 23
10 5
10 30
10 31
10 3
11 12
11 17
11 7
11 4
11 14
11 19
11 29
11 15
11 31
11 3
11 25
12 19
12 29
12 15
12 5
12 30
12 31
12 25
13 8
13 11
13 10
13 17
13 7
13 14
13 15
13 23
13 30
13 31
13 3
13 25
14 19
14 29
14 23
14 3
14 25
15 23
15 5
15 31
16 20
16 9
16 24
16 8
16 11
16 7
16 4
16 23
16 30
16 25
17 31
18 8
18 10
18 7
18 19
18 29
18 15
18 5
18 30
18 31
18 25
19 23
19 5
20 24
20 0
20 13
20 11
20 17
20 4
20 14
20 19
20 15
20 30
20 3
21 27
21 16
21 24
21 18
21 11
21 10
21 17
21 7
21 15
21 23
21 31
21 3
21 25
22 20
22 18
22 11
22 12
22 7
22 15
22 23
22 5
22 30
22 25
23 5
23 30
23 25
24 0
24 13
24 18
24 19
24 29
24 31
26 21
26 24
26 0
26 13
26 18
26 8
26 12
26 10
26 4
26 14
26 30
27 22
27 9
27 24
27 13
27 12
27 10
27 4
27 14
27 23
27 30
27 3
28 21
28 6
28 16
28 24
28 0
28 13
28 8
28 11
28 12
28 10
28 7
28 14
28 19
28 23
28 3
29 15
29 23
29 30
29 31
29 3
29 25
30 25
32 26
32 2
32 21
32 27
32 6
32 22
32 9
32 24
32 0
32 13
32 18
32 8
32 12
32 17
32 7
32 4
32 14
32 5
32 30
32 31
32 3
32 25
