35 293
0 29
0 27
0 24
0 33
0 32
0 30
0 19
0 15
0 2
0 18
0 34
0 22
0 5
0 11
0 13
1 18
1 34
1 5
1 23
1 13
2 23
3 28
3 8
3 16
3 17
3 0
3 27
3 24
3 6
3 32
3 15
3 2
3 34
4 20
4 7
4 8
4 31
4 17
4 29
4 26
4 6
4 30
4 1
4 2
4 18
4 34
4 5
4 23
4 11
4 13
6 1
6 15
6 34
6 22
6 11
6 13
7 28
7 8
7 9
7 17
7 0
7 14
7 27
7 33
7 26
7 6
7 32
7 19
7 15
7 18
7 34
7 5
7 11
8 12
8 25
8 16
8 31
8 0
8 32
8 19
8 1
8 18
8 34
8 22
8 11
9 31
9 17
9 0
9 14
9 24
9 26
9 6
9 32
9 30
9 19
9 23
9 13
10 16
10 9
10 31
10 0
10 29
10 24
10 33
10 26
10 6
10 32
10 30
10 1
10 15
10 2
10 22
10 11
10 13
11 13
12 25
12 9
12 17
12 0
12 14
12 6
12 32
12 2
12 22
14 24
14 26
14 6
14 30
14 1
14 15
14 18
14 23
14 11
14 13
15 2
15 34
15 22
15 5
15 11
16 9
16 14
16 27
16 24
16 33
16 26
16 6
16 19
16 1
16 15
16 11
17 14
17 27
17 26
17 6
17 1
17 34
17 5
17 23
17 11
18 22
19 1
19 15
19 2
19 34
19 23
19 13
20 3
20 21
20 8
20 12
20 16
20 9
20 31
20 17
20 0
20 29
20 6
20 30
20 15
20 2
20 18
20 34
20 5
20 23
20 11
21 28
21 12
21 25
21 17
21 0
21 29
21 24
21 6
21 19
21 15
21 2
21 34
21 11
21 13
22 23
22 11
22 13
23 11
23 13
24 33
24 26
24 6
24 2
24 34
24 22
24 5
24 11
24 13
25 9
25 31
25 0
25 14
25 27
25 24
25 33
25 32
25 30
25 22
26 6
26 19
26 34
26 11
27 24
27 33
27 26
27 32
27 19
27 1
27 15
27 2
27 18
27 34
27 22
27 5
28 8
28 12
28 16
28 9
28 31
28 29
28 33
28 26
28 32
28 1
28 18
28 22
28 23
29 33
29 26
29 6
29 32
29 30
29 1
29 15
29 2
29 18
29 22
29 13
30 19
30 34
30 22
30 23
31 14
31 24
31 33
31 26
31 19
31 34
31 22
31 5
31 23
31 13
32 1
32 18
32 34
32 22
32 23
32 13
33 26
33 6
33 32
33 18
33 34
33 13
34 22
34 23
34 11
34 13
