35 295
0 28
0 32
0 8
1 21
1 3
1 10
1 27
1 26
1 9
1 0
1 13
2 25
2 26
2 9
2 0
2 28
2 13
3 10
3 19
3 33
3 24
3 2
3 29
3 14
3 22
3 25
3 0
3 13
3 32
4 15
4 6
4 34
4 17
4 1
4 3
4 11
4 19
4 2
4 20
4 29
4 14
4 22
4 25
4 9
4 0
4 28
4 13
4 32
4 8
5 17
5 23
5 11
5 19
5 33
5 20
5 29
5 22
5 26
5 9
5 0
5 28
5 13
5 32
5 8
6 34
6 1
6 21
6 10
6 18
6 33
6 2
6 27
6 20
6 29
6 14
6 26
6 9
6 28
6 13
6 32
7 15
7 23
7 3
7 11
7 10
7 19
7 33
7 29
7 14
7 25
7 0
7 32
7 8
9 0
9 32
10 19
10 33
10 2
10 27
10 29
10 22
10 25
10 9
10 0
10 13
11 10
11 2
11 27
11 20
11 29
11 14
11 22
11 25
11 9
11 28
11 8
12 16
12 30
12 15
12 5
12 6
12 1
12 21
12 11
12 10
12 19
12 24
12 2
12 27
12 14
12 22
12 26
12 28
12 8
14 26
14 0
14 13
14 32
14 8
15 5
15 34
15 1
15 23
15 21
15 3
15 11
15 27
15 20
15 29
15 32
16 31
16 30
16 4
16 7
16 15
16 6
16 1
16 23
16 21
16 3
16 19
16 33
16 20
16 29
16 22
16 26
16 28
16 32
17 23
17 21
17 10
17 18
17 33
17 20
17 22
17 26
17 9
17 0
17 28
17 13
17 32
17 8
18 33
18 2
18 20
18 29
18 22
18 13
18 32
18 8
19 2
19 27
19 20
19 14
19 22
19 26
19 28
19 32
20 29
20 25
20 26
20 9
20 0
20 13
21 19
21 2
21 27
21 29
21 14
21 25
21 0
22 25
22 26
22 0
22 28
22 8
23 21
23 10
23 33
23 24
23 2
23 14
23 28
23 8
24 2
24 20
24 29
24 25
24 26
24 9
24 0
25 26
25 9
25 13
26 28
26 8
27 26
27 13
27 32
27 8
29 14
29 26
29 9
29 0
29 28
29 8
30 5
30 34
30 17
30 23
30 21
30 3
30 11
30 19
30 33
30 2
30 14
30 25
30 26
30 32
30 8
31 30
31 4
31 7
31 15
31 6
31 23
31 3
31 18
31 24
31 20
31 26
31 9
31 0
31 28
32 8
33 24
33 29
33 14
33 9
33 28
33 8
34 17
34 21
34 10
34 19
34 33
34 24
34 2
34 29
34 14
34 22
34 0
34 13
34 8
