34 166
0 26
0 9
0 8
0 22
0 2
0 25
0 21
1 30
1 2
1 23
1 17
2 21
2 27
2 23
3 25
3 21
3 23
3 5
4 29
4 11
4 27
4 24
4 5
6 16
6 18
6 8
6 3
6 22
6 25
6 11
6 33
6 27
6 23
6 24
7 10
7 14
7 28
7 29
7 9
7 1
7 2
7 25
7 27
8 22
8 21
8 5
9 8
9 1
9 30
9 3
9 2
9 27
9 23
9 24
9 5
10 20
10 4
10 19
10 14
10 28
10 8
10 30
10 22
10 25
10 33
10 23
10 17
11 27
11 23
11 5
12 10
12 20
12 13
12 8
12 1
13 1
13 30
13 3
13 11
13 21
13 23
13 24
13 17
14 28
14 30
14 21
14 33
14 27
14 24
14 5
15 29
15 13
15 1
15 30
15 2
15 33
15 5
16 15
16 13
16 1
16 22
16 11
16 27
18 13
18 9
18 8
18 1
18 22
18 21
18 27
18 23
19 14
19 28
19 8
20 16
20 18
20 15
20 29
20 30
20 3
20 27
21 24
21 5
22 25
22 24
23 17
25 11
25 33
25 27
25 24
25 17
26 4
26 19
26 16
26 18
26 2
26 11
26 33
26 23
27 23
28 6
28 9
28 1
28 2
28 11
28 33
28 23
28 17
28 5
29 25
29 21
29 33
29 27
30 3
30 22
30 24
31 0
31 7
31 32
31 1
31 3
31 11
32 6
32 13
32 8
32 27
