33 160
0 10
0 9
0 18
1 14
1 19
1 11
1 15
1 29
1 30
1 17
1 31
1 9
2 19
2 25
2 13
2 24
2 30
2 20
2 31
3 5
3 24
3 9
3 18
4 3
4 13
4 24
4 6
4 30
4 0
4 10
4 9
4 12
5 32
5 24
5 27
5 0
5 26
7 4
7 32
7 27
7 10
7 26
7 9
8 16
8 14
8 25
8 11
8 4
8 23
8 15
8 13
8 0
8 12
9 18
10 20
10 26
11 15
11 13
11 29
11 10
11 9
11 12
13 6
13 27
13 30
14 28
14 11
14 5
14 6
14 30
14 17
14 12
15 13
15 24
15 27
15 0
15 10
15 20
15 17
15 31
15 18
15 12
16 19
16 11
16 5
16 23
16 32
16 13
16 29
16 6
16 0
16 26
17 26
17 18
18 12
19 5
19 23
19 21
19 24
19 6
19 0
19 20
19 18
19 12
20 9
20 12
21 13
21 6
21 12
22 7
22 4
22 3
22 21
22 13
22 29
22 0
22 10
22 26
22 31
22 18
22 12
23 32
23 27
23 17
23 31
23 12
24 6
24 30
24 0
24 9
25 23
25 15
25 26
26 12
27 0
27 26
27 12
28 5
28 23
28 15
28 13
28 27
28 20
28 17
28 26
28 31
28 9
29 27
29 17
29 9
30 10
30 18
31 9
32 15
32 21
32 29
32 6
32 17
32 18
32 12
