26 181
0 6
0 16
0 5
0 11
0 20
0 10
0 21
0 4
0 25
0 14
0 12
0 2
0 9
0 23
0 15
1 24
1 23
2 24
2 9
2 23
2 15
3 19
3 0
3 8
3 5
3 11
3 10
3 17
3 4
3 14
3 12
3 2
3 24
3 9
3 15
4 25
4 14
4 12
4 1
4 2
4 24
4 9
4 23
5 11
5 20
5 10
5 21
5 4
5 25
5 1
5 24
5 9
5 15
6 8
6 5
6 20
6 17
6 25
6 12
6 22
6 2
6 9
6 23
6 15
7 13
7 19
7 18
7 6
7 8
7 4
7 25
7 14
7 12
7 22
7 1
7 24
8 5
8 11
8 20
8 21
8 17
8 4
8 25
8 22
8 1
8 9
8 23
8 15
9 23
9 15
10 21
10 4
10 25
10 14
10 22
10 2
10 24
10 23
10 15
11 20
11 21
11 4
11 12
11 2
11 24
12 1
12 2
12 23
12 15
13 18
13 6
13 5
13 20
13 21
13 4
13 12
13 2
13 23
13 15
14 12
14 22
14 1
14 24
14 9
16 20
16 4
16 22
16 1
16 2
16 24
16 23
16 15
17 14
17 12
17 22
17 2
17 9
17 23
17 15
18 0
18 6
18 16
18 5
18 17
18 4
18 14
18 22
18 23
18 15
19 6
19 8
19 11
19 20
19 10
19 4
19 25
19 14
19 12
19 24
20 21
20 17
20 4
20 25
20 14
20 1
20 2
20 23
20 15
21 17
21 25
21 14
21 12
21 2
21 15
22 1
22 24
22 15
24 23
25 22
25 2
25 9
