35 172
0 24
0 18
0 6
2 5
2 16
2 20
2 11
2 10
2 18
2 8
3 17
3 2
3 20
3 31
3 0
3 6
3 8
4 3
4 19
4 2
4 20
4 22
4 12
4 6
4 8
4 33
5 22
5 9
5 0
5 11
5 24
5 6
5 25
7 15
7 29
7 3
7 17
7 30
7 5
7 9
7 0
7 1
7 8
7 33
9 24
9 25
9 1
9 8
9 33
10 8
11 28
11 25
12 0
12 25
12 8
13 4
13 17
13 16
13 20
13 12
13 28
13 24
13 8
14 4
14 30
14 20
14 31
14 22
14 12
14 28
14 6
14 33
15 29
15 17
15 22
15 9
15 12
15 6
15 33
16 22
16 18
16 8
17 30
17 11
17 6
17 25
19 11
19 10
19 24
19 33
20 0
20 24
20 8
21 23
21 15
21 14
21 29
21 31
21 12
21 0
21 24
21 8
22 0
22 28
22 18
22 1
23 7
23 34
23 4
23 29
23 3
23 17
23 5
23 31
23 22
23 10
24 18
24 25
25 33
26 27
26 4
26 17
26 20
26 22
26 9
26 12
26 28
26 10
26 24
26 18
27 4
27 3
27 30
27 12
27 0
27 24
27 25
28 24
28 18
28 1
28 8
29 17
29 31
29 8
30 5
30 16
30 22
30 28
30 24
30 6
30 8
31 1
31 8
32 4
32 3
32 19
32 2
32 5
32 16
32 31
32 9
32 0
32 24
32 33
34 27
34 14
34 2
34 5
34 20
34 31
34 22
34 25
