33 166
0 9
0 16
0 12
0 19
0 14
0 10
1 25
1 3
1 15
1 31
1 11
1 0
1 28
1 12
1 19
1 10
1 4
2 6
2 15
2 28
2 8
2 14
3 15
3 31
3 29
3 17
3 13
3 7
3 14
3 10
3 4
5 10
6 29
6 11
6 22
6 18
6 28
6 7
6 14
6 10
6 4
7 14
8 4
9 22
9 12
9 13
9 8
9 7
9 10
9 4
11 17
11 28
11 5
11 14
11 4
12 8
12 19
12 7
12 4
13 8
13 19
13 7
13 5
14 10
15 31
15 24
15 22
15 32
15 12
15 8
15 5
15 10
16 7
17 18
17 32
17 13
17 19
17 14
17 10
17 4
18 16
18 10
19 7
19 5
19 14
19 10
20 1
20 25
20 27
20 3
20 15
20 24
20 9
20 19
20 14
20 4
21 26
21 30
21 2
21 25
21 29
21 23
21 18
21 8
21 10
21 4
22 7
22 5
22 14
22 10
23 9
23 32
23 5
23 10
24 0
24 9
24 22
24 17
24 18
24 28
24 16
24 32
24 10
25 27
25 29
25 11
25 22
25 17
25 18
25 13
25 8
25 7
25 10
26 20
26 1
26 27
26 15
26 18
26 12
26 19
26 10
27 11
27 17
27 13
27 19
27 7
27 5
27 14
27 10
28 16
28 19
28 10
29 18
29 8
30 1
30 29
30 18
30 32
30 19
30 10
31 0
31 22
31 13
31 8
31 19
32 10
