32 274
0 1
0 20
0 15
0 27
0 29
0 5
1 20
1 15
1 27
1 5
1 12
1 26
2 6
2 21
2 19
2 28
2 23
2 0
2 13
2 1
2 22
2 20
2 15
2 27
2 14
3 7
3 18
3 25
3 1
3 20
3 15
3 27
3 14
3 29
3 12
3 26
4 3
4 7
4 28
4 18
4 25
4 0
4 1
4 15
4 27
4 14
4 29
4 12
6 31
6 21
6 9
6 4
6 7
6 28
6 18
6 23
6 25
6 0
6 13
6 1
6 22
6 20
6 14
6 29
6 12
7 28
7 18
7 25
7 13
7 1
7 20
7 15
7 27
7 12
7 26
8 30
8 6
8 19
8 4
8 3
8 7
8 28
8 18
8 0
8 13
8 22
8 27
8 14
8 5
8 12
8 26
9 3
9 18
9 25
9 0
9 13
9 1
9 20
9 15
9 27
9 14
9 29
9 5
9 12
9 26
10 17
10 24
10 8
10 6
10 4
10 28
10 18
10 23
10 25
10 13
10 1
10 22
10 20
10 15
10 29
10 5
10 12
11 10
11 17
11 8
11 2
11 30
11 9
11 4
11 18
11 0
11 13
11 1
11 22
11 20
11 5
12 26
13 22
13 15
13 29
13 12
13 26
14 5
14 12
15 27
15 29
15 5
15 26
16 11
16 10
16 30
16 31
16 19
16 4
16 3
16 28
16 18
16 23
16 25
16 13
16 22
16 20
16 27
16 29
16 5
16 12
16 26
17 8
17 31
17 21
17 4
17 3
17 23
17 0
17 13
17 22
17 20
17 5
17 12
17 26
18 25
18 0
18 13
18 1
18 27
18 14
18 29
18 5
18 26
19 28
19 0
19 13
19 22
19 29
20 15
20 5
20 26
21 9
21 19
21 4
21 3
21 7
21 18
21 23
21 25
21 0
21 15
21 12
22 15
22 14
22 5
22 12
22 26
23 25
23 13
23 1
23 27
23 14
23 5
23 12
23 26
24 30
24 6
24 31
24 21
24 9
24 3
24 7
24 18
24 1
24 22
24 15
24 27
24 14
24 5
25 13
25 1
25 22
25 15
25 29
25 5
25 12
27 14
27 29
27 12
28 23
28 25
28 0
28 13
28 22
28 27
28 14
28 12
29 12
30 31
30 4
30 7
30 18
30 23
30 25
30 27
30 14
30 29
31 4
31 3
31 7
31 28
31 18
31 13
31 1
31 20
31 27
31 5
31 12
