27 181
0 13
0 4
0 3
0 25
0 17
0 20
0 10
0 1
0 6
1 18
1 5
2 12
2 23
2 11
2 0
2 19
2 22
2 21
2 17
2 20
2 24
2 10
2 16
2 18
2 5
3 25
3 20
3 24
3 10
3 18
4 3
4 17
4 24
4 10
7 2
7 12
7 9
7 0
7 13
7 22
7 4
7 25
7 20
7 24
7 10
7 16
7 6
8 26
8 7
8 15
8 23
8 11
8 9
8 0
8 19
8 22
8 4
8 25
8 20
8 10
8 6
8 5
9 0
9 22
9 3
9 20
9 5
10 16
10 1
10 18
10 5
11 0
11 13
11 20
11 18
11 5
12 14
12 11
12 0
12 13
12 22
12 3
12 25
12 17
12 20
12 16
12 6
13 19
13 22
13 25
13 17
13 20
13 10
13 16
13 5
14 23
14 9
14 22
14 21
14 4
14 3
14 25
14 17
14 6
14 18
15 2
15 12
15 23
15 11
15 9
15 19
15 21
15 4
15 25
15 20
15 18
16 1
16 6
16 18
17 24
17 10
19 22
19 21
19 4
19 3
19 24
19 16
19 18
19 5
20 16
20 5
21 17
21 20
21 6
21 5
22 21
22 4
22 3
22 25
22 17
22 20
22 24
22 16
22 1
22 6
23 11
23 9
23 0
23 13
23 21
23 25
23 17
23 20
23 24
23 16
23 1
24 16
24 1
24 18
24 5
25 17
25 24
25 10
25 16
25 1
26 7
26 15
26 2
26 12
26 9
26 0
26 22
26 4
26 25
26 17
26 20
26 24
26 10
26 16
26 6
26 5
