35 188
0 30
0 12
0 34
0 13
0 9
0 16
0 3
1 30
1 12
1 24
1 13
1 31
1 32
1 4
2 19
2 32
2 15
2 16
3 4
5 26
5 30
5 34
5 33
5 2
5 19
5 24
5 25
5 31
5 32
5 9
5 7
5 16
5 4
6 5
6 27
6 1
6 20
6 34
6 19
6 13
6 15
6 3
7 16
7 3
7 4
8 18
8 6
8 10
8 1
8 30
8 12
8 33
8 2
8 7
9 16
9 3
10 17
10 0
10 26
10 30
10 20
10 12
10 9
10 3
11 5
11 27
11 26
11 20
11 24
11 32
11 9
11 3
12 34
12 33
12 2
12 25
12 32
13 16
14 11
14 5
14 27
14 0
14 12
14 33
14 13
15 3
15 4
16 3
17 26
17 20
17 33
17 19
17 7
17 3
17 4
18 6
18 5
18 26
18 12
18 7
19 24
19 16
19 4
20 12
20 34
20 33
20 32
20 15
20 16
21 29
21 18
21 10
21 17
21 5
21 34
21 33
21 2
21 19
21 13
21 32
21 3
22 18
22 10
22 1
22 31
22 9
22 7
22 4
23 10
23 17
23 11
23 1
23 33
23 19
23 13
23 31
23 32
23 15
24 13
24 16
24 3
25 13
25 32
25 15
25 7
25 4
26 20
26 33
26 19
26 24
26 32
26 16
26 3
27 0
27 12
27 31
27 7
28 18
28 17
28 30
28 20
28 12
28 34
28 2
28 25
28 13
28 3
28 4
29 6
29 10
29 14
29 30
29 20
29 7
29 16
30 2
30 31
30 3
31 15
31 9
31 16
33 19
33 7
33 3
34 25
34 7
34 3
34 4
