27 175
0 13
0 10
1 11
1 12
1 21
1 19
1 25
1 24
1 22
1 6
1 5
1 17
1 13
1 10
2 12
2 3
2 0
2 22
2 6
2 5
2 17
3 22
4 9
4 23
4 11
4 2
4 19
4 3
4 10
5 17
5 10
6 5
6 13
6 10
7 4
7 8
7 1
7 11
7 2
7 25
7 22
7 17
7 13
7 10
8 1
8 12
8 21
8 19
8 3
8 24
8 22
8 5
9 11
9 21
9 19
9 25
9 24
9 0
9 22
9 13
11 2
11 12
11 21
11 19
11 0
11 5
12 3
12 0
12 22
12 5
12 17
14 7
14 8
14 9
14 23
14 11
14 12
14 6
14 10
15 7
15 18
15 4
15 9
15 23
15 11
15 2
15 19
15 25
15 3
15 24
15 0
15 22
15 6
15 17
15 13
16 15
16 7
16 18
16 23
16 11
16 12
16 21
16 25
16 3
16 24
16 0
16 17
16 10
17 13
17 10
18 9
18 23
18 11
18 2
18 12
18 21
18 19
18 25
18 24
18 6
18 5
18 17
18 13
19 25
19 3
19 24
19 10
20 14
20 26
20 15
20 7
20 4
20 8
20 23
20 1
20 11
20 2
20 12
20 21
20 19
20 25
20 24
21 25
21 3
21 22
21 6
21 13
22 13
23 1
23 11
23 2
23 21
23 25
23 3
23 22
23 6
23 5
23 10
24 22
25 3
25 24
25 0
25 22
25 17
25 10
26 7
26 18
26 9
26 23
26 11
26 19
26 24
26 6
26 17
26 13
