28 195
0 19
1 18
1 4
1 9
1 12
1 23
1 3
1 21
1 0
1 15
1 25
1 17
1 20
1 19
1 16
2 9
2 27
2 3
2 8
2 26
2 0
2 15
2 20
2 19
2 16
2 24
3 26
3 21
3 15
3 24
4 9
4 27
4 14
4 23
4 5
4 21
4 0
4 15
4 20
4 19
4 16
5 26
5 0
5 25
5 20
6 11
6 18
6 12
6 27
6 10
6 3
6 8
6 5
6 21
6 0
6 15
6 17
6 20
6 19
6 16
6 24
7 22
7 11
7 2
7 10
7 23
7 3
7 8
7 0
7 15
7 17
7 20
7 19
7 24
8 5
8 26
8 21
8 17
8 19
8 16
9 10
9 23
9 3
9 8
9 5
9 0
9 15
9 25
9 17
9 16
10 14
10 3
10 8
10 26
10 21
10 0
10 25
10 17
10 20
10 19
11 2
11 13
11 18
11 9
11 12
11 27
11 3
11 8
11 5
11 26
11 21
11 0
11 17
11 16
12 23
12 3
12 8
12 5
12 26
12 17
12 20
12 19
12 24
13 18
13 4
13 9
13 12
13 10
13 14
13 8
13 5
13 26
13 21
13 0
13 15
13 20
13 24
14 3
14 5
14 15
14 16
15 20
15 16
15 24
16 24
17 19
17 24
18 4
18 12
18 10
18 14
18 3
18 8
18 21
18 17
18 19
18 16
18 24
19 16
19 24
20 19
20 16
20 24
21 0
21 15
21 20
21 19
22 6
22 2
22 10
22 8
22 21
22 15
22 20
22 19
22 24
23 8
23 5
23 15
23 25
23 16
25 17
25 20
26 0
26 15
26 25
26 24
27 14
27 23
27 8
27 0
27 15
27 19
27 16
27 24
