31 136
0 24
0 22
0 16
0 30
0 12
0 18
0 29
1 25
1 22
1 12
1 23
1 7
1 9
2 25
2 26
2 21
2 23
2 18
2 5
2 29
3 20
3 2
3 28
3 22
3 26
3 23
3 29
4 15
4 18
4 7
4 29
5 29
6 26
6 23
6 5
7 13
8 11
8 27
8 1
8 22
8 12
8 4
8 15
8 5
10 14
10 1
10 17
10 25
10 12
10 15
10 26
11 1
11 17
11 20
11 22
11 15
11 13
12 15
12 21
12 18
14 27
14 17
14 20
14 28
14 16
14 4
14 18
14 5
15 7
15 5
16 30
16 12
16 6
16 26
16 21
16 18
17 16
17 12
17 6
18 7
18 29
18 13
19 0
19 17
19 28
19 4
19 21
19 23
20 22
20 15
20 21
20 7
21 23
21 18
21 13
22 30
22 4
22 6
22 26
22 21
22 7
22 13
23 18
24 27
24 1
24 30
24 4
24 6
24 23
24 5
24 9
25 16
25 30
25 4
25 6
25 23
25 7
26 5
26 29
26 9
27 3
27 1
27 28
27 25
27 4
27 21
27 9
28 30
28 23
28 18
28 7
28 29
29 9
30 6
30 15
30 23
