32 148
0 23
0 17
0 1
0 5
0 15
1 16
1 8
1 3
2 26
2 12
2 28
2 25
2 15
4 17
4 26
4 24
4 30
4 15
6 28
6 25
6 15
6 8
6 3
7 9
7 6
7 24
7 8
9 24
9 5
9 15
9 8
9 3
10 19
10 26
10 6
10 28
10 24
10 16
11 22
11 17
11 9
11 6
11 30
11 16
11 15
12 30
12 16
12 8
13 31
13 4
13 18
13 22
13 14
13 17
13 6
13 1
13 29
13 24
13 25
13 15
14 17
14 2
14 1
14 12
14 28
14 25
14 16
15 8
17 7
17 27
17 28
17 5
18 22
18 7
18 27
18 29
18 16
18 3
19 26
19 9
19 28
19 24
19 16
19 15
20 13
20 23
20 4
20 14
20 19
20 26
20 9
20 6
20 1
20 5
21 0
21 14
21 19
21 17
21 7
21 9
21 1
21 24
21 25
21 16
22 19
22 26
22 1
22 12
22 24
22 25
22 15
23 10
23 7
23 2
23 26
23 12
23 28
23 25
23 8
24 30
24 15
24 3
25 8
26 30
26 16
27 26
27 6
27 1
27 30
28 25
28 30
28 8
29 25
29 16
29 15
29 8
29 3
30 8
30 3
31 27
31 2
31 6
31 1
31 12
31 24
31 30
31 16
31 3
