35 197
0 17
0 31
0 24
0 6
0 19
0 12
0 14
0 16
0 26
0 4
0 30
0 23
0 21
1 17
1 11
1 22
1 24
1 6
1 19
1 14
1 16
1 5
1 29
1 21
2 20
2 0
2 31
2 9
2 11
2 22
2 12
2 26
2 30
2 15
2 32
3 19
3 12
3 27
3 26
3 30
3 29
3 15
3 32
4 15
4 28
5 4
5 30
5 23
5 29
5 15
6 5
6 30
6 29
6 13
6 28
7 1
7 20
7 17
7 16
7 26
7 29
7 15
7 34
7 28
8 19
8 14
8 26
8 5
8 34
8 28
9 18
9 12
9 27
9 4
9 23
9 29
9 21
9 32
10 2
10 25
10 31
10 18
10 24
10 6
10 19
10 14
10 16
10 5
10 23
10 34
11 26
11 5
11 30
11 32
11 28
12 16
12 29
12 34
12 32
13 34
13 21
13 28
14 27
14 26
14 30
14 23
14 13
15 34
15 32
16 33
16 4
16 29
16 13
16 34
16 28
17 9
17 26
17 33
17 32
17 28
18 14
18 5
18 29
18 13
18 21
19 27
19 5
19 30
19 29
19 15
19 13
19 21
20 9
20 18
20 3
20 19
20 12
20 16
20 4
20 23
20 13
20 34
20 28
21 28
22 18
22 26
22 33
22 5
22 29
22 15
22 21
23 29
23 32
23 28
24 3
24 6
24 19
24 34
24 28
25 1
25 17
25 31
25 8
25 18
25 6
25 12
25 27
25 28
26 4
26 29
26 13
27 30
27 34
27 28
29 15
29 13
29 21
29 32
29 28
30 15
30 28
31 9
31 11
31 18
31 24
31 14
31 27
31 33
31 5
31 4
31 34
31 32
31 28
33 21
34 21
34 32
34 28
