31 233
0 4
0 3
0 7
0 15
0 26
0 22
0 30
0 19
0 9
0 24
0 2
0 11
1 29
1 11
2 29
2 11
2 10
3 7
3 15
3 26
3 30
3 13
3 23
3 14
3 19
3 18
3 2
3 11
3 10
4 3
4 7
4 6
4 20
4 25
4 30
4 16
4 13
4 23
4 14
4 21
4 19
4 9
4 8
4 18
4 1
4 17
5 4
5 7
5 26
5 22
5 23
5 21
5 8
5 24
5 1
5 10
6 16
6 12
6 13
6 14
6 19
6 24
6 2
6 1
6 29
6 11
7 6
7 26
7 20
7 25
7 16
7 13
7 21
7 8
7 24
7 1
7 10
8 18
8 17
9 8
9 18
9 1
9 17
9 11
9 10
11 10
12 13
12 19
12 24
12 1
12 29
13 14
13 21
13 9
13 1
13 17
13 11
14 19
14 8
14 18
14 2
14 1
14 17
14 29
14 10
15 6
15 26
15 25
15 12
15 13
15 23
15 14
15 24
15 29
15 11
15 10
16 23
16 21
16 9
16 8
16 2
16 1
16 11
16 10
17 29
18 2
18 11
19 9
19 8
19 18
19 2
19 1
19 29
19 11
20 12
20 9
20 8
20 24
20 2
20 17
20 10
21 8
21 24
21 18
21 1
21 17
21 11
21 10
22 20
22 12
22 13
22 8
22 24
22 2
22 1
22 11
22 10
23 14
23 24
23 18
23 2
23 29
23 11
24 29
24 11
25 30
25 13
25 23
25 21
25 19
25 9
25 8
25 24
25 2
25 1
25 11
26 22
26 25
26 30
26 16
26 12
26 21
26 19
26 9
26 18
26 17
26 29
27 0
27 5
27 3
27 7
27 15
27 6
27 22
27 20
27 25
27 30
27 16
27 13
27 14
27 19
27 8
27 18
27 2
27 1
28 27
28 5
28 4
28 3
28 7
28 15
28 6
28 25
28 12
28 19
28 9
28 24
28 2
28 1
28 29
28 10
29 11
29 10
30 16
30 12
30 14
30 19
30 9
30 24
30 18
30 17
30 29
30 10
