30 124
0 20
0 26
1 18
1 24
1 15
1 3
1 2
2 23
3 9
3 0
3 20
3 12
3 26
3 23
4 13
4 29
4 10
4 3
4 23
5 9
5 0
5 7
5 16
6 29
6 24
6 9
6 7
6 26
6 2
6 23
7 26
7 2
8 14
8 11
8 1
8 13
8 10
8 3
8 9
8 0
8 20
8 7
8 12
8 26
9 0
9 7
9 16
10 9
11 27
11 18
11 17
11 24
11 15
11 3
11 20
11 12
11 2
11 23
12 26
13 29
13 12
14 13
14 20
14 2
15 3
15 12
15 2
16 26
16 2
16 23
17 29
17 24
17 5
17 3
17 7
17 12
18 15
18 3
18 9
18 7
18 26
18 2
19 1
19 27
19 13
19 9
19 0
19 20
19 26
20 16
21 28
21 17
21 20
21 7
21 16
22 17
22 6
22 7
24 16
25 14
25 1
25 27
25 18
25 17
25 13
25 10
25 15
25 0
26 23
27 18
27 24
27 15
27 5
27 7
27 16
27 26
28 22
28 6
29 10
29 24
29 9
29 0
29 26
29 23
