33 152
0 14
0 22
0 13
0 27
0 8
0 7
0 26
0 17
1 16
1 26
1 17
2 4
2 25
2 29
2 0
2 5
2 27
2 10
2 6
2 7
2 9
2 30
2 26
2 3
3 17
4 21
4 22
4 16
4 10
4 3
4 17
5 21
5 16
5 6
5 7
5 30
5 23
6 19
6 11
6 23
7 20
7 30
7 26
7 23
7 3
8 30
9 19
9 23
11 30
12 28
12 25
12 14
12 13
12 8
12 7
12 9
13 10
13 8
13 6
13 7
13 26
13 3
14 27
14 8
14 3
15 31
15 0
15 14
15 21
15 16
15 9
15 19
15 26
15 23
15 3
15 17
16 9
16 20
16 3
18 27
18 8
18 20
18 3
19 11
19 17
20 30
21 18
21 22
21 13
21 7
21 30
21 26
21 23
22 27
22 7
24 4
24 12
24 28
24 31
24 5
24 18
24 13
24 10
24 7
24 11
24 26
25 29
25 0
25 21
25 18
25 27
25 16
25 6
26 3
27 7
27 23
27 3
27 17
28 25
28 5
28 18
28 16
28 9
28 19
29 5
29 21
29 16
29 10
29 9
29 26
29 23
29 3
30 3
30 17
31 13
31 27
31 8
31 6
31 9
31 19
31 11
31 30
31 3
31 17
32 4
32 21
32 22
32 8
32 7
32 9
32 20
32 3
