27 117
0 8
0 6
0 22
0 3
0 21
0 9
1 4
1 16
1 12
1 22
1 14
1 9
2 4
2 12
2 8
2 6
2 14
3 14
3 7
4 16
4 12
4 8
5 23
5 10
5 25
5 4
5 22
5 20
5 9
6 22
6 14
6 9
6 7
8 6
8 17
8 20
10 25
10 4
10 16
10 6
10 11
10 20
10 7
11 7
12 0
12 6
12 22
12 14
12 9
12 7
13 2
13 1
13 6
13 17
13 20
13 21
13 14
15 23
15 10
15 16
15 0
15 17
15 11
16 0
16 3
16 7
17 11
18 15
18 26
18 1
18 25
18 4
18 16
18 12
18 0
18 6
18 21
18 14
19 23
19 10
19 16
19 0
19 17
19 21
19 14
19 9
20 3
20 21
22 14
23 10
23 1
23 25
23 12
24 19
24 5
24 2
24 1
24 4
24 12
24 17
24 3
24 7
25 4
25 0
25 8
25 22
25 14
25 7
26 1
26 16
26 12
26 0
26 22
26 3
26 21
26 14
26 9
