27 110
0 6
0 9
0 13
0 21
0 12
0 5
0 22
0 18
1 9
1 13
1 10
1 7
2 14
2 1
2 23
2 15
3 11
3 8
3 26
3 2
3 9
3 4
3 21
3 15
4 12
4 15
6 1
6 5
6 20
6 18
8 26
8 17
8 2
8 13
8 4
8 10
8 5
8 23
8 15
9 13
9 12
9 5
9 22
9 23
10 23
11 6
11 10
11 12
11 7
12 5
12 22
13 21
14 13
14 21
14 20
14 15
16 25
16 14
16 6
16 21
16 12
16 22
16 18
17 2
17 1
17 9
17 13
17 21
17 10
17 12
17 20
17 18
17 15
18 7
19 25
19 11
19 26
19 17
19 2
19 9
19 4
19 10
19 12
19 22
19 15
20 7
21 22
22 18
22 15
23 18
24 19
24 3
24 17
24 2
24 14
24 0
24 6
24 9
24 15
25 0
25 13
25 4
25 21
25 5
25 22
25 20
25 18
26 14
26 23
26 15
