31 140
0 22
0 28
0 9
0 29
0 30
0 23
0 6
0 26
0 18
1 14
1 7
1 2
1 29
1 5
1 26
1 18
1 27
1 15
2 9
2 23
2 25
3 17
3 1
3 7
3 28
3 2
3 9
3 29
3 21
3 27
4 26
5 12
5 23
5 6
5 18
5 15
6 20
7 4
7 6
7 20
8 1
8 14
8 13
8 7
8 0
8 9
8 29
8 30
8 25
8 27
8 15
9 21
10 23
10 21
10 20
11 8
11 0
11 2
11 29
11 5
11 23
11 4
11 6
11 15
12 30
12 23
12 4
12 21
12 15
13 22
13 30
13 23
13 6
13 20
13 18
13 15
14 2
14 5
14 12
14 30
14 25
14 18
16 8
16 1
16 7
16 0
16 29
16 23
16 21
17 7
17 0
17 28
17 12
17 23
17 6
17 27
18 27
19 22
19 29
19 23
19 25
20 15
22 28
22 9
22 12
22 26
22 20
22 18
22 27
23 26
23 20
24 16
24 14
24 13
24 7
24 19
24 2
24 29
24 30
24 23
25 20
25 18
26 20
27 15
28 2
28 9
28 10
28 4
28 25
28 20
28 15
29 10
29 12
29 23
29 21
29 20
29 18
30 21
30 27
30 15
