26 155
0 10
0 5
0 1
2 24
2 21
2 7
2 0
2 5
2 11
2 4
2 1
3 24
3 22
3 14
3 7
3 0
3 9
3 10
3 13
3 16
3 23
3 12
4 1
4 6
5 11
5 12
5 4
5 6
7 0
7 9
7 16
7 4
7 1
7 6
8 24
8 22
8 21
8 14
8 7
8 9
8 5
8 23
8 11
8 12
9 10
9 13
9 12
9 4
9 6
10 13
10 5
10 23
10 11
10 12
10 4
10 1
11 12
11 1
11 6
12 1
13 5
13 23
13 6
14 7
14 0
14 13
14 5
14 23
14 1
15 3
15 17
15 21
15 7
15 13
15 4
15 6
16 5
16 23
16 11
16 4
16 6
17 21
17 7
17 0
17 9
17 12
17 6
18 20
18 3
18 2
18 8
18 22
18 7
18 10
18 13
18 16
18 23
19 18
19 3
19 2
19 17
19 24
19 14
19 7
19 13
19 16
19 5
19 23
20 2
20 8
20 24
20 22
20 0
20 16
20 11
20 4
20 6
21 14
21 0
21 9
21 13
21 5
21 23
21 11
21 12
21 4
21 1
21 6
22 0
22 9
22 10
22 23
22 11
22 12
22 1
23 1
23 6
24 9
24 10
24 11
24 4
24 1
25 2
25 8
25 24
25 21
25 9
25 10
25 13
25 16
25 23
25 11
25 12
25 4
25 6
