28 104
1 7
2 7
2 9
3 13
3 20
3 25
3 12
3 15
3 9
4 27
4 11
4 22
4 25
4 12
5 10
5 14
5 4
5 8
5 19
5 3
5 25
5 12
6 24
6 14
6 17
6 3
6 11
6 2
6 16
6 20
6 12
6 1
6 9
8 19
8 3
8 18
8 16
8 7
8 9
10 24
10 23
10 14
10 26
10 4
10 9
11 18
11 0
12 7
13 2
13 16
13 22
13 12
13 15
13 1
14 11
14 18
14 22
14 25
14 15
14 1
14 9
15 1
16 9
17 26
17 21
17 2
17 16
17 20
18 22
18 12
18 15
18 1
19 13
19 22
20 15
21 3
21 15
21 1
22 20
22 25
22 15
22 1
22 9
23 17
23 3
23 22
23 7
24 17
24 4
24 11
24 2
24 25
24 12
24 15
25 9
26 19
26 3
26 11
26 18
26 16
26 22
26 0
26 9
27 25
