29 125
0 13
0 27
0 22
0 20
0 17
0 3
0 10
0 4
2 21
2 1
3 10
3 16
3 9
3 12
3 11
3 5
3 21
3 1
4 2
4 5
4 14
4 6
4 1
5 23
5 1
7 26
7 9
7 8
7 11
7 1
8 11
8 21
8 1
9 12
9 8
9 11
9 14
9 6
10 24
10 7
10 9
10 15
10 8
10 5
11 14
11 6
11 1
12 6
13 27
13 7
13 4
13 23
13 1
15 8
15 5
15 23
15 14
15 21
15 1
16 6
16 1
17 10
17 16
17 4
17 26
17 15
17 2
17 1
18 8
18 2
18 21
19 27
19 10
19 24
19 16
19 26
19 5
19 21
19 1
20 17
20 3
20 24
20 16
20 9
20 15
20 11
20 1
22 10
22 16
22 7
22 4
22 26
22 9
22 15
22 23
22 14
22 21
24 7
24 4
24 26
24 9
24 12
24 15
24 2
24 21
25 8
25 11
25 2
26 9
26 15
26 2
26 6
26 1
27 3
27 10
27 7
27 8
27 11
27 1
28 0
28 18
28 20
28 17
28 6
28 1
