29 216
0 14
0 8
0 12
2 26
2 4
2 18
2 12
2 3
4 14
4 8
4 1
4 18
4 3
5 27
5 19
5 23
5 16
5 9
5 26
5 0
5 1
5 18
6 22
6 7
6 10
6 25
6 17
6 20
6 27
6 15
6 23
6 16
6 24
6 0
6 4
6 3
7 10
7 25
7 17
7 13
7 5
7 27
7 19
7 15
7 23
7 21
7 24
7 26
7 8
7 18
7 12
8 1
9 26
9 0
9 4
9 18
9 3
10 13
10 5
10 19
10 15
10 23
10 16
10 9
10 24
10 26
10 4
10 14
10 12
11 6
11 7
11 10
11 25
11 17
11 13
11 20
11 5
11 27
11 2
11 24
11 26
11 0
11 4
11 14
11 18
11 12
11 3
13 20
13 19
13 15
13 23
13 21
13 16
13 2
13 9
13 26
13 0
13 14
13 8
13 1
13 18
13 12
14 1
14 18
15 23
15 21
15 16
15 26
15 4
15 18
15 3
16 2
16 9
16 24
16 26
16 1
16 18
16 12
16 3
17 13
17 20
17 5
17 19
17 15
17 2
17 26
17 0
17 4
17 1
17 3
19 15
19 21
19 2
19 24
19 26
19 4
19 14
19 8
19 18
20 5
20 19
20 23
20 21
20 16
20 2
20 9
20 24
20 26
20 0
20 8
20 1
20 12
21 24
21 4
21 8
21 1
21 18
21 12
21 3
22 7
22 25
22 19
22 21
22 2
22 9
22 14
22 18
22 12
22 3
23 16
23 2
23 0
23 14
23 1
23 3
24 26
24 0
24 4
24 1
24 18
25 5
25 27
25 19
25 23
25 2
25 26
25 4
25 14
25 8
25 1
25 12
26 0
26 14
26 8
26 1
26 18
26 3
27 15
27 2
27 26
27 0
27 4
27 18
27 12
28 11
28 7
28 25
28 5
28 27
28 19
28 15
28 23
28 21
28 9
28 26
28 18
