28 101
0 15
0 19
0 18
1 23
1 22
1 25
1 12
1 6
1 9
1 14
1 21
1 18
2 10
2 17
2 5
3 14
3 19
4 7
5 13
5 14
5 4
5 21
6 14
6 15
6 21
8 2
8 10
8 22
8 5
8 12
8 11
8 15
8 19
9 7
9 18
10 17
10 3
10 5
10 24
10 6
10 21
10 19
11 6
11 14
11 15
12 13
12 9
12 14
12 7
12 19
13 21
14 15
14 4
16 27
16 11
16 14
17 20
17 0
17 15
20 5
20 7
20 21
20 18
22 12
22 13
22 6
22 9
22 15
22 19
23 16
23 17
23 22
23 25
23 12
23 11
23 13
23 7
23 18
24 12
24 0
24 9
24 4
24 21
25 13
25 9
26 23
26 27
26 5
26 24
26 13
26 6
26 14
26 4
26 7
27 24
27 25
27 11
27 15
27 4
27 19
27 18
