30 224
0 1
0 25
0 14
0 18
0 9
0 21
0 22
0 17
0 26
0 6
0 19
0 15
1 14
1 20
1 4
1 18
1 28
1 9
1 23
1 26
1 6
1 16
1 19
1 3
1 13
1 15
3 13
4 21
4 24
4 6
4 19
4 13
4 15
5 1
5 25
5 12
5 14
5 20
5 23
5 24
5 17
5 26
5 6
5 16
5 19
5 3
5 13
5 15
6 16
6 19
6 3
6 13
6 2
7 11
7 1
7 20
7 4
7 28
7 23
7 22
7 26
7 13
7 2
8 10
8 7
8 11
8 5
8 25
8 20
8 4
8 28
8 9
8 22
8 17
8 26
8 16
8 15
9 21
9 22
9 26
9 19
9 15
10 7
10 5
10 25
10 14
10 20
10 18
10 9
10 21
10 24
10 26
10 16
10 19
10 13
10 2
10 15
11 5
11 1
11 14
11 20
11 28
11 9
11 23
11 24
11 19
11 3
11 15
12 20
12 4
12 18
12 28
12 23
12 22
12 26
12 6
12 16
12 13
12 15
13 15
14 20
14 4
14 21
14 24
14 22
14 6
14 16
14 19
14 3
14 13
16 19
16 3
16 13
16 2
16 15
17 3
17 13
18 24
18 22
18 26
18 3
19 15
20 4
20 9
20 21
20 17
20 26
20 16
20 19
21 23
21 24
21 22
21 17
21 13
21 15
22 16
22 19
22 13
22 2
22 15
23 22
23 17
23 6
23 2
23 15
24 22
24 17
24 6
24 16
24 19
24 13
25 12
25 14
25 20
25 18
25 28
25 21
25 24
25 17
25 26
25 6
25 16
25 19
25 13
25 2
25 15
26 19
27 7
27 11
27 5
27 1
27 25
27 14
27 4
27 28
27 9
27 21
27 22
27 17
27 26
27 6
27 2
27 15
28 21
28 23
28 17
28 26
28 6
28 16
28 19
28 3
28 13
28 15
29 27
29 0
29 10
29 11
29 25
29 12
29 18
29 24
29 6
29 16
29 13
