30 134
0 3
0 23
0 8
0 16
0 15
0 27
1 23
1 8
1 16
1 17
1 26
1 25
1 21
1 18
1 12
1 14
2 25
2 18
2 12
2 19
2 28
2 14
3 24
3 23
3 5
3 8
3 26
3 15
3 22
3 19
4 3
4 24
4 1
4 8
4 26
4 9
4 13
4 12
4 7
5 16
5 26
5 22
5 19
5 6
6 7
6 14
8 17
8 15
8 21
9 21
9 19
9 6
10 0
10 29
10 22
10 6
10 14
11 4
11 3
11 24
11 23
11 8
11 16
11 27
11 25
11 18
11 13
12 28
12 14
13 28
13 14
15 9
15 22
15 18
15 7
16 17
16 15
16 25
16 6
17 26
17 15
17 13
17 12
17 14
18 28
18 14
19 7
20 24
20 1
20 29
20 8
20 16
20 26
20 9
20 19
20 6
20 7
21 12
21 19
23 2
23 26
23 21
23 12
23 19
23 6
24 16
24 2
24 25
24 9
24 18
24 19
24 6
24 7
24 28
24 14
25 18
26 9
26 22
26 19
26 6
27 25
27 9
27 19
27 6
27 28
29 5
29 16
29 25
29 22
29 21
29 12
29 19
29 28
29 14
