26 104
0 4
0 1
0 20
0 19
0 2
0 7
0 11
0 10
0 9
0 13
0 25
1 12
1 17
2 7
2 10
2 9
2 13
3 18
3 22
3 17
3 10
3 24
3 13
4 12
4 8
4 16
4 19
4 11
4 24
4 25
5 21
5 23
5 20
5 8
5 16
5 11
5 25
6 3
6 2
6 25
7 18
7 9
7 25
8 6
8 3
8 2
8 14
8 7
8 17
8 10
8 24
10 24
11 22
11 17
12 6
12 19
12 3
12 2
12 24
14 11
14 22
14 10
14 9
15 7
15 22
15 24
15 13
15 25
16 19
16 3
16 14
16 11
16 22
16 10
16 25
18 10
19 11
19 17
19 24
20 6
20 19
20 24
20 9
20 13
20 25
21 0
21 4
21 8
21 16
21 2
21 14
21 7
21 18
21 9
22 10
23 4
23 6
23 7
23 18
23 22
23 17
23 10
23 24
23 13
