29 132
0 19
0 2
0 10
0 17
1 5
1 8
2 15
2 5
2 8
3 7
3 13
3 23
3 27
3 6
3 26
3 4
3 0
3 25
3 12
3 19
3 8
4 0
4 15
4 11
4 17
6 20
6 26
6 12
6 10
7 23
7 21
7 16
7 27
7 6
7 20
7 24
7 26
7 0
7 25
7 2
7 11
8 17
9 18
9 25
9 12
9 15
9 17
10 1
10 17
11 10
12 19
12 15
12 28
12 11
12 1
12 5
12 8
13 9
13 26
13 4
13 12
13 10
13 8
14 26
14 4
14 25
14 2
14 11
14 5
15 28
15 1
15 5
15 8
15 17
16 6
16 24
16 19
16 10
16 1
16 5
18 12
18 15
18 28
19 11
19 5
20 4
20 18
20 0
20 25
20 19
20 15
20 8
21 24
21 26
21 19
21 10
21 8
21 17
22 7
22 9
22 28
22 10
22 8
23 9
23 18
23 0
23 15
23 1
24 26
24 19
24 15
24 28
24 11
24 8
25 11
25 10
25 8
25 17
26 12
26 2
26 5
27 6
27 9
27 26
27 0
27 19
27 2
27 15
27 28
27 8
28 11
28 10
