26 170
0 14
0 2
0 7
0 4
0 8
0 3
0 5
0 10
0 17
1 21
1 7
1 4
1 8
1 20
1 18
1 13
1 23
1 22
1 10
2 20
2 3
2 23
2 5
2 22
2 17
3 13
3 16
3 5
3 22
3 10
3 17
4 8
4 20
4 3
4 11
4 5
4 22
4 9
5 22
5 10
5 17
6 19
6 12
6 25
6 14
6 2
6 7
6 4
6 8
6 20
6 23
6 5
6 9
7 4
7 3
7 16
7 23
7 5
7 22
7 9
7 10
7 17
8 18
8 13
8 23
8 9
8 10
8 17
9 10
9 17
10 17
11 16
11 22
11 10
11 17
12 0
12 14
12 21
12 18
12 16
12 10
13 16
13 22
13 9
13 10
13 17
14 1
14 2
14 21
14 7
14 8
14 20
14 3
14 18
14 11
14 16
14 23
14 17
15 0
15 14
15 21
15 7
15 4
15 8
15 11
15 16
15 23
15 22
15 9
15 17
16 9
16 10
16 17
18 11
18 16
18 23
18 5
18 9
18 10
19 12
19 15
19 2
19 21
19 18
19 13
19 11
19 23
19 5
19 22
19 10
19 17
20 13
20 11
20 23
20 5
20 9
20 17
21 4
21 8
21 20
21 13
21 16
21 5
21 9
21 10
21 17
22 17
23 5
23 22
23 9
24 19
24 25
24 14
24 1
24 21
24 8
24 20
24 3
24 11
24 5
24 17
25 0
25 2
25 21
25 4
25 18
25 11
25 23
25 10
25 17
