33 279
0 3
0 19
0 22
0 10
0 29
1 18
1 13
1 4
1 6
1 15
1 28
1 25
1 24
1 8
1 16
1 7
1 3
1 19
1 22
1 31
1 29
1 23
1 5
2 21
2 11
2 17
2 1
2 18
2 13
2 4
2 6
2 28
2 25
2 12
2 8
2 27
2 0
2 29
2 5
3 22
3 10
3 23
3 5
4 6
4 15
4 28
4 30
4 12
4 16
4 27
4 14
4 7
4 3
4 19
4 20
4 29
4 23
4 5
6 25
6 12
6 16
6 7
6 3
6 20
6 23
7 19
7 22
7 31
7 5
8 27
8 14
8 0
8 19
8 22
8 31
8 29
8 23
9 1
9 26
9 13
9 28
9 24
9 8
9 16
9 14
9 0
9 3
9 20
9 10
9 23
10 29
10 23
10 5
11 17
11 1
11 18
11 26
11 13
11 28
11 16
11 27
11 14
11 7
11 3
11 19
11 31
11 10
11 23
12 24
12 8
12 16
12 7
12 19
12 20
12 10
12 29
12 23
12 5
13 12
13 24
13 27
13 14
13 3
13 20
13 29
13 5
14 0
14 3
14 19
14 20
14 29
14 23
14 5
15 30
15 12
15 24
15 8
15 27
15 0
15 3
15 19
15 20
15 10
15 29
15 23
16 3
16 19
16 23
17 1
17 13
17 30
17 12
17 24
17 8
17 16
17 27
17 3
17 19
17 22
17 29
17 23
18 26
18 13
18 4
18 15
18 28
18 25
18 30
18 12
18 8
18 27
18 14
18 3
18 19
18 22
18 20
19 22
19 20
19 31
19 29
20 31
20 10
20 29
20 23
21 32
21 17
21 26
21 13
21 4
21 6
21 28
21 25
21 30
21 12
21 16
21 14
21 7
21 19
21 31
21 29
21 23
22 20
22 31
22 10
22 29
24 8
24 27
24 22
24 31
24 10
24 23
24 5
25 30
25 8
25 16
25 27
25 14
25 0
25 7
25 3
25 19
25 10
26 13
26 4
26 28
26 25
26 24
26 0
26 7
26 22
26 20
26 10
26 5
27 7
27 3
27 22
27 20
27 31
27 10
27 29
27 23
27 5
28 30
28 24
28 8
28 16
28 7
28 3
28 22
28 20
28 31
28 10
28 5
29 23
29 5
30 12
30 27
30 14
30 0
30 7
30 22
30 31
30 10
30 29
30 5
31 10
31 5
32 13
32 4
32 6
32 30
32 12
32 24
32 16
32 14
32 0
32 31
32 10
32 23
