35 173
0 33
0 32
0 11
1 5
1 19
1 20
1 31
1 28
1 24
1 6
2 8
2 27
2 14
2 33
2 12
2 30
2 31
2 28
3 23
3 30
3 6
3 4
5 15
5 3
5 12
5 21
5 31
5 28
6 4
7 25
7 33
7 5
7 15
7 11
7 21
7 6
8 29
8 34
8 17
8 26
8 10
8 0
8 25
8 1
8 9
8 30
9 3
9 21
9 20
9 31
10 14
10 25
10 1
10 11
10 28
10 18
11 6
12 21
12 6
13 27
13 29
13 17
13 14
13 0
13 32
13 19
13 11
13 21
13 20
13 24
13 4
14 7
14 0
14 5
14 19
14 20
14 30
14 24
15 3
15 21
15 24
15 4
16 34
16 17
16 14
16 5
16 11
16 3
16 20
16 18
17 26
17 1
17 9
17 32
17 3
17 20
17 18
19 12
19 23
19 28
21 20
21 31
22 10
22 7
22 9
22 32
22 11
22 12
22 31
22 4
22 18
23 30
23 28
23 18
24 18
25 33
25 12
25 31
25 28
25 18
26 14
26 0
26 9
26 32
26 15
26 11
26 12
26 21
26 30
26 24
26 4
27 22
27 14
27 7
27 9
27 15
27 12
27 23
27 20
27 24
27 4
27 18
28 24
29 26
29 14
29 25
29 1
29 4
30 31
30 6
30 18
31 24
31 6
32 15
32 11
32 20
32 24
32 6
32 18
33 32
33 6
33 4
34 17
34 14
34 7
34 0
34 32
34 11
34 3
34 31
34 28
34 6
34 18
