26 162
0 19
0 22
0 13
1 19
1 2
3 0
3 13
4 5
4 7
4 10
4 6
4 16
4 1
4 19
4 17
4 13
4 2
5 10
5 16
5 1
5 0
5 19
5 17
5 22
5 13
5 2
6 16
6 24
6 1
6 19
7 10
7 21
7 1
7 0
7 17
7 2
8 7
8 15
8 10
8 16
8 21
8 24
8 1
8 22
8 13
8 2
9 25
9 4
9 8
9 15
9 10
9 6
9 21
9 1
9 0
9 17
9 13
9 2
10 6
10 17
10 22
10 2
11 9
11 4
11 5
11 10
11 21
11 24
11 0
11 19
11 17
11 22
11 2
12 23
12 20
12 11
12 9
12 25
12 5
12 10
12 6
12 16
12 1
12 0
12 19
12 2
14 12
14 20
14 9
14 4
14 8
14 15
14 6
14 21
14 24
14 3
14 19
14 17
14 22
14 2
15 6
15 21
15 19
15 17
15 13
16 21
16 24
16 1
16 3
16 0
16 19
17 22
17 2
18 4
18 8
18 5
18 7
18 10
18 6
18 16
18 3
18 0
18 19
18 17
20 9
20 25
20 8
20 5
20 7
20 10
20 6
20 16
20 21
20 1
20 19
20 17
21 1
21 19
21 17
21 22
22 2
23 20
23 9
23 25
23 8
23 5
23 15
23 10
23 19
24 22
24 13
24 2
25 4
25 8
25 7
25 6
25 16
25 24
25 0
25 17
25 22
25 2
