27 188
0 5
0 25
0 4
0 11
0 10
1 17
1 15
1 22
1 8
1 11
1 10
1 23
2 18
2 13
2 7
2 20
2 1
2 17
2 5
2 11
2 10
3 2
3 18
3 21
3 0
3 5
3 14
3 4
3 22
3 11
3 10
3 23
4 22
4 11
4 10
5 25
5 14
5 22
5 8
5 11
5 10
5 23
6 21
6 7
6 0
6 17
6 25
6 15
6 4
6 22
6 11
6 10
7 17
7 5
7 25
7 15
7 14
8 11
8 10
9 3
9 2
9 18
9 7
9 20
9 1
9 17
9 25
9 22
9 10
9 23
10 23
12 21
12 20
12 0
12 17
12 5
12 25
12 14
12 10
12 23
13 7
13 1
13 0
13 17
13 5
13 25
13 22
14 23
15 14
15 22
15 11
16 26
16 19
16 12
16 9
16 24
16 3
16 2
16 6
16 18
16 13
16 20
16 0
16 17
16 5
16 14
16 4
16 22
16 8
16 10
16 23
17 25
17 15
17 14
17 4
17 8
17 11
17 23
18 21
18 20
18 0
18 17
18 25
18 15
18 8
18 11
19 12
19 9
19 2
19 7
19 25
19 15
19 14
19 4
19 8
19 11
20 1
20 0
20 14
20 22
20 11
20 23
21 13
21 7
21 20
21 1
21 5
21 25
21 22
21 8
21 11
21 10
22 10
24 3
24 2
24 6
24 18
24 13
24 7
24 17
24 5
24 25
24 15
24 14
24 22
24 8
24 11
24 23
25 14
25 4
25 22
25 10
25 23
26 9
26 24
26 3
26 2
26 18
26 21
26 7
26 1
26 0
26 5
26 25
26 15
26 4
26 11
26 10
