26 104
0 10
0 17
0 23
0 7
0 19
0 5
0 16
1 5
2 22
3 13
3 18
3 7
3 12
3 24
3 5
4 11
4 21
4 9
4 12
4 24
4 16
5 20
6 13
6 10
6 7
6 19
6 24
6 5
7 16
9 24
9 1
9 15
9 20
10 23
10 19
10 12
10 2
10 16
11 25
11 7
11 19
11 2
11 22
11 5
11 16
11 20
12 2
13 0
13 21
13 9
14 25
14 18
14 0
14 10
14 2
14 5
14 16
14 8
15 20
16 20
16 8
17 23
17 7
17 9
17 2
17 1
17 22
17 15
17 5
17 20
18 23
18 9
18 12
18 1
18 22
18 20
18 8
19 24
21 7
21 9
21 12
21 24
21 22
21 15
21 16
21 8
22 15
22 16
22 20
23 19
23 9
23 24
23 22
24 1
24 22
24 5
25 19
25 9
25 12
25 2
25 5
25 16
25 20
25 8
