34 151
1 0
1 6
1 25
1 32
2 33
2 11
2 22
2 14
2 1
2 21
2 31
2 6
2 9
3 13
3 33
3 17
3 0
3 21
3 31
3 6
3 16
4 13
4 29
4 8
4 14
4 17
4 25
4 9
4 32
5 18
5 10
5 33
5 12
5 22
5 14
5 1
5 21
5 30
5 25
5 9
6 25
6 23
6 9
7 32
7 16
8 1
8 23
8 7
8 16
10 33
10 11
10 27
10 14
10 19
10 1
10 17
10 20
10 30
11 27
11 19
11 20
11 21
11 30
11 6
11 25
11 9
11 32
12 30
12 7
12 32
13 29
13 19
13 0
13 7
13 16
14 17
14 21
14 7
15 10
15 33
15 11
15 12
15 6
15 16
17 7
17 32
17 16
18 26
18 8
18 20
18 30
18 31
18 25
18 9
18 32
19 1
19 17
19 20
19 9
19 32
20 30
20 25
21 30
21 16
22 27
22 8
22 19
22 1
22 20
22 21
22 30
22 16
24 13
24 29
24 11
24 27
24 14
24 16
25 16
26 10
26 33
26 11
26 14
26 19
26 30
26 6
27 14
27 1
27 20
27 31
27 23
27 7
27 16
28 10
28 33
28 27
28 19
28 32
29 22
29 14
29 6
29 7
30 6
30 25
30 23
33 19
33 0
33 30
33 31
33 23
33 16
