33 268
0 12
0 22
0 18
0 31
0 23
0 21
0 27
0 11
0 20
0 16
0 17
0 8
0 26
0 32
0 24
0 30
0 28
1 5
1 7
1 6
1 13
1 14
1 21
1 11
1 20
1 4
1 16
1 17
1 8
1 2
1 24
1 30
1 28
2 25
2 32
2 24
2 30
3 2
3 24
4 8
4 26
4 3
4 2
4 25
4 24
4 30
5 7
5 12
5 22
5 18
5 6
5 19
5 14
5 21
5 27
5 10
5 9
5 4
5 8
5 26
5 3
5 32
5 30
5 28
6 31
6 21
6 9
6 29
6 11
6 4
6 16
6 8
6 26
6 3
6 2
6 32
6 30
6 28
7 22
7 18
7 6
7 23
7 10
7 11
7 4
7 8
7 2
7 32
7 28
8 26
8 24
8 30
9 4
9 16
9 17
9 8
9 3
9 32
10 9
10 29
10 11
10 8
10 2
11 20
11 4
11 16
11 8
11 3
11 2
11 24
11 30
11 28
12 10
12 29
12 11
12 20
12 4
12 17
12 8
12 26
12 32
12 24
13 14
13 27
13 9
13 29
13 11
13 20
13 4
13 16
13 17
13 8
13 3
13 25
14 21
14 9
14 20
14 26
14 3
14 2
14 30
15 5
15 7
15 12
15 6
15 31
15 14
15 21
15 27
15 10
15 29
15 11
15 4
15 17
15 8
15 26
15 3
15 2
15 32
15 30
15 28
16 17
16 26
16 2
16 25
16 32
16 28
17 8
17 26
17 3
17 2
17 25
17 28
18 6
18 31
18 14
18 21
18 10
18 9
18 16
18 17
18 26
18 25
18 32
18 24
18 28
19 14
19 21
19 27
19 9
19 29
19 11
19 20
19 4
19 16
19 17
19 3
19 32
19 24
19 28
20 16
20 17
20 26
20 32
20 28
21 27
21 9
21 29
21 11
21 4
21 8
21 3
21 2
21 25
21 32
21 24
22 23
22 19
22 27
22 10
22 9
22 20
22 3
22 2
22 25
22 32
22 24
22 28
23 21
23 27
23 29
23 4
23 8
23 3
23 30
24 30
24 28
25 24
25 28
26 3
26 2
26 25
26 32
27 10
27 9
27 29
27 11
27 16
27 17
27 8
27 26
27 24
29 4
29 17
29 8
29 3
31 13
31 21
31 4
31 16
31 17
31 8
31 26
31 3
31 24
31 30
32 24
32 30
