35 187
0 14
0 8
0 26
0 9
0 12
0 13
0 16
1 28
1 34
1 6
1 33
1 24
1 27
1 8
1 26
1 32
1 12
1 19
1 23
1 16
2 25
2 24
2 8
2 30
2 4
2 19
2 31
2 16
3 14
3 27
3 21
3 12
3 10
3 23
4 5
4 31
6 0
6 24
6 27
6 8
6 30
6 10
6 19
6 16
7 12
7 10
7 19
7 23
8 11
8 26
8 4
8 32
8 12
8 10
8 13
8 5
8 23
9 19
10 5
10 31
10 16
11 15
11 26
11 4
11 10
11 16
12 10
12 13
12 31
13 16
14 27
14 7
14 12
14 13
14 19
14 16
15 4
15 32
15 9
15 12
15 13
15 31
15 23
17 9
17 13
17 19
17 16
18 27
18 21
18 4
18 9
18 12
19 31
20 2
20 34
20 25
20 3
20 18
20 24
20 21
20 15
20 13
20 19
20 5
20 23
21 8
21 30
21 26
21 12
21 10
21 5
21 31
22 34
22 3
22 33
22 0
22 18
22 27
22 4
22 16
24 8
24 11
24 15
24 4
24 32
24 9
24 13
24 5
24 23
25 32
25 9
25 12
25 10
25 19
25 31
25 23
26 7
26 9
26 12
26 10
26 13
26 5
27 11
27 7
27 9
27 13
27 31
27 23
28 34
28 6
28 33
28 18
28 27
28 8
28 30
28 15
28 26
28 9
28 10
28 19
28 16
29 28
29 6
29 25
29 18
29 15
29 12
29 10
30 26
30 32
30 12
30 23
31 23
32 16
33 0
33 24
33 30
33 10
33 19
34 3
34 33
34 21
34 7
34 4
34 32
34 31
34 23
