26 103
0 16
0 5
0 14
0 6
0 24
0 25
0 15
1 19
1 7
1 14
1 24
1 21
1 23
1 22
1 8
1 13
1 10
1 20
2 11
2 23
2 13
2 4
2 10
3 4
3 10
5 14
5 17
5 6
5 22
5 8
5 25
5 13
5 20
5 9
6 24
6 25
6 13
6 15
7 18
7 11
7 22
7 10
8 3
8 10
8 20
8 15
10 15
11 3
11 13
12 24
12 21
12 20
12 15
12 9
13 15
13 9
14 18
14 23
14 22
14 3
14 13
16 12
16 17
16 22
16 8
16 25
16 4
17 6
17 24
17 3
17 10
17 20
18 11
18 22
18 8
18 13
18 10
19 7
19 12
19 17
19 24
19 11
19 21
19 23
19 22
19 4
19 10
19 9
20 15
21 3
21 13
22 13
22 10
22 15
23 13
23 4
23 10
23 15
24 3
24 4
24 10
25 10
25 20
