30 212
0 9
0 16
0 18
0 2
0 10
1 0
1 5
1 23
1 22
1 12
1 21
1 4
1 9
1 13
1 2
1 10
3 17
3 0
3 23
3 22
3 12
3 21
3 16
3 10
4 9
4 2
5 23
5 12
5 4
5 16
5 13
5 6
5 10
6 2
6 10
7 15
7 29
7 8
7 17
7 27
7 1
7 0
7 23
7 12
7 4
7 9
7 13
7 2
7 10
8 3
8 17
8 11
8 1
8 12
8 20
8 9
8 16
8 13
8 10
9 6
9 2
9 10
11 1
11 0
11 23
11 12
11 4
11 20
11 10
12 21
12 20
12 16
12 18
12 2
12 10
13 18
13 6
13 10
14 25
14 26
14 28
14 7
14 8
14 24
14 27
14 4
14 20
14 16
14 13
14 2
15 8
15 11
15 1
15 23
15 22
15 21
15 4
15 10
16 18
16 2
16 10
17 27
17 11
17 22
17 12
17 20
17 9
17 16
17 13
17 18
17 2
18 6
18 2
19 25
19 28
19 8
19 17
19 11
19 1
19 5
19 23
19 21
19 6
19 2
20 16
20 13
21 4
21 16
21 6
22 21
22 20
22 16
22 13
23 12
23 4
23 20
23 9
23 13
23 6
24 11
24 1
24 0
24 5
24 23
24 12
24 20
24 9
24 16
24 13
24 18
24 6
24 2
24 10
25 7
25 17
25 27
25 11
25 1
25 0
25 23
25 21
25 4
25 9
25 16
25 18
25 6
25 2
25 10
26 28
26 15
26 8
26 24
26 11
26 1
26 5
26 22
26 12
26 4
26 20
26 13
26 6
26 10
27 11
27 5
27 23
27 4
27 9
27 16
27 2
27 10
28 29
28 17
28 27
28 11
28 0
28 5
28 22
28 20
28 16
28 13
28 18
28 6
28 10
29 8
29 24
29 27
29 0
29 5
29 12
29 4
29 20
29 9
