31 246
0 13
0 17
0 8
0 14
0 23
0 12
0 22
0 9
1 6
1 10
1 11
1 20
1 8
1 26
1 28
1 7
1 14
1 30
1 23
1 2
1 12
1 9
2 19
2 25
2 22
2 9
2 15
3 0
3 18
3 20
3 17
3 8
3 26
3 24
3 14
3 27
3 29
3 30
3 2
3 12
3 19
3 25
3 22
3 15
4 16
4 11
4 18
4 20
4 17
4 8
4 24
4 7
4 14
4 27
4 30
4 23
4 21
4 2
4 12
4 19
4 25
4 22
4 9
4 15
5 3
5 1
5 6
5 16
5 10
5 11
5 0
5 13
5 26
5 14
5 27
5 19
6 10
6 18
6 13
6 20
6 17
6 26
6 14
6 29
6 23
6 21
6 12
6 19
6 25
6 9
6 15
7 14
7 27
7 23
7 19
7 22
7 9
7 15
8 26
8 28
8 7
8 29
8 30
8 23
8 21
8 22
8 15
10 13
10 20
10 17
10 8
10 26
10 7
10 14
10 27
10 29
10 30
10 21
10 25
10 9
10 15
11 0
11 18
11 13
11 20
11 17
11 8
11 26
11 24
11 28
11 7
11 14
11 29
11 30
11 21
11 19
11 25
11 15
12 19
12 25
12 22
12 15
13 20
13 26
13 7
13 2
13 12
13 19
13 22
13 9
14 23
14 21
14 2
14 12
14 25
14 22
16 0
16 24
16 14
16 27
16 29
16 30
16 19
16 25
16 22
17 8
17 26
17 14
17 27
17 29
17 30
17 21
17 12
17 9
18 13
18 20
18 24
18 28
18 14
18 23
18 12
18 19
18 25
18 9
19 9
20 8
20 24
20 28
20 7
20 2
20 12
20 22
21 2
21 12
21 19
21 9
21 15
22 9
23 21
23 2
23 25
24 28
24 7
24 27
24 29
24 30
24 23
24 12
24 22
25 22
25 15
26 24
26 27
26 29
26 23
26 19
26 22
26 9
26 15
27 30
27 12
27 19
27 25
27 22
27 9
27 15
28 30
28 23
28 21
28 2
28 12
28 25
28 9
28 15
29 30
29 19
29 25
29 9
29 15
30 23
30 21
30 2
30 12
30 19
30 25
30 9
