34 196
0 30
0 10
0 16
0 5
0 6
0 19
0 33
0 27
0 7
0 3
0 32
0 20
0 15
1 10
1 19
1 24
1 33
1 32
1 15
2 28
2 29
2 9
2 23
2 30
2 16
2 19
2 24
2 33
2 8
2 25
3 8
4 22
4 29
4 11
4 12
4 30
4 31
4 26
4 17
4 24
4 33
4 7
4 25
4 15
5 26
5 33
5 27
5 13
5 8
5 32
6 17
6 33
6 27
6 21
6 7
6 32
7 20
8 32
8 20
9 18
9 5
9 31
9 26
9 17
9 33
9 27
9 21
9 7
9 32
9 20
9 25
10 5
10 31
10 26
10 6
10 19
10 33
10 27
10 21
10 7
10 20
11 1
11 30
11 16
11 5
11 27
11 7
11 32
12 10
12 26
12 6
12 24
12 33
12 3
12 20
12 15
13 7
13 3
13 8
13 32
13 25
14 4
14 22
14 1
14 6
14 13
14 8
14 32
16 31
16 6
16 19
16 8
16 32
16 20
17 24
17 21
17 13
17 7
17 15
18 31
18 6
18 33
18 27
18 21
18 13
18 8
19 24
19 33
19 21
20 25
20 15
21 3
22 29
22 11
22 1
22 16
22 18
22 31
22 21
22 13
22 7
22 3
22 8
22 20
23 11
23 12
23 30
23 16
23 5
23 26
23 33
23 3
23 20
23 25
23 15
24 13
24 32
24 15
26 33
26 3
26 20
27 8
28 11
28 0
28 30
28 21
28 7
28 3
28 32
28 15
29 9
29 23
29 1
29 0
29 17
29 13
29 7
29 3
29 32
30 17
30 24
30 8
30 32
30 20
30 25
30 15
31 26
31 17
31 19
31 33
31 27
31 21
31 32
31 25
33 20
33 15
