33 282
0 13
0 29
0 4
0 26
0 19
0 21
0 6
0 22
0 2
0 28
0 10
0 12
0 9
0 23
0 16
0 3
1 18
1 12
1 23
1 16
1 3
2 20
2 27
2 14
2 30
2 11
2 18
2 24
2 16
2 5
4 26
4 32
4 22
4 15
4 27
4 28
4 14
4 30
4 7
4 1
4 10
4 31
4 24
4 16
4 5
4 3
6 22
6 15
6 27
6 28
6 7
6 1
6 10
6 11
6 12
6 9
6 24
6 16
7 11
7 9
7 23
7 31
7 24
8 6
8 22
8 25
8 20
8 15
8 27
8 28
8 30
8 7
8 11
8 18
8 12
8 17
8 23
8 31
8 24
8 5
9 23
9 31
9 24
9 16
9 5
9 3
10 18
10 17
10 23
10 31
10 24
10 16
10 3
11 12
11 24
11 16
12 9
12 31
12 5
13 4
13 19
13 21
13 8
13 6
13 27
13 7
13 11
13 18
13 12
13 9
13 23
13 5
14 30
14 7
14 1
14 10
14 11
14 18
14 23
14 16
14 5
15 27
15 10
15 11
15 18
15 12
15 23
15 31
15 24
16 5
16 3
17 9
17 24
17 5
18 17
18 16
18 5
19 8
19 25
19 20
19 15
19 28
19 14
19 30
19 10
19 11
19 17
19 9
19 23
19 31
19 24
19 16
20 15
20 27
20 28
20 30
20 1
20 11
20 12
20 17
20 9
20 23
20 16
20 5
21 32
21 22
21 2
21 25
21 20
21 15
21 27
21 28
21 10
21 17
21 9
21 31
21 24
21 16
21 3
22 2
22 25
22 27
22 30
22 1
22 10
22 18
22 17
22 9
22 23
22 31
22 24
22 16
22 5
22 3
23 31
23 24
23 5
24 16
24 3
25 27
25 30
25 18
25 12
25 17
25 9
26 32
26 6
26 22
26 15
26 28
26 7
26 1
26 11
26 12
26 17
26 9
26 23
26 24
26 16
27 28
27 14
27 7
27 10
27 11
27 18
27 12
27 9
27 23
27 31
27 16
28 14
28 7
28 10
28 18
28 12
28 17
28 9
28 23
28 31
29 4
29 19
29 8
29 32
29 2
29 20
29 27
29 28
29 14
29 30
29 1
29 10
29 11
29 12
29 9
29 23
29 31
29 24
29 16
29 5
29 3
30 7
30 18
30 12
30 16
30 5
31 24
31 16
31 5
32 2
32 15
32 27
32 14
32 30
32 10
32 11
32 17
32 9
32 23
32 31
32 16
32 5
32 3
