31 237
0 13
0 24
0 29
0 18
0 2
0 14
0 15
0 21
0 23
0 20
0 27
0 25
0 8
0 17
0 4
0 16
1 10
1 29
1 9
1 3
1 2
1 14
1 15
1 5
1 23
1 20
1 30
1 11
1 27
1 25
1 17
1 16
2 14
2 21
2 23
2 22
2 30
2 27
2 8
2 17
2 16
3 23
3 22
3 30
3 27
3 25
3 17
3 7
3 26
3 4
3 19
5 23
5 7
5 4
5 16
6 8
6 17
6 7
6 28
6 16
7 28
7 26
7 4
7 19
8 28
8 19
8 16
9 3
9 2
9 15
9 23
9 22
9 30
9 11
9 27
9 6
9 8
9 17
9 4
9 19
10 18
10 9
10 14
10 5
10 21
10 22
10 20
10 30
10 25
10 6
10 8
10 17
10 26
11 25
11 6
11 8
11 7
11 26
11 16
12 1
12 29
12 18
12 9
12 14
12 5
12 22
12 20
12 25
12 8
12 28
12 26
12 16
13 24
13 10
13 18
13 9
13 3
13 14
13 15
13 5
13 21
13 20
13 11
13 27
13 25
13 17
13 7
13 28
13 4
14 5
14 21
14 23
14 22
14 30
14 27
14 16
15 5
15 21
15 22
15 6
15 7
15 4
15 19
17 7
17 28
17 19
18 3
18 2
18 14
18 21
18 22
18 20
18 27
18 6
18 26
18 19
18 16
20 30
20 6
20 17
20 28
20 19
21 22
21 20
21 30
21 11
21 27
21 17
21 7
21 28
21 4
21 19
21 16
22 30
22 6
22 17
22 4
22 16
23 22
23 30
23 11
23 27
23 25
23 8
23 7
23 26
23 4
23 19
23 16
24 29
24 3
24 14
24 15
24 5
24 21
24 22
24 30
24 11
24 27
24 26
24 4
25 6
25 17
25 7
25 28
25 26
25 4
25 16
26 19
26 16
27 25
27 8
27 17
27 7
27 28
27 26
27 4
27 19
28 26
28 19
28 16
29 18
29 14
29 5
29 22
29 20
29 11
29 17
29 19
29 16
30 27
30 6
30 17
30 7
30 26
30 4
30 16
