30 118
0 10
0 28
1 6
1 23
1 18
1 11
1 24
1 0
1 10
1 19
1 21
1 2
2 29
2 5
2 3
4 9
4 19
4 21
4 22
6 14
6 17
6 24
6 13
6 21
6 27
6 28
6 2
6 29
6 3
7 4
7 20
7 9
7 0
7 2
7 5
8 14
8 26
8 0
8 15
8 28
9 17
9 0
9 2
9 29
9 5
9 12
9 3
10 21
10 22
10 2
10 5
11 26
11 13
11 28
11 2
11 3
14 17
14 24
14 0
14 28
14 29
14 5
14 3
16 7
16 4
16 20
16 9
16 10
16 2
17 15
17 22
17 5
17 3
18 7
18 9
18 24
18 10
18 28
18 2
18 3
19 28
19 29
19 5
19 12
19 3
20 24
20 21
20 2
20 29
20 5
21 3
22 28
22 3
23 9
23 17
23 15
23 27
23 2
23 29
24 27
25 18
25 7
25 20
25 9
25 24
25 13
25 15
25 27
25 2
26 17
26 15
26 19
26 22
26 2
26 3
27 12
28 5
29 3
