30 138
1 6
1 2
1 4
1 10
1 17
1 20
1 15
1 25
2 5
2 9
2 10
2 28
2 17
2 23
2 14
2 15
2 12
2 0
3 1
3 24
3 8
3 19
3 11
3 15
3 12
3 0
3 25
4 7
4 27
4 9
4 16
4 23
4 12
5 24
5 4
5 7
5 18
5 21
5 17
5 8
5 23
5 14
5 13
5 25
6 18
6 21
6 19
6 13
7 26
7 27
7 9
7 28
7 23
7 15
7 25
8 19
8 14
8 11
9 10
9 21
9 23
9 22
9 15
9 12
10 28
10 17
10 8
10 23
10 22
10 20
10 0
11 20
13 11
14 22
14 13
15 12
16 23
16 19
16 14
16 22
16 12
17 13
17 11
17 20
17 12
17 25
18 27
18 28
18 21
18 17
18 19
18 14
18 11
18 20
18 25
19 22
19 20
19 12
19 0
21 23
21 19
21 22
21 11
21 25
22 15
23 22
23 15
24 27
24 9
24 21
24 23
24 11
26 18
26 27
26 21
26 17
26 22
26 15
26 25
27 9
27 10
27 28
27 8
27 19
27 11
28 20
29 3
29 1
29 2
29 26
29 27
29 9
29 16
29 28
29 21
29 19
29 11
29 15
