31 144
0 9
0 24
0 29
1 19
1 3
1 12
1 0
1 25
1 9
1 29
2 27
2 17
2 0
2 25
2 9
3 9
3 29
4 10
4 3
4 9
4 24
4 29
5 20
5 18
5 4
5 27
5 3
6 11
6 21
6 16
6 19
6 10
6 13
7 5
7 18
7 16
7 19
7 27
7 28
7 10
7 3
7 29
8 7
8 11
8 18
8 2
8 19
8 27
8 13
8 25
9 24
10 13
10 0
11 19
11 27
11 10
11 13
11 0
11 25
11 9
11 24
12 25
12 9
13 17
13 3
13 25
14 23
14 11
14 16
14 2
14 1
14 10
14 12
14 25
14 24
15 14
15 11
15 21
15 16
15 19
15 26
15 4
15 28
15 3
16 19
16 17
16 0
17 29
18 21
18 16
18 1
18 13
18 25
19 4
19 10
19 17
19 3
19 9
19 24
20 11
20 21
20 2
20 1
20 19
20 26
20 27
20 9
20 24
21 2
21 27
21 3
21 12
21 24
22 15
22 30
22 5
22 21
22 16
22 1
22 19
22 28
22 13
22 29
23 20
23 18
23 21
23 4
23 27
23 10
23 3
23 24
25 24
26 3
26 0
26 29
27 28
27 13
28 12
28 29
30 7
30 18
30 2
30 17
30 0
