26 110
0 25
0 3
0 24
0 10
0 19
1 7
1 18
2 23
2 8
2 0
2 13
2 20
2 7
2 10
2 19
3 18
4 24
4 19
5 16
5 15
5 9
5 13
5 1
5 4
5 7
5 18
7 18
7 10
8 25
8 5
8 9
8 1
8 6
9 3
9 1
9 4
9 18
9 11
12 22
12 21
12 2
12 23
12 8
12 0
12 25
12 16
12 15
12 11
13 4
13 7
13 24
13 11
14 4
14 18
14 10
14 6
14 19
15 4
15 7
16 15
16 9
16 20
16 3
16 1
16 4
16 7
16 11
16 19
17 22
17 2
17 23
17 8
17 0
17 25
17 5
17 16
17 15
17 9
17 13
17 20
17 14
17 24
17 11
20 3
20 10
21 5
21 4
21 10
21 19
22 21
22 2
22 16
22 15
22 20
22 7
22 24
22 11
22 6
23 0
23 9
23 20
23 1
23 7
23 24
23 18
23 11
23 6
24 18
24 11
24 19
