27 171
0 16
0 19
0 9
0 18
0 5
0 21
0 20
0 7
0 17
0 6
0 24
0 22
1 2
1 12
1 23
1 26
1 5
1 21
1 17
1 6
2 12
2 9
2 18
2 5
2 21
2 11
2 8
2 6
2 24
2 10
2 22
2 4
3 0
3 1
3 16
3 19
3 13
3 15
3 2
3 12
3 11
3 20
3 7
3 17
3 6
3 10
3 4
5 21
5 11
5 7
5 24
5 22
6 22
7 6
7 24
7 10
8 7
8 24
8 10
9 23
9 26
9 5
9 21
9 17
9 6
9 24
9 10
9 22
10 4
11 7
11 24
12 18
12 23
12 11
12 17
12 10
12 4
13 15
13 2
13 23
13 5
13 20
13 8
13 7
13 6
13 24
13 4
14 16
14 13
14 12
14 9
14 18
14 26
14 20
14 8
14 6
14 10
15 12
15 18
15 23
15 26
15 5
15 21
15 11
15 20
15 7
15 17
15 24
15 10
16 13
16 15
16 23
16 26
16 5
16 21
16 17
16 24
17 24
17 10
17 4
18 23
18 21
18 11
18 20
18 8
18 7
18 17
18 6
19 13
19 15
19 12
19 21
19 11
19 20
19 7
19 17
19 24
20 8
20 7
20 17
20 24
20 4
21 11
21 7
21 6
21 24
21 10
21 4
22 4
23 26
23 5
23 11
23 20
23 7
23 24
24 10
24 22
25 0
25 1
25 19
25 2
25 9
25 18
25 26
25 5
25 21
25 20
25 17
25 10
26 24
26 4
