35 187
0 34
0 13
0 27
0 33
1 7
1 33
2 14
2 6
2 10
2 21
2 1
2 22
2 8
2 34
2 5
2 12
2 13
2 27
2 33
3 21
3 1
3 15
3 22
3 31
3 11
3 7
3 12
4 20
4 19
4 1
4 15
4 0
4 29
4 5
4 30
5 13
6 10
6 21
6 1
6 31
6 0
6 11
6 13
8 34
8 29
8 12
8 13
8 27
9 21
9 0
9 8
10 21
10 1
10 31
10 0
10 34
10 7
10 12
10 30
10 27
10 33
11 7
11 12
12 13
13 30
14 31
14 34
14 5
14 13
14 30
15 22
15 31
15 29
15 11
15 13
15 30
16 32
16 2
16 14
16 19
16 26
16 34
16 7
16 30
17 14
17 19
17 3
17 21
17 22
17 26
17 0
17 34
17 29
18 23
18 2
18 17
18 19
18 10
18 1
18 22
18 34
18 12
19 6
19 31
19 26
19 29
19 5
20 14
20 3
20 26
20 8
20 11
20 7
20 13
20 30
20 33
21 15
21 34
21 29
21 30
21 33
22 34
22 11
22 27
23 19
23 21
23 22
23 5
23 12
23 30
23 27
24 20
24 14
24 19
24 3
24 21
24 15
24 22
24 31
24 29
24 13
24 27
24 33
25 19
25 10
25 15
25 26
25 0
25 8
25 34
25 13
25 33
26 0
26 29
26 11
26 7
26 13
26 27
26 33
27 33
28 32
28 24
28 2
28 17
28 14
28 19
28 6
28 22
28 11
28 5
28 12
29 11
29 5
29 7
29 12
29 27
29 33
31 8
31 12
31 30
32 18
32 19
32 10
32 26
32 5
32 33
34 11
