35 303
0 18
1 30
1 20
1 19
1 21
1 0
1 34
1 22
1 26
1 18
1 11
2 8
2 14
2 17
2 10
2 3
2 25
2 28
2 6
2 4
2 23
2 15
2 31
2 9
2 19
2 34
2 26
3 25
3 6
3 4
3 15
3 30
3 5
3 34
3 24
3 26
4 23
4 15
4 31
4 13
4 1
4 12
4 20
4 21
4 0
4 22
4 24
4 18
5 20
5 9
5 34
5 22
5 18
6 13
6 1
6 30
6 5
6 9
6 21
6 0
6 26
7 2
7 17
7 32
7 10
7 27
7 33
7 6
7 23
7 15
7 31
7 1
7 12
7 20
7 19
7 0
7 22
7 24
7 18
7 11
8 17
8 32
8 16
8 25
8 27
8 33
8 28
8 6
8 4
8 15
8 5
8 20
8 19
8 21
8 0
8 34
8 24
8 26
8 18
8 11
9 19
9 24
10 16
10 25
10 33
10 28
10 23
10 15
10 13
10 1
10 12
10 30
10 5
10 20
10 19
10 21
10 0
10 34
10 18
10 11
12 30
12 5
12 20
12 9
12 0
12 22
12 24
12 26
12 11
13 12
13 30
13 21
13 0
13 22
13 24
14 25
14 33
14 28
14 6
14 31
14 30
14 5
14 21
14 0
14 34
14 22
14 18
14 11
15 31
15 13
15 30
15 5
15 9
15 21
15 0
15 34
15 22
15 24
15 26
15 18
16 6
16 4
16 15
16 13
16 30
16 22
16 24
16 18
16 11
17 32
17 16
17 3
17 25
17 33
17 28
17 4
17 15
17 5
17 20
17 0
17 34
17 24
17 18
18 11
19 18
19 11
20 19
20 21
20 22
20 24
20 26
20 18
21 34
21 24
21 18
22 24
22 18
22 11
23 15
23 13
23 1
23 30
23 5
23 9
23 19
23 21
23 0
23 34
23 26
24 26
24 18
24 11
25 33
25 6
25 4
25 12
25 30
25 5
25 9
25 21
25 34
25 22
25 24
26 18
27 6
27 4
27 13
27 1
27 12
27 5
27 19
27 0
27 34
27 26
27 18
27 11
28 6
28 15
28 13
28 1
28 12
28 30
28 19
28 18
28 11
29 2
29 8
29 14
29 25
29 4
29 23
29 15
29 1
29 12
29 30
29 20
29 0
29 34
29 22
29 24
29 26
29 18
30 5
30 20
30 21
30 34
30 22
30 26
30 18
31 12
31 30
31 5
31 21
31 22
31 24
31 18
32 10
32 25
32 28
32 4
32 23
32 31
32 13
32 19
32 0
32 34
32 18
32 11
33 6
33 4
33 23
33 15
33 31
33 30
33 9
33 21
33 0
33 34
33 26
33 18
34 24
34 26
34 11
