28 112
1 2
1 17
1 3
1 4
1 15
2 17
2 3
2 15
2 0
3 15
3 0
4 27
5 20
5 3
5 8
5 18
5 15
6 12
6 7
6 24
6 1
6 22
6 20
6 18
6 27
7 17
7 11
7 20
7 26
7 8
7 4
7 21
8 27
9 7
9 3
9 0
10 14
10 17
10 21
11 20
11 26
11 8
11 18
12 19
12 9
12 7
12 10
12 17
12 22
12 26
12 18
12 15
13 15
14 17
14 4
14 27
14 25
15 0
16 7
16 14
16 1
16 17
16 22
16 3
16 8
16 21
16 15
16 0
17 3
17 18
17 4
17 27
17 21
18 4
19 9
19 24
19 1
19 20
19 26
19 4
20 4
20 15
20 0
21 15
21 25
22 20
22 26
22 8
22 21
22 15
23 9
23 7
23 14
23 2
23 17
23 11
23 8
23 21
23 0
24 14
24 2
24 17
24 22
24 11
24 20
24 18
24 4
24 25
26 4
26 21
27 21
27 0
