32 257
0 20
1 3
1 30
1 5
1 12
1 6
1 0
2 16
2 31
2 1
2 3
2 30
2 5
2 15
2 10
3 27
3 12
3 6
3 15
3 20
4 25
4 17
4 19
4 14
4 16
4 29
4 24
4 3
4 30
4 5
4 12
4 6
4 15
4 20
5 12
5 6
5 0
5 15
5 10
6 15
6 20
7 13
7 23
7 4
7 22
7 2
7 1
7 30
7 5
7 27
7 0
7 20
8 21
8 13
8 23
8 4
8 26
8 25
8 17
8 28
8 11
8 14
8 29
8 24
8 5
8 6
8 10
8 20
9 13
9 23
9 17
9 28
9 14
9 16
9 29
9 1
9 27
9 6
9 0
9 15
9 20
11 18
11 19
11 22
11 2
11 29
11 31
11 24
11 3
11 30
11 5
11 12
11 6
11 15
12 15
12 10
12 20
13 25
13 28
13 14
13 2
13 16
13 29
13 24
13 6
13 0
13 15
13 10
14 2
14 16
14 29
14 31
14 1
14 3
14 5
14 0
14 10
14 20
15 20
16 1
16 24
16 3
16 12
16 0
16 15
16 10
16 20
17 11
17 19
17 22
17 2
17 16
17 31
17 3
17 30
17 27
17 0
17 15
18 19
18 14
18 16
18 3
18 5
18 12
18 6
18 15
18 10
18 20
19 14
19 2
19 29
19 24
19 5
19 27
19 6
19 10
19 20
21 7
21 23
21 4
21 25
21 28
21 19
21 22
21 14
21 2
21 16
21 31
21 24
21 3
21 12
21 6
21 0
21 15
21 10
21 20
22 29
22 31
22 24
22 30
22 27
22 6
22 0
22 15
22 10
23 4
23 26
23 17
23 18
23 19
23 22
23 29
23 31
23 5
23 0
23 15
24 5
24 27
24 12
24 0
24 15
24 20
25 28
25 22
25 14
25 16
25 27
25 6
25 0
25 15
25 20
26 17
26 22
26 2
26 29
26 31
26 1
26 5
26 27
26 12
26 15
26 10
26 20
27 6
27 0
27 15
27 10
27 20
28 11
28 19
28 29
28 31
28 1
28 24
28 3
28 5
28 27
28 12
28 6
28 0
29 31
29 30
29 12
29 15
29 20
30 27
30 12
30 0
30 15
30 10
30 20
31 24
31 30
31 6
31 0
31 15
31 20
