30 202
0 22
0 1
0 29
0 2
0 14
0 17
0 13
0 27
0 8
0 6
0 21
0 28
1 26
1 29
1 9
1 7
1 2
1 14
1 3
1 12
1 10
1 11
1 4
1 27
1 8
1 6
1 25
1 24
1 21
1 28
2 17
2 12
2 10
2 27
2 8
2 24
2 28
3 12
3 10
3 5
3 27
3 6
3 25
3 24
3 28
4 25
4 24
5 27
5 8
5 6
5 21
6 25
6 21
7 2
7 3
7 12
7 13
7 5
7 27
7 23
8 25
8 24
8 28
9 7
9 17
9 10
9 11
9 6
9 25
9 23
9 24
9 21
10 13
10 11
10 5
10 4
10 6
10 25
11 5
11 4
11 8
11 25
11 23
11 24
11 28
12 11
12 6
12 24
12 21
13 4
13 8
13 6
13 25
13 23
13 24
13 21
14 3
14 12
14 10
14 4
14 8
14 6
14 24
15 18
15 0
15 1
15 26
15 2
15 3
15 12
15 10
15 16
15 11
15 5
15 27
15 6
15 25
15 23
15 21
15 28
16 4
16 27
16 25
16 23
16 21
17 12
17 10
17 16
17 5
17 4
17 27
17 8
17 6
17 23
17 24
18 22
18 1
18 26
18 29
18 7
18 2
18 14
18 17
18 3
18 12
18 10
18 16
18 5
18 4
18 27
18 8
18 23
18 21
19 0
19 14
19 10
19 11
19 5
19 4
19 25
19 23
19 24
19 21
20 22
20 17
20 11
20 4
20 8
20 6
20 25
20 23
20 24
20 21
21 28
22 1
22 2
22 3
22 10
22 4
22 24
24 28
25 23
25 28
26 9
26 7
26 2
26 16
26 13
26 11
26 6
26 21
26 28
27 6
27 24
27 28
29 9
29 12
29 13
29 27
29 8
29 24
29 28
