28 114
0 14
0 8
0 11
0 12
0 24
0 23
0 9
0 21
0 4
1 19
1 12
1 24
1 9
2 16
2 26
2 12
2 5
2 24
2 21
2 4
3 24
3 9
3 13
3 10
5 9
5 17
5 13
6 14
6 8
6 26
6 1
6 3
6 12
6 22
6 23
6 9
6 13
6 7
6 4
7 10
8 2
8 26
8 18
8 19
8 11
8 9
8 21
8 7
9 13
9 21
11 22
11 24
11 4
12 5
12 10
14 8
14 16
14 19
14 12
14 5
14 24
14 4
15 2
15 3
15 19
15 22
15 23
15 17
16 3
16 19
16 11
16 22
16 5
16 23
16 9
16 10
17 21
17 7
18 24
18 23
18 7
19 12
19 22
19 23
19 13
19 7
20 9
20 10
21 7
22 24
22 9
22 21
22 4
22 10
23 9
23 17
23 7
24 17
24 21
25 16
25 26
25 12
25 5
25 9
25 17
26 12
26 21
27 15
27 2
27 16
27 18
27 22
27 24
27 7
