28 136
0 5
0 20
0 7
1 18
1 0
1 17
1 27
2 23
2 26
2 22
2 1
2 18
2 16
2 14
2 0
2 3
2 7
2 17
4 13
4 23
4 15
4 11
4 26
4 25
4 1
4 20
4 3
4 7
5 20
5 3
5 7
6 17
6 27
8 1
8 12
8 17
9 3
9 7
10 13
10 23
10 26
10 8
10 1
10 16
10 0
10 7
10 17
11 26
11 22
11 21
11 16
11 5
11 3
11 17
11 27
12 6
12 16
12 14
12 9
12 20
12 3
12 17
12 27
13 23
13 21
13 18
13 6
13 16
13 14
13 9
13 20
14 20
14 17
15 11
15 26
15 22
15 8
15 12
15 18
15 17
15 27
16 9
16 20
16 3
16 17
16 27
18 6
18 16
18 9
18 17
19 8
19 12
19 18
19 6
19 16
19 14
19 0
19 5
19 9
19 7
19 27
20 3
20 7
21 14
21 0
21 5
21 3
22 6
22 20
22 27
23 22
23 1
23 12
23 16
23 0
23 3
23 17
23 27
24 19
24 2
24 26
24 22
24 8
24 6
24 9
24 7
25 8
25 12
25 5
25 9
25 17
26 25
26 1
26 12
26 18
26 0
