33 248
0 22
0 27
1 16
1 20
1 13
1 8
1 9
1 17
1 2
1 24
1 4
2 31
2 0
2 22
2 4
3 32
3 12
3 1
3 14
3 21
3 19
3 17
3 0
3 18
3 22
3 6
3 24
5 0
5 18
5 4
6 24
6 4
7 8
7 15
7 17
7 0
7 27
7 6
7 24
7 26
8 19
8 17
8 0
8 22
8 26
9 19
9 17
9 2
9 5
9 18
9 6
10 16
10 13
10 23
10 21
10 8
10 19
10 5
10 31
10 0
10 18
10 22
10 4
11 32
11 1
11 16
11 23
11 21
11 15
11 9
11 19
11 17
11 5
11 31
11 0
11 27
11 24
12 28
12 16
12 20
12 13
12 7
12 8
12 2
12 27
12 24
12 26
13 23
13 14
13 7
13 21
13 9
13 2
13 0
13 18
13 22
13 27
13 6
13 26
13 4
14 7
14 15
14 9
14 17
14 0
14 18
14 22
14 26
14 4
15 9
15 17
15 2
15 5
15 0
15 27
15 24
15 26
16 23
16 9
16 19
16 2
16 5
16 31
16 22
16 27
17 5
17 22
17 6
17 4
18 22
18 27
18 6
18 24
18 26
19 2
19 6
20 13
20 14
20 7
20 21
20 8
20 2
20 31
20 18
20 27
21 19
21 17
21 2
21 31
21 18
21 22
21 6
21 24
21 4
22 6
22 24
22 26
22 4
23 15
23 19
23 2
23 31
23 22
23 27
23 6
23 4
24 26
24 4
25 32
25 30
25 12
25 13
25 23
25 14
25 7
25 21
25 19
25 17
25 2
25 31
25 18
25 22
25 27
25 4
27 26
27 4
28 10
28 20
28 23
28 21
28 17
28 5
28 24
28 4
29 11
29 32
29 30
29 1
29 28
29 23
29 21
29 15
29 9
29 17
29 2
29 5
29 31
29 18
29 22
29 6
29 4
30 12
30 1
30 10
30 16
30 20
30 23
30 14
30 21
30 8
30 15
30 5
30 31
30 0
30 18
30 22
30 4
31 0
31 18
31 22
31 6
31 26
31 4
32 28
32 16
32 20
32 23
32 15
32 9
32 17
32 2
32 5
32 31
32 18
32 22
32 27
32 26
32 4
