34 293
0 3
0 33
0 31
0 21
0 9
0 13
0 7
0 12
0 27
0 28
0 30
0 6
0 19
0 23
1 24
2 14
2 0
2 3
2 33
2 29
2 31
2 22
2 16
2 21
2 9
2 13
2 25
2 12
2 18
2 17
2 28
2 30
2 19
2 20
2 11
2 1
3 31
3 22
3 13
3 12
3 18
3 5
3 17
3 30
3 19
3 20
3 10
3 11
4 8
4 15
4 0
4 3
4 33
4 29
4 31
4 22
4 9
4 13
4 7
4 12
4 18
4 27
4 28
4 6
4 19
4 1
5 17
5 27
5 30
5 20
5 11
5 1
6 19
6 10
6 1
7 25
7 12
7 18
7 17
7 6
7 19
7 11
8 2
8 0
8 33
8 29
8 16
8 7
8 25
8 12
8 27
8 28
8 30
8 10
8 1
9 13
9 7
9 25
9 12
9 18
9 5
9 17
9 28
9 6
9 19
9 20
9 1
10 23
10 11
12 17
12 27
12 6
12 1
13 25
13 12
13 6
13 10
13 23
13 11
13 1
13 24
14 33
14 29
14 31
14 22
14 13
14 7
14 12
14 5
14 30
14 6
14 19
14 20
14 23
14 1
15 14
15 0
15 33
15 31
15 22
15 16
15 21
15 13
15 7
15 12
15 18
15 28
15 30
15 6
15 23
15 11
16 21
16 13
16 25
16 5
16 27
16 28
16 30
16 19
16 20
16 10
16 23
16 11
16 1
16 24
17 28
17 30
17 19
17 20
17 10
18 17
18 27
18 28
18 6
18 19
18 20
18 10
18 1
19 20
19 23
19 11
20 10
20 23
20 11
20 1
21 9
21 12
21 5
21 17
21 6
21 19
21 20
21 24
22 13
22 25
22 12
22 18
22 17
22 27
22 28
22 6
22 19
22 20
22 10
22 11
22 1
25 12
25 18
25 28
25 6
25 23
25 11
25 1
26 4
26 8
26 15
26 33
26 29
26 31
26 22
26 16
26 9
26 13
26 25
26 5
26 28
26 30
26 19
26 20
26 23
27 10
27 24
28 6
28 20
28 10
28 1
29 31
29 22
29 21
29 9
29 18
29 5
29 27
29 19
29 10
29 23
29 1
30 20
31 22
31 16
31 13
31 25
31 27
31 28
31 6
31 19
31 10
31 23
31 11
31 24
32 4
32 8
32 0
32 33
32 31
32 22
32 21
32 9
32 13
32 7
32 12
32 5
32 27
32 30
32 6
32 20
32 10
32 23
32 11
33 29
33 21
33 9
33 7
33 12
33 27
33 28
33 30
33 6
33 19
33 10
33 11
33 1
33 24
