35 158
0 32
1 28
1 23
1 30
1 26
1 15
1 25
1 31
1 16
3 10
3 8
3 18
3 16
3 2
4 25
4 31
4 20
4 19
4 3
4 18
4 9
4 6
5 8
5 16
7 15
7 29
7 4
7 14
7 3
7 10
7 16
7 2
8 32
8 18
8 2
10 32
11 33
11 14
11 19
11 3
11 12
11 5
11 0
12 8
12 18
13 24
13 33
13 25
13 32
13 18
13 2
14 25
14 31
14 20
14 8
14 6
15 25
15 10
15 8
15 18
15 16
15 2
16 6
17 21
17 30
17 26
17 20
17 2
18 9
19 3
19 12
19 10
19 32
20 12
20 5
21 30
21 11
21 7
21 33
21 4
21 14
21 25
21 5
21 32
21 18
21 16
21 2
22 15
22 33
22 4
22 20
22 10
22 2
23 27
23 7
23 33
23 31
23 20
23 5
23 32
23 18
23 2
24 30
24 27
24 11
24 22
24 15
24 33
24 25
24 19
24 5
24 18
24 6
26 33
26 4
26 19
26 3
26 10
26 16
26 6
26 2
27 22
27 15
27 29
27 4
27 14
27 25
27 3
27 9
27 2
28 23
28 27
28 8
28 9
28 6
28 2
29 12
29 0
30 20
30 5
30 8
30 32
30 6
30 2
31 10
31 8
33 31
33 2
34 24
34 30
34 27
34 7
34 22
34 26
34 25
34 5
34 0
34 32
