28 191
0 12
0 23
0 3
0 25
0 15
0 19
0 13
0 20
0 9
0 27
0 2
0 10
0 24
0 4
1 17
2 1
2 8
2 10
2 26
3 25
3 19
3 13
3 20
3 6
3 9
3 22
3 11
3 27
3 7
3 1
3 8
3 10
3 24
3 5
3 4
3 26
4 26
6 11
6 7
6 2
6 4
6 26
7 2
7 8
7 24
7 5
7 4
8 24
9 18
9 1
9 17
9 10
9 5
10 5
10 4
10 26
11 27
11 7
11 2
11 18
11 8
11 10
11 24
11 5
11 26
12 23
12 25
12 19
12 20
12 22
12 27
12 7
12 2
12 1
12 8
12 10
12 5
12 26
13 6
13 22
13 27
13 2
13 18
13 1
13 8
13 17
13 24
14 23
14 3
14 9
14 11
14 27
14 2
14 18
14 17
14 5
14 4
15 13
15 20
15 6
15 1
15 17
15 10
15 5
15 26
16 3
16 13
16 20
16 6
16 9
16 22
16 11
16 7
16 18
16 1
16 8
16 17
16 24
16 4
16 26
17 10
17 26
18 8
18 17
18 10
18 5
19 13
19 9
19 22
19 2
19 18
19 1
19 10
19 24
20 6
20 9
20 22
20 11
20 2
20 1
20 8
20 10
20 24
20 26
21 23
21 3
21 25
21 19
21 13
21 20
21 6
21 9
21 22
21 8
21 10
21 5
22 27
22 1
22 17
22 10
22 4
23 25
23 13
23 20
23 6
23 9
23 22
23 11
23 27
23 7
23 2
23 1
23 10
23 4
23 26
24 4
25 15
25 13
25 20
25 6
25 9
25 17
25 5
27 7
27 2
27 1
27 8
27 17
27 24
27 4
27 26
