30 121
0 29
0 20
0 6
0 21
0 28
1 24
1 14
1 19
1 3
1 18
1 15
1 2
1 29
1 16
1 20
1 28
2 29
2 16
2 23
3 9
3 8
3 15
3 16
4 19
4 18
4 9
4 29
4 20
4 25
6 23
7 18
7 27
7 8
7 15
7 2
7 29
7 10
7 23
8 16
8 20
9 8
9 15
9 12
9 16
9 28
11 3
11 27
12 29
12 5
12 28
13 4
13 19
13 3
13 15
13 0
13 16
13 10
14 16
14 6
14 23
14 5
14 28
14 25
15 0
15 25
16 6
16 5
16 28
17 8
17 2
17 10
17 23
18 9
18 12
18 20
18 10
18 21
18 23
18 5
19 18
19 12
19 2
19 23
20 21
21 5
22 13
22 3
22 17
22 27
22 8
22 12
22 6
22 23
24 7
24 4
24 11
24 27
24 8
24 16
24 21
24 5
24 25
26 1
26 22
26 11
26 3
26 9
26 29
26 16
26 20
26 10
26 21
26 5
27 2
27 6
27 21
27 23
27 25
28 25
29 23
29 25
