26 157
0 18
0 15
0 3
0 5
0 24
0 14
1 24
2 17
2 16
2 18
2 15
2 6
2 5
2 1
2 24
2 9
3 6
3 5
3 1
3 9
4 0
4 16
4 23
4 6
4 5
4 1
5 1
5 14
5 9
6 24
7 25
7 19
7 8
7 2
7 17
7 0
7 16
7 23
7 15
7 5
7 24
8 20
8 17
8 16
8 23
8 3
8 5
8 1
10 12
10 25
10 17
10 0
10 23
10 15
10 6
10 1
10 24
10 14
10 9
11 21
11 12
11 25
11 0
11 23
11 3
11 24
11 9
12 2
12 17
12 16
12 18
12 23
12 6
12 5
12 14
12 9
13 10
13 12
13 25
13 4
13 17
13 0
13 3
13 6
13 14
13 9
15 3
15 5
15 1
15 24
15 9
16 23
16 15
16 3
16 5
16 14
16 9
17 16
17 18
17 23
17 15
17 5
17 1
17 24
17 9
18 23
18 3
18 5
18 1
18 14
18 9
19 4
19 0
19 18
19 3
19 5
19 1
19 24
19 14
19 9
20 18
20 3
20 5
20 14
20 9
21 13
21 7
21 8
21 4
21 20
21 2
21 17
21 16
21 23
21 15
21 6
21 1
21 14
21 9
22 11
22 25
22 8
22 17
22 16
22 18
22 23
22 5
22 1
22 9
23 15
23 3
23 6
23 14
24 14
25 19
25 17
25 24
