34 160
0 10
0 23
1 8
1 32
2 26
2 1
2 8
2 29
3 2
3 27
3 26
3 8
3 23
4 19
4 28
4 24
4 31
4 9
4 26
4 25
4 8
5 7
5 24
5 18
5 12
5 2
5 27
5 32
5 0
6 33
6 5
6 28
6 16
6 18
6 2
6 25
6 1
7 22
7 31
7 26
7 8
7 29
7 10
8 23
9 11
9 8
9 0
10 23
11 1
11 32
11 29
11 10
11 23
12 10
13 33
13 19
13 18
13 17
13 10
14 4
14 19
14 28
14 16
14 9
14 3
14 12
14 11
14 26
14 30
15 5
15 4
15 19
15 31
15 18
15 3
15 12
15 2
15 26
16 18
16 12
16 25
16 1
16 8
16 32
16 29
16 23
17 9
17 26
17 0
18 17
18 3
18 11
18 30
18 32
18 23
19 22
19 17
19 9
19 32
20 21
20 33
20 15
20 14
20 7
20 24
20 18
20 11
20 0
21 15
21 5
21 28
21 22
21 31
21 12
21 27
21 8
22 17
22 9
22 27
22 30
22 25
22 1
22 0
24 22
24 17
24 3
24 32
24 23
25 1
25 8
25 0
26 30
26 8
26 32
26 0
27 30
27 25
28 7
28 24
28 18
28 3
28 12
28 11
28 26
28 0
28 10
28 23
29 10
30 25
31 9
31 3
31 2
31 1
31 23
32 29
32 23
33 15
33 24
33 11
33 26
