30 130
0 2
0 10
0 22
0 4
1 25
1 22
2 10
2 3
3 22
3 4
5 28
5 19
5 16
5 11
5 15
5 10
5 1
5 21
5 12
5 4
6 24
6 0
6 15
6 10
6 21
6 3
6 12
7 3
7 12
8 29
8 23
8 5
8 28
8 6
8 15
8 2
8 25
8 3
8 12
8 22
8 9
10 7
10 9
10 4
11 1
11 7
12 9
12 4
13 6
13 15
13 2
13 1
13 9
14 2
14 4
15 4
16 11
16 6
16 10
16 7
16 12
17 28
17 19
17 15
17 12
18 5
18 16
18 24
18 1
18 3
19 15
19 2
19 7
19 4
20 27
20 29
20 23
20 28
20 19
20 25
20 22
20 4
21 4
23 13
23 24
23 0
23 15
23 9
24 0
24 2
24 21
24 7
24 22
25 22
25 4
26 27
26 23
26 28
26 14
26 15
26 2
26 7
26 25
26 3
26 12
26 9
27 13
27 24
27 0
27 15
27 10
27 25
27 3
28 19
28 13
28 14
28 0
28 1
28 21
28 7
28 3
29 23
29 13
29 11
29 24
29 15
29 21
29 25
29 22
29 4
