34 257
0 6
0 22
0 33
0 8
0 19
0 23
0 28
0 17
0 3
0 1
0 20
0 14
0 30
0 18
0 13
0 5
0 9
0 12
0 24
0 27
1 20
1 14
1 13
1 4
1 12
1 24
1 15
2 7
2 17
2 3
2 11
2 30
2 18
2 13
2 4
3 20
3 26
3 5
3 12
3 24
3 15
4 9
4 24
5 15
6 2
6 7
6 28
6 16
6 1
6 20
6 30
6 18
6 13
6 4
6 9
6 12
6 24
6 15
6 27
7 23
7 10
7 3
7 11
7 14
7 30
7 26
7 18
7 5
7 9
7 15
7 27
8 19
8 28
8 16
8 1
8 11
8 14
8 30
8 5
8 9
8 24
8 15
8 27
9 12
9 27
10 3
10 16
10 11
10 14
10 13
10 5
10 9
10 15
10 27
11 30
11 9
11 15
11 27
12 27
13 9
14 30
14 18
14 13
14 5
14 4
14 24
14 15
14 27
15 27
16 1
16 14
16 30
16 26
16 4
16 12
16 15
16 27
17 10
17 20
17 11
17 30
17 5
17 4
17 12
17 24
17 15
17 27
18 13
18 5
18 9
19 7
19 28
19 20
19 14
19 13
19 4
19 15
20 26
20 13
20 5
20 4
20 27
21 6
21 22
21 2
21 7
21 10
21 16
21 11
21 30
21 18
21 13
21 12
21 24
22 8
22 19
22 28
22 17
22 3
22 1
22 20
22 11
22 18
23 28
23 17
23 10
23 14
23 18
23 13
24 15
24 27
25 31
25 6
25 29
25 33
25 2
25 23
25 10
25 1
25 14
25 26
25 13
25 5
25 4
25 12
25 24
25 15
26 13
26 5
26 24
26 15
26 27
28 1
28 20
28 11
28 14
28 26
28 18
28 5
28 27
29 7
29 28
29 10
29 16
29 11
29 14
29 26
29 18
29 13
29 5
29 9
29 12
29 24
29 27
30 13
30 15
31 0
31 2
31 19
31 23
31 28
31 10
31 3
31 16
31 1
31 20
31 26
31 4
31 9
32 29
32 33
32 2
32 8
32 23
32 16
32 20
32 11
32 14
32 30
32 18
32 4
32 9
32 15
33 2
33 8
33 19
33 23
33 28
33 17
33 10
33 3
33 1
33 11
33 18
33 13
33 24
33 15
