28 189
0 8
0 14
0 9
0 26
0 20
0 12
0 5
0 24
0 13
0 23
0 16
0 22
0 25
0 3
1 17
1 4
1 22
1 6
1 2
1 3
2 3
4 22
4 6
4 2
4 3
5 1
5 23
5 17
5 4
5 22
5 25
5 15
5 3
7 21
7 11
7 8
7 14
7 1
7 24
7 17
7 16
7 6
8 14
8 9
8 26
8 5
8 16
8 4
8 22
8 25
8 15
8 2
8 3
9 26
9 18
9 20
9 23
9 16
9 25
9 6
9 15
9 2
9 3
10 7
10 0
10 11
10 26
10 20
10 12
10 5
10 1
10 23
10 17
10 16
10 4
10 22
10 6
10 15
11 14
11 12
11 5
11 24
11 13
11 23
11 17
11 16
11 22
11 6
11 15
12 13
12 23
12 4
12 25
12 15
12 2
12 3
13 17
13 16
13 4
13 3
14 9
14 26
14 18
14 1
14 13
14 16
14 22
14 6
14 3
15 2
15 3
16 4
16 22
16 6
16 15
16 3
17 16
17 4
17 22
17 25
18 20
18 12
18 17
18 4
18 25
18 3
19 27
19 8
19 9
19 13
19 16
19 22
19 25
19 3
20 12
20 24
20 23
20 4
20 6
20 15
20 2
20 3
21 11
21 9
21 18
21 12
21 5
21 1
21 24
21 13
21 16
21 22
21 25
21 3
22 6
22 2
22 3
23 17
23 22
23 2
24 23
24 17
24 16
24 22
24 6
24 15
24 3
25 6
25 15
25 3
26 18
26 5
26 23
26 17
26 4
26 6
26 15
26 3
27 8
27 9
27 18
27 12
27 23
27 17
27 16
27 4
27 22
27 15
27 2
