30 128
0 1
2 8
2 27
2 17
2 11
2 29
2 24
2 23
2 25
3 14
3 18
3 28
3 16
3 8
3 15
3 26
3 7
3 4
3 25
4 23
4 25
5 14
5 10
5 16
5 20
5 17
5 26
5 4
5 21
6 15
6 7
6 25
7 0
7 4
7 23
8 17
8 15
8 26
8 29
8 0
8 4
8 23
9 22
9 2
9 18
9 28
9 13
9 17
9 15
9 29
9 0
10 7
10 0
10 1
10 21
11 21
12 29
12 23
13 19
13 15
13 12
13 26
13 7
13 1
14 2
14 18
14 16
14 19
14 20
14 8
14 17
14 15
14 7
14 29
14 4
14 23
14 1
15 12
15 11
15 0
16 13
16 20
16 17
16 15
16 26
16 7
16 29
16 24
16 1
17 4
18 28
18 11
18 7
19 20
19 12
19 26
19 11
19 7
19 21
20 8
20 17
20 29
20 24
20 23
22 6
22 3
22 19
22 17
22 7
22 23
22 21
23 25
24 23
25 1
26 24
26 0
26 21
27 15
27 11
27 29
27 23
27 21
28 16
28 8
28 27
28 7
28 1
29 4
