29 205
0 16
0 4
0 5
0 20
0 28
0 3
1 16
1 12
1 5
1 9
1 28
1 14
1 22
1 3
2 18
2 6
2 26
2 24
2 0
2 23
2 8
2 16
2 12
2 5
2 28
2 17
2 3
4 28
4 14
4 22
4 3
5 20
5 9
5 14
5 13
5 17
6 26
6 11
6 23
6 1
6 8
6 4
6 12
6 5
6 27
6 28
6 22
6 3
7 10
7 24
7 0
7 1
7 12
7 14
7 13
7 22
7 17
8 16
8 4
8 12
8 27
8 20
8 28
8 19
8 13
8 22
8 3
9 19
9 3
10 11
10 24
10 21
10 1
10 8
10 16
10 9
10 14
10 13
10 22
10 3
11 21
11 16
11 4
11 5
11 27
11 20
11 9
11 14
11 19
11 13
11 22
11 17
11 3
12 5
12 27
12 9
12 28
12 19
12 13
12 22
12 17
12 3
13 22
13 3
14 19
15 2
15 18
15 10
15 24
15 21
15 0
15 1
15 4
15 28
15 19
15 22
16 4
16 5
16 28
16 17
17 3
18 6
18 11
18 23
18 1
18 5
18 27
18 9
18 14
18 13
18 17
18 3
20 9
20 28
20 14
20 13
20 22
20 3
21 0
21 4
21 12
21 27
21 20
21 14
21 13
21 22
21 17
22 17
23 1
23 8
23 20
23 19
23 13
23 22
23 17
23 3
24 21
24 23
24 1
24 8
24 16
24 4
24 12
24 5
24 27
24 20
24 28
24 19
24 13
24 3
25 2
25 7
25 24
25 21
25 0
25 23
25 8
25 16
25 4
25 12
25 9
25 28
25 14
25 19
25 22
25 17
25 3
26 21
26 0
26 23
26 1
26 8
26 12
26 14
26 17
26 3
27 20
27 9
27 28
27 19
27 17
27 3
28 22
28 17
28 3
