33 269
0 32
0 28
1 14
1 16
1 6
1 3
1 20
1 24
1 15
1 22
1 25
1 0
1 31
1 30
1 32
1 28
2 25
2 0
2 30
2 5
2 11
2 28
3 4
3 20
3 24
3 7
3 8
3 17
3 15
3 22
3 2
3 0
3 31
3 5
3 32
4 20
4 24
4 26
4 8
4 22
4 25
4 30
4 5
4 32
5 11
6 4
6 20
6 24
6 26
6 13
6 21
6 25
6 0
6 30
6 5
6 11
6 28
7 21
7 22
7 2
7 25
7 29
7 0
7 31
7 11
8 22
8 2
8 25
8 29
8 0
8 31
8 30
8 32
9 12
9 19
9 23
9 24
9 26
9 13
9 7
9 17
9 15
9 21
9 22
9 2
9 29
9 0
9 31
9 30
9 5
10 27
10 12
10 16
10 6
10 3
10 20
10 26
10 7
10 8
10 15
10 25
10 30
10 11
10 28
11 28
12 6
12 3
12 20
12 13
12 7
12 8
12 22
12 25
12 32
13 7
13 17
13 15
13 22
13 2
13 25
13 29
13 0
13 32
13 28
14 23
14 6
14 20
14 26
14 8
14 17
14 21
14 22
14 2
14 25
14 29
14 0
14 31
14 5
15 21
15 22
15 25
15 31
15 30
16 3
16 20
16 24
16 26
16 13
16 15
16 21
16 22
16 2
16 25
16 0
16 30
16 5
16 32
16 28
17 15
17 21
17 29
17 30
17 11
18 16
18 20
18 24
18 8
18 15
18 21
18 22
18 2
18 31
18 5
18 11
18 32
19 14
19 23
19 6
19 20
19 24
19 17
19 15
19 22
19 25
19 29
19 0
19 31
19 30
19 5
19 11
20 24
20 26
20 7
20 17
20 15
20 21
20 22
20 2
20 31
20 30
20 5
20 11
20 28
21 22
21 0
21 31
21 11
21 32
21 28
22 25
22 0
22 5
22 28
23 16
23 6
23 26
23 7
23 17
23 15
23 22
23 25
23 30
23 5
23 11
23 32
23 28
24 26
24 13
24 7
24 15
24 22
24 2
24 31
24 5
24 28
25 0
25 5
26 22
26 2
26 25
26 0
26 28
27 1
27 12
27 18
27 23
27 6
27 4
27 24
27 26
27 13
27 7
27 8
27 17
27 22
27 2
27 0
27 5
27 11
27 32
27 28
29 30
29 5
29 11
30 5
30 11
31 5
31 28
32 28
