26 117
0 3
0 7
0 6
0 4
0 12
0 23
0 1
1 24
1 19
1 14
1 10
2 22
2 9
2 8
2 17
2 15
2 12
2 21
2 14
3 20
3 7
3 4
3 15
3 12
3 19
4 5
4 15
4 21
4 19
4 14
5 21
5 1
5 19
6 4
6 15
6 21
6 1
6 10
7 6
7 4
7 12
7 21
7 14
8 3
8 20
8 5
8 24
9 17
9 3
9 20
9 21
9 23
11 0
11 15
12 1
12 14
12 10
13 11
13 8
13 7
13 5
13 23
13 1
13 19
15 12
15 21
15 19
15 10
16 11
16 9
16 3
16 5
16 1
16 10
17 20
17 15
17 12
17 21
17 1
17 19
18 20
18 6
18 12
18 21
19 10
20 4
20 15
20 12
20 21
20 1
20 19
20 10
21 24
21 19
22 25
22 9
22 20
22 6
22 5
22 19
22 14
22 10
23 1
23 10
24 14
24 10
25 11
25 17
25 3
25 7
25 6
25 15
25 23
25 1
25 24
25 19
25 10
