34 170
0 11
0 18
0 7
0 20
1 6
1 7
1 5
2 4
2 24
2 3
2 18
2 28
2 17
2 20
4 28
4 7
6 20
8 3
8 20
10 30
10 14
10 26
10 31
10 2
10 6
10 7
10 5
11 14
11 26
11 29
11 1
11 23
11 4
11 6
11 17
11 20
12 30
12 15
12 19
12 23
12 8
12 4
12 20
13 10
13 22
13 0
13 30
13 33
13 19
13 26
13 27
13 23
13 16
13 4
13 17
13 7
14 26
14 27
14 29
14 24
14 3
14 17
14 20
15 19
15 11
15 27
15 2
15 4
15 9
16 4
16 6
16 20
18 20
18 5
19 14
19 26
19 1
19 23
19 16
19 2
19 4
19 24
19 18
19 28
19 6
19 9
20 5
21 26
21 27
21 23
21 8
21 7
22 0
22 12
22 15
22 11
22 27
22 16
22 31
22 8
22 4
22 18
22 28
22 6
22 20
23 8
23 28
23 7
24 18
24 28
25 13
25 10
25 12
25 30
25 29
25 23
25 24
25 18
25 6
25 17
25 9
26 1
26 31
26 24
26 6
26 7
26 5
27 1
27 16
27 2
27 24
27 28
27 9
28 20
29 1
29 20
29 5
30 19
30 27
30 29
30 31
30 2
30 24
30 3
30 18
30 28
30 7
30 20
31 4
31 24
31 18
31 6
32 10
32 22
32 12
32 11
32 27
32 3
32 18
32 6
32 7
32 5
33 14
33 26
33 27
33 23
33 31
33 3
33 28
33 7
