34 163
0 3
0 11
0 33
0 12
0 13
0 26
0 30
0 17
1 31
1 16
1 29
1 17
2 20
2 5
2 3
2 7
2 23
2 31
2 28
2 33
2 13
2 6
2 26
2 29
2 17
3 9
3 7
3 10
3 33
3 12
4 11
4 28
4 18
4 13
4 29
4 17
5 19
5 9
5 11
5 24
5 23
5 31
5 10
5 12
5 27
7 31
7 28
7 12
7 13
7 6
7 16
7 30
7 29
9 32
9 7
9 1
9 10
9 13
9 17
10 28
10 33
10 18
10 13
10 26
10 29
10 17
11 25
11 31
11 28
11 6
11 27
11 17
12 8
12 27
12 16
12 26
12 17
13 16
13 26
13 30
13 29
14 21
14 25
14 7
14 23
14 10
14 28
14 12
14 18
14 8
14 16
14 26
15 28
15 12
18 13
19 3
19 32
19 25
19 7
19 23
19 8
19 27
19 29
19 17
20 0
20 22
20 25
20 27
20 17
21 5
21 4
21 3
21 25
21 31
21 28
21 33
21 12
21 27
21 30
21 29
21 17
22 11
22 32
22 15
22 33
22 8
22 6
22 17
23 33
23 12
23 18
23 29
24 31
24 28
24 18
24 13
25 24
25 23
25 28
25 12
25 26
25 30
26 29
26 17
27 29
27 17
28 33
28 6
28 30
28 17
31 12
31 6
31 16
31 30
31 29
32 10
32 33
32 12
32 6
33 18
33 8
33 27
33 26
