26 103
0 6
0 13
0 18
0 4
0 17
0 2
0 11
2 15
2 9
2 21
2 12
3 14
3 17
3 22
3 7
4 11
4 12
4 7
4 1
5 25
5 17
5 2
5 15
5 11
5 7
6 13
6 18
6 5
6 14
6 9
6 11
6 21
6 7
8 10
8 4
8 14
8 25
8 15
8 11
8 21
9 11
10 5
10 19
10 2
10 12
10 22
10 1
12 1
13 18
13 4
13 14
13 15
13 9
13 22
13 7
14 2
14 11
14 1
15 11
15 1
16 6
16 13
16 8
16 4
16 24
16 2
16 11
16 12
16 1
17 15
17 21
18 10
18 4
18 24
18 14
18 2
18 15
18 12
19 2
19 21
19 22
19 7
20 3
20 7
21 1
23 0
23 8
23 4
23 5
23 14
23 25
23 19
23 2
23 12
23 22
23 7
24 5
24 11
24 12
24 22
24 7
25 17
25 1
