29 111
0 15
1 2
1 22
1 17
1 20
1 24
1 15
2 22
2 17
2 20
2 24
2 5
3 19
3 28
3 15
3 16
4 7
4 14
4 16
6 4
6 3
6 11
6 9
6 28
7 24
7 15
7 16
8 12
8 19
8 18
8 1
8 14
9 10
9 2
9 24
9 16
10 7
10 14
11 19
11 18
11 17
11 20
11 24
11 14
11 16
11 5
11 21
12 9
12 10
12 24
13 3
13 24
13 15
13 16
13 21
16 5
17 0
17 14
17 21
18 1
18 2
18 17
18 24
18 14
19 26
19 17
19 7
19 5
20 7
20 15
20 21
22 24
22 15
22 21
23 11
23 26
23 10
23 1
23 20
23 7
23 24
24 16
24 21
25 27
25 3
25 8
25 26
25 1
25 2
25 28
26 18
26 1
26 17
26 20
26 14
26 5
27 3
27 11
27 12
27 26
27 2
27 22
27 17
27 20
27 7
27 16
27 5
28 20
28 0
28 24
28 21
