32 262
0 10
0 17
0 18
0 19
1 25
1 4
1 0
1 10
1 18
2 12
2 24
2 15
2 3
2 26
2 5
2 20
2 31
2 30
2 9
2 0
2 7
2 19
3 21
3 29
3 14
3 23
3 1
3 25
3 4
3 0
3 10
3 18
3 19
4 0
4 17
4 7
4 18
4 19
5 29
5 6
5 30
5 23
5 9
5 4
5 0
5 7
6 30
6 25
6 22
6 0
6 10
6 7
6 19
7 18
8 11
8 16
8 13
8 15
8 3
8 5
8 29
8 6
8 25
8 10
8 18
9 25
9 22
9 4
9 0
9 10
9 17
9 7
9 18
11 15
11 27
11 3
11 21
11 14
11 31
11 1
11 22
11 4
11 10
11 17
11 19
12 13
12 24
12 27
12 26
12 5
12 14
12 30
12 23
12 1
12 22
12 4
12 17
12 19
13 15
13 3
13 21
13 6
13 30
13 23
13 1
13 9
13 18
14 30
14 1
14 4
14 10
14 17
14 7
14 18
14 19
15 27
15 3
15 5
15 29
15 6
15 31
15 30
15 1
15 4
15 0
15 10
15 17
15 7
15 19
16 13
16 15
16 27
16 20
16 14
16 31
16 30
16 1
16 25
16 10
16 17
17 7
17 18
18 19
20 29
20 6
20 30
20 23
20 1
20 9
20 22
20 4
20 0
20 17
20 7
20 19
21 26
21 23
21 22
21 4
21 10
21 7
21 19
22 0
22 10
22 17
22 19
23 9
23 4
23 0
23 10
23 17
23 7
23 19
24 15
24 27
24 3
24 21
24 5
24 20
24 29
24 14
24 31
24 30
24 23
24 1
24 9
24 25
24 22
24 4
24 18
24 19
25 4
25 10
25 17
25 7
26 5
26 20
26 29
26 30
26 23
26 25
26 4
26 10
27 21
27 26
27 29
27 14
27 1
27 9
27 22
27 10
27 18
27 19
28 8
28 2
28 16
28 13
28 15
28 27
28 3
28 26
28 20
28 6
28 14
28 23
28 1
28 25
28 22
28 4
28 0
28 7
28 18
28 19
29 31
29 30
29 23
29 1
29 9
29 4
29 0
29 7
29 18
29 19
30 23
30 1
30 25
30 22
30 4
30 17
30 7
30 18
30 19
31 30
31 23
31 1
31 9
31 25
31 4
31 10
31 17
31 18
31 19
