35 184
0 22
0 29
0 6
0 17
0 31
0 10
1 3
1 25
1 24
1 21
1 0
1 30
1 15
1 10
2 19
2 8
2 21
2 27
2 20
2 0
2 22
2 11
2 6
2 17
2 12
3 25
3 34
3 19
3 22
3 14
3 17
3 12
4 28
4 2
4 3
4 25
4 24
4 8
4 27
4 0
4 33
4 11
4 30
4 6
4 31
4 13
4 12
5 21
5 33
5 29
5 6
5 15
5 17
6 17
7 27
7 29
7 31
7 13
7 12
8 21
8 20
8 33
8 14
8 6
8 10
9 3
9 19
9 7
9 33
9 16
9 11
9 29
9 15
9 10
11 29
11 6
11 31
11 18
12 10
14 6
14 12
15 31
15 13
16 22
16 14
17 31
17 13
18 10
19 8
19 7
19 33
19 16
19 30
19 18
20 22
20 29
20 17
20 31
21 27
21 31
21 13
21 12
22 11
22 29
22 17
22 31
22 13
22 18
23 1
23 9
23 8
23 27
23 33
23 16
23 30
23 31
23 13
23 12
23 10
24 21
24 27
24 30
24 29
24 6
24 31
24 18
24 10
25 19
25 16
25 30
25 15
26 4
26 5
26 9
26 24
26 7
26 20
26 0
26 30
26 14
26 12
26 10
27 33
27 29
27 15
27 17
27 13
27 18
27 10
28 2
28 9
28 19
28 8
28 27
28 0
28 33
28 6
28 15
29 6
29 13
29 18
29 10
30 17
30 12
31 18
32 26
32 27
32 20
32 22
32 30
32 6
32 15
33 16
33 22
33 29
33 31
33 13
33 12
34 11
34 30
34 15
34 17
34 13
34 10
