27 113
0 20
0 10
0 14
0 9
0 13
1 11
1 8
1 26
1 0
1 10
1 22
1 7
1 12
3 21
3 15
3 11
3 20
3 10
3 22
3 7
3 16
3 2
3 13
4 8
4 0
4 6
4 20
4 9
4 18
4 16
5 11
5 26
5 0
5 22
5 18
6 20
6 10
6 14
6 18
6 13
8 14
8 13
9 2
10 9
10 18
10 2
11 10
11 14
11 9
11 7
13 12
14 22
14 9
14 18
14 12
15 19
15 5
15 0
15 6
15 22
15 7
16 2
17 5
17 22
17 18
17 16
17 2
17 13
18 16
18 13
19 5
19 8
19 0
19 6
19 10
19 18
19 2
19 13
20 14
20 22
20 7
20 16
20 12
21 11
21 6
21 14
21 9
21 2
21 12
22 9
22 18
23 17
23 5
23 26
23 0
23 18
23 2
23 13
24 4
24 11
24 26
24 6
24 22
25 1
25 4
25 8
25 14
25 7
25 16
25 2
25 13
26 20
26 18
