34 163
0 23
0 24
1 3
1 25
2 10
2 0
2 33
2 16
2 21
2 17
3 21
3 17
3 7
3 24
3 25
4 23
4 3
4 24
5 15
5 10
5 13
5 22
5 28
5 19
5 11
5 9
5 4
5 18
6 14
7 25
8 9
8 4
8 23
8 1
8 3
9 16
9 17
10 20
10 9
10 0
10 4
10 23
10 21
10 17
10 18
10 24
10 25
11 0
11 23
11 14
11 7
11 24
12 13
12 32
12 9
12 0
12 17
12 25
13 22
13 32
13 11
13 8
13 33
13 16
13 6
13 17
14 25
14 31
15 10
15 20
15 13
15 11
15 0
15 23
15 3
15 14
15 21
15 25
16 3
16 7
16 25
17 7
19 11
19 0
19 1
19 6
19 14
19 7
19 31
20 9
20 33
20 1
20 17
20 7
20 31
21 7
22 32
22 11
22 8
22 4
22 21
23 6
25 31
26 12
26 15
26 13
26 22
26 9
26 1
26 14
26 21
26 7
26 18
27 12
27 20
27 28
27 32
27 19
27 11
27 9
27 17
27 31
28 9
28 23
28 6
28 7
28 18
28 24
28 25
29 27
29 26
29 15
29 10
29 22
29 28
29 8
29 4
29 6
29 25
29 31
30 2
30 10
30 20
30 23
30 3
30 18
30 24
30 31
32 9
32 33
32 4
32 23
32 16
32 1
32 3
32 21
32 7
32 24
32 25
33 14
33 17
33 25
33 31
