31 227
0 11
0 27
0 15
0 18
1 27
1 15
2 29
2 6
2 22
2 0
2 28
2 10
2 21
2 5
2 14
2 18
3 9
3 13
3 2
3 6
3 17
3 0
3 28
3 10
3 11
3 12
3 1
3 27
3 14
4 0
4 28
4 10
4 11
4 21
4 5
4 18
5 27
5 16
5 15
5 18
6 17
6 22
6 30
6 28
6 11
6 1
6 14
7 19
7 20
7 23
7 29
7 6
7 22
7 24
7 10
7 11
7 12
7 1
7 21
7 5
7 27
7 16
7 18
8 25
8 7
8 23
8 3
8 9
8 13
8 2
8 29
8 17
8 28
8 24
8 11
8 1
8 5
8 27
8 16
8 15
8 18
9 13
9 2
9 26
9 17
9 22
9 24
9 11
9 12
9 27
9 14
9 15
10 1
10 21
10 5
10 15
10 18
11 1
11 5
11 27
11 16
12 21
12 5
12 18
13 29
13 26
13 22
13 4
13 24
13 10
13 12
13 1
13 5
13 16
13 15
13 18
14 15
14 18
15 18
16 14
17 30
17 4
17 0
17 28
17 11
17 21
17 5
17 14
17 15
19 3
19 29
19 26
19 6
19 17
19 22
19 0
19 10
19 1
19 16
19 14
19 18
20 23
20 9
20 29
20 6
20 17
20 22
20 0
20 24
20 11
20 12
20 21
20 14
20 15
21 16
21 14
21 15
21 18
22 0
22 11
22 16
22 15
23 9
23 29
23 26
23 6
23 17
23 22
23 30
23 0
23 28
23 24
23 12
23 1
23 21
23 27
23 16
23 14
23 15
24 11
24 12
24 1
24 27
24 16
24 14
24 15
24 18
25 7
25 19
25 20
25 23
25 29
25 26
25 6
25 30
25 28
25 21
25 16
25 15
26 6
26 17
26 30
26 27
26 18
27 15
28 10
28 1
28 27
28 16
28 14
29 26
29 6
29 17
29 4
29 0
29 24
29 11
29 12
29 1
29 21
29 5
29 14
29 18
30 28
30 10
30 14
30 18
