27 102
0 21
0 15
0 2
1 9
1 21
1 15
1 11
1 12
1 10
3 16
3 20
3 8
3 10
4 5
4 18
4 21
4 16
4 25
5 6
5 1
5 0
5 13
5 18
5 15
5 20
6 24
6 0
6 13
6 18
6 15
6 16
6 2
6 12
6 10
7 6
7 24
7 0
7 3
7 21
7 11
7 10
8 12
8 10
9 11
9 16
9 25
9 2
11 8
11 25
11 2
12 10
13 21
13 8
13 10
14 18
14 20
14 10
15 8
15 12
17 5
17 7
17 14
17 24
17 9
17 25
18 15
18 25
19 17
19 6
19 23
19 0
19 15
19 16
19 25
19 2
20 12
21 15
21 11
21 20
22 14
22 9
22 15
22 25
22 12
23 0
23 11
23 16
23 20
24 23
24 0
24 9
24 21
24 11
24 25
24 12
25 12
26 24
26 1
26 0
26 13
26 20
26 25
