33 155
0 8
0 20
0 4
0 9
0 27
0 3
0 26
1 3
2 23
2 28
2 5
2 26
2 13
2 18
3 13
4 29
4 3
4 26
4 13
5 9
5 27
5 3
5 18
6 0
6 25
6 28
6 12
6 4
6 9
6 24
6 3
6 26
6 13
6 18
7 25
7 28
7 12
7 1
7 3
7 18
8 16
8 28
8 12
8 10
8 4
8 9
8 3
9 29
9 27
9 24
9 3
10 5
10 9
10 27
10 1
10 13
11 8
11 16
11 20
11 4
11 9
11 3
12 4
12 9
12 29
12 24
12 13
12 18
14 22
14 7
14 25
14 12
14 13
14 18
16 4
16 24
16 26
17 25
17 12
17 29
17 26
19 8
19 25
19 20
19 5
19 18
20 28
20 5
20 26
20 13
20 18
21 8
21 25
21 28
21 5
21 4
21 27
21 24
21 1
21 13
22 23
22 17
22 15
22 16
22 12
22 24
22 13
22 18
23 21
23 24
23 1
23 13
23 18
24 13
25 16
25 28
25 9
25 27
25 26
25 13
27 13
28 12
28 4
28 13
29 27
29 24
29 3
30 7
30 17
30 15
30 0
30 8
30 25
30 16
30 5
30 29
30 1
30 26
31 7
31 17
31 15
31 32
31 16
31 28
31 5
31 1
31 26
31 18
32 0
32 9
32 27
32 24
32 1
32 13
32 18
