30 126
1 26
1 12
1 25
1 7
1 17
1 21
2 19
2 23
2 17
2 0
3 24
3 15
3 4
3 2
3 19
3 25
3 18
3 8
3 27
3 7
3 6
4 12
4 25
4 18
4 23
4 17
4 0
4 6
4 21
4 22
5 12
5 25
5 18
5 8
5 23
6 21
7 23
7 0
8 16
8 13
8 6
8 21
8 22
9 11
9 15
9 25
9 16
9 27
10 13
10 23
10 6
11 12
11 8
11 17
11 0
12 25
12 18
12 0
13 23
13 0
13 22
14 5
14 11
14 15
14 20
14 25
14 8
14 6
15 12
15 19
15 18
15 8
15 10
15 16
15 22
16 6
16 21
16 22
17 21
17 22
18 10
18 6
18 21
19 23
20 28
20 12
20 18
20 27
20 7
20 22
23 17
23 0
23 21
23 22
24 12
24 25
24 10
24 27
24 23
24 17
24 6
25 13
25 23
25 17
25 6
25 21
26 11
26 2
26 16
26 27
26 23
26 6
27 23
27 6
28 12
28 27
28 21
29 5
29 11
29 20
29 2
29 27
29 13
29 0
29 6
29 21
