30 211
0 8
0 28
0 21
0 5
0 16
0 15
1 14
1 20
1 18
1 0
1 8
1 28
1 22
1 5
1 2
1 15
1 7
2 16
2 24
3 1
3 14
3 29
3 8
3 12
3 11
3 16
3 19
3 27
4 17
4 3
4 1
4 23
4 10
4 0
4 8
4 22
4 21
4 11
4 15
4 27
4 7
5 2
5 15
5 7
6 20
6 18
6 0
6 8
6 28
6 12
6 21
6 16
6 24
8 12
8 21
8 16
8 19
8 15
8 7
9 4
9 17
9 3
9 1
9 6
9 23
9 29
9 0
9 8
9 28
9 22
9 16
9 19
9 24
9 27
10 29
10 22
10 12
10 21
10 11
10 5
10 24
10 27
10 7
11 16
11 19
11 24
11 15
12 11
12 19
12 15
12 7
13 14
13 20
13 23
13 18
13 10
13 8
13 22
13 12
13 21
13 11
13 5
13 2
13 19
13 15
13 7
14 6
14 20
14 23
14 10
14 8
14 28
14 22
14 12
14 21
14 5
14 2
14 19
14 15
16 19
16 7
17 6
17 18
17 10
17 29
17 8
17 22
17 5
17 24
17 27
18 29
18 8
18 28
18 5
18 2
18 19
18 15
18 7
19 15
19 7
20 10
20 0
20 8
20 28
20 22
20 12
20 5
20 2
20 16
20 19
20 15
20 27
20 7
21 11
21 16
21 24
21 7
22 11
22 2
22 16
22 19
22 24
22 15
22 27
22 7
23 18
23 10
23 29
23 28
23 11
23 2
23 24
24 15
24 7
25 4
25 3
25 1
25 23
25 8
25 28
25 11
25 16
25 19
25 24
25 27
26 13
26 25
26 4
26 3
26 14
26 20
26 23
26 10
26 0
26 5
26 2
26 15
26 27
28 12
28 11
28 5
28 2
28 16
28 27
29 12
29 21
29 5
29 19
29 24
29 15
29 7
