27 176
0 22
0 2
0 21
1 20
1 3
1 9
1 18
1 15
1 4
1 17
3 19
3 6
3 25
3 18
3 12
3 24
3 13
3 22
3 21
3 17
4 2
5 20
5 19
5 26
5 16
5 25
5 23
5 18
5 10
5 0
5 22
5 4
5 21
6 9
6 11
6 23
6 12
6 24
6 13
6 22
6 2
7 10
7 0
7 15
7 14
8 19
8 26
8 6
8 11
8 25
8 12
8 24
8 13
8 7
8 10
8 0
8 17
9 11
9 23
9 12
9 13
9 10
9 0
9 15
9 14
9 21
9 17
10 0
10 14
10 21
10 17
11 23
11 18
11 12
11 13
11 10
11 0
11 22
11 2
11 21
11 17
12 24
12 7
12 10
12 0
12 2
13 7
13 10
13 0
13 22
13 4
15 22
15 14
16 25
16 23
16 18
16 24
16 0
16 22
16 4
16 14
16 2
16 21
18 12
18 13
18 10
18 22
18 4
19 6
19 16
19 9
19 11
19 25
19 23
19 18
19 12
19 24
19 7
19 15
19 14
19 2
19 21
19 17
20 8
20 19
20 16
20 9
20 25
20 23
20 18
20 13
20 15
20 14
20 17
21 17
22 4
22 14
22 17
23 12
23 13
23 7
23 10
23 0
23 15
23 14
23 17
24 7
24 0
24 22
24 14
24 2
24 21
24 17
25 18
25 12
25 24
25 13
25 7
25 10
25 4
25 14
25 2
25 17
26 16
26 11
26 23
26 18
26 12
26 24
26 10
26 0
26 15
26 22
26 4
26 14
26 21
