35 189
0 19
0 2
0 23
0 33
0 6
0 29
1 7
1 19
1 8
1 26
1 22
1 10
1 6
1 12
2 23
2 13
2 10
2 12
3 31
3 14
3 0
3 24
3 16
3 30
3 22
3 28
3 5
3 4
3 2
3 13
3 6
3 9
3 17
4 13
4 6
4 9
4 12
5 2
5 27
5 12
5 17
6 17
7 25
7 28
7 2
7 23
7 13
7 10
7 33
7 9
7 29
7 17
8 4
8 2
8 10
8 27
8 17
10 33
10 9
10 27
11 3
11 34
11 32
11 24
11 1
11 19
11 5
11 9
11 12
11 17
14 15
14 24
14 16
14 18
14 1
14 30
14 26
14 25
14 2
14 23
14 13
14 10
15 18
15 30
15 22
15 25
15 28
15 5
15 13
15 10
16 18
16 7
16 19
16 8
16 26
16 22
16 10
16 6
16 9
16 27
18 30
18 5
18 4
18 23
18 10
18 6
18 27
18 12
19 5
19 9
19 27
20 15
20 24
20 1
20 7
20 30
20 25
20 2
20 10
20 33
20 6
20 12
21 34
21 32
21 22
21 25
21 5
21 23
21 33
21 9
21 29
21 17
22 4
22 23
22 13
22 33
22 29
24 16
24 5
24 23
24 9
24 12
25 28
25 4
25 29
25 17
26 2
26 13
26 6
26 9
27 17
28 5
28 23
28 10
28 6
28 27
29 12
30 5
30 23
30 10
30 9
30 27
30 29
30 17
31 32
31 16
31 18
31 7
31 8
31 26
31 5
31 23
31 13
31 10
31 17
32 15
32 22
32 5
32 4
32 10
32 27
32 17
33 17
34 32
34 0
34 24
34 16
34 1
34 8
