30 233
0 1
0 28
0 3
0 29
0 4
0 16
0 9
1 3
1 4
1 16
2 6
2 20
2 17
2 21
2 12
2 15
2 19
2 28
2 29
2 23
2 7
3 29
3 4
3 7
4 23
4 16
4 7
4 9
5 24
5 26
5 17
5 21
5 10
5 27
5 12
5 15
5 0
5 28
5 3
5 4
5 16
5 7
6 26
6 25
6 17
6 21
6 10
6 15
6 19
6 0
6 3
6 7
6 9
7 9
8 24
8 26
8 25
8 17
8 10
8 14
8 12
8 0
8 1
8 3
8 29
10 14
10 12
10 11
10 1
10 28
10 3
10 29
10 4
10 23
10 9
11 29
11 23
11 7
12 15
12 19
12 0
12 1
12 28
12 4
12 23
12 16
12 9
13 18
13 8
13 24
13 6
13 25
13 20
13 17
13 21
13 10
13 14
13 27
13 12
13 1
13 29
13 4
13 16
13 7
13 9
14 27
14 12
14 15
14 19
14 1
14 29
14 16
14 7
15 19
15 3
15 29
15 23
15 7
15 9
16 9
17 21
17 14
17 0
17 28
17 29
17 4
17 23
17 16
17 9
18 5
18 22
18 24
18 25
18 20
18 21
18 27
18 12
18 11
18 28
18 29
18 9
19 11
19 1
19 28
19 3
19 29
19 4
19 23
19 9
20 17
20 10
20 15
20 19
20 1
20 3
20 4
20 16
20 9
21 12
21 15
21 19
21 0
21 3
21 4
22 24
22 6
22 25
22 17
22 21
22 14
22 27
22 19
22 11
22 1
22 3
22 29
22 4
22 23
22 16
24 6
24 17
24 21
24 10
24 12
24 11
24 0
24 28
24 29
24 4
24 16
24 7
25 20
25 17
25 10
25 14
25 12
25 15
25 19
25 11
25 0
25 28
25 3
25 4
25 23
26 25
26 20
26 17
26 21
26 27
26 15
26 11
26 1
26 23
26 16
26 7
26 9
27 19
27 1
27 28
27 3
27 29
27 23
27 16
27 7
27 9
28 3
28 23
28 16
28 9
29 4
29 23
29 16
29 9
