30 226
0 5
0 9
0 20
0 7
0 21
0 13
0 18
0 26
0 15
0 16
0 6
0 10
1 26
1 16
1 6
1 10
1 29
2 0
2 3
2 11
2 17
2 23
2 20
2 7
2 12
2 21
2 14
2 28
2 13
2 26
2 15
2 16
2 25
3 11
3 17
3 23
3 8
3 20
3 7
3 12
3 14
3 13
3 27
3 15
3 16
3 25
3 29
4 24
4 11
4 17
4 8
4 12
4 27
4 1
4 26
4 15
4 6
4 10
4 25
4 29
5 24
5 11
5 17
5 23
5 8
5 22
5 12
5 28
5 13
5 27
5 18
5 1
5 26
5 10
6 10
6 25
7 22
7 12
7 21
7 14
7 13
7 27
7 16
7 6
7 10
8 12
8 14
8 28
8 27
8 15
8 16
8 6
9 3
9 24
9 11
9 17
9 23
9 8
9 22
9 12
9 13
9 18
9 1
9 26
9 10
9 25
9 29
10 25
11 23
11 8
11 20
11 22
11 21
11 28
11 13
11 18
11 10
12 14
12 13
12 27
12 18
12 1
12 26
12 16
12 6
13 1
13 15
13 6
13 25
14 28
14 13
14 27
14 18
14 26
14 25
14 29
15 6
15 25
16 10
16 25
16 29
17 20
17 21
17 28
17 27
17 18
17 1
17 26
17 29
18 1
18 26
18 15
18 16
18 10
18 25
19 0
19 3
19 11
19 17
19 8
19 20
19 21
19 14
19 27
19 18
19 1
19 26
19 15
19 16
19 25
20 21
20 13
20 1
20 26
20 15
20 6
20 10
20 25
20 29
21 10
21 25
22 14
22 28
22 13
22 27
22 26
22 6
22 10
22 25
23 8
23 20
23 22
23 12
23 21
23 14
23 27
23 10
23 25
24 17
24 20
24 7
24 12
24 28
24 18
24 1
24 26
24 6
24 10
25 29
26 15
26 16
26 6
26 10
26 25
27 18
27 1
27 26
27 6
27 10
27 25
27 29
28 18
28 1
28 6
28 10
28 25
