34 193 5
0 6
0 4
0 1
0 5
0 24
0 3
0 21
0 19
0 9
0 15
0 20
0 27
0 13
1 24
1 21
1 31
1 10
1 7
1 20
1 27
1 13
2 6
2 5
2 24
2 3
2 21
2 19
2 9
2 31
2 15
2 7
2 27
2 13
3 6
3 4
3 5
3 22
3 24
3 21
3 19
3 9
3 31
3 18
3 7
3 20
4 5
4 21
4 19
4 9
4 31
4 7
4 20
4 27
4 13
5 6
5 22
5 24
5 21
5 9
5 31
5 10
5 15
5 18
5 20
5 27
5 13
6 22
6 21
6 19
6 9
6 31
6 10
6 15
6 18
6 7
6 27
6 13
7 22
7 9
7 10
7 15
7 18
7 20
7 27
7 13
8 16
8 11
8 28
8 12
8 25
8 30
8 14
8 32
8 29
9 22
9 24
9 21
9 19
9 31
9 10
9 15
9 18
9 20
10 22
10 19
10 31
10 15
10 20
10 27
10 13
11 16
11 28
11 26
11 23
11 30
11 14
11 32
11 17
12 16
12 28
12 23
12 30
12 14
12 33
12 32
12 17
12 29
13 22
13 24
13 21
13 19
13 15
13 18
13 20
14 28
14 26
14 23
14 25
14 33
14 32
14 29
15 22
15 24
15 21
15 19
15 20
15 27
16 26
16 25
16 30
16 33
16 32
16 17
16 29
17 28
17 26
17 25
17 30
17 33
17 32
17 29
18 24
18 19
18 31
19 22
19 24
19 31
19 20
19 27
20 21
20 31
20 27
21 31
23 28
23 26
23 25
23 30
24 31
24 27
25 26
25 30
25 33
25 32
25 29
26 28
26 33
26 32
28 30
28 29
29 30
29 33
29 32
30 32
12 25
24 5
8 30
28 17
16 30
12 24
24 28
8 21
28 10
16 3
