34 257 5
0 29
0 30
0 27
0 33
0 11
0 5
0 12
0 20
0 7
0 28
0 17
0 6
0 4
0 32
0 13
0 3
0 22
0 31
1 25
1 29
1 30
1 27
1 33
1 2
1 5
1 12
1 20
1 28
1 18
1 16
1 24
1 6
1 13
1 3
1 22
1 31
2 25
2 23
2 29
2 30
2 27
2 33
2 11
2 5
2 12
2 7
2 18
2 16
2 17
2 24
2 13
2 22
2 15
3 25
3 23
3 29
3 30
3 12
3 7
3 18
3 16
3 24
3 4
3 13
3 22
3 31
4 23
4 29
4 27
4 33
4 11
4 5
4 7
4 18
4 24
4 32
4 15
4 31
5 25
5 23
5 30
5 27
5 33
5 11
5 12
5 20
5 7
5 28
5 24
5 6
5 32
5 13
5 22
5 15
5 31
6 25
6 23
6 30
6 27
6 33
6 12
6 20
6 7
6 18
6 24
6 32
6 13
7 25
7 30
7 27
7 33
7 20
7 28
7 18
7 24
7 32
7 13
7 22
7 15
7 31
8 14
8 26
8 19
9 14
9 26
9 19
9 21
9 10
10 14
10 26
10 19
11 23
11 29
11 30
11 27
11 33
11 20
11 18
11 16
11 17
11 32
11 13
11 22
11 15
11 31
12 25
12 23
12 29
12 27
12 33
12 28
12 16
12 24
12 13
12 22
12 15
12 31
13 25
13 23
13 29
13 27
13 33
13 20
13 28
13 18
13 16
13 17
13 24
13 32
13 15
13 31
14 26
15 25
15 23
15 29
15 30
15 33
15 16
15 17
15 24
15 22
15 31
16 25
16 23
16 29
16 30
16 27
16 28
16 17
16 24
16 32
16 22
17 25
17 23
17 29
17 33
17 20
17 18
17 24
17 31
18 25
18 29
18 30
18 33
18 28
18 24
18 31
20 25
20 23
20 30
20 24
20 32
20 22
20 31
21 26
22 25
22 29
22 30
22 28
22 24
23 25
23 29
23 27
23 28
23 24
23 32
24 25
24 29
24 27
24 33
24 28
24 31
25 29
25 30
25 27
25 28
25 32
25 31
27 29
27 30
27 33
27 28
28 29
28 30
28 33
28 32
28 31
29 30
29 33
29 32
29 31
30 33
30 32
30 31
31 33
31 32
32 33
16 15
33 27
9 14
13 31
24 28
26 13
9 18
22 21
19 20
3 8
