33 88 5
0 26
0 17
0 10
0 28
0 30
0 29
0 3
1 14
1 2
2 25
2 20
2 7
2 32
2 22
3 24
3 19
3 23
3 4
3 12
3 29
4 26
4 24
4 23
4 8
4 13
5 26
5 19
5 23
5 8
5 15
5 21
6 14
7 32
8 16
8 12
8 29
9 26
9 13
9 18
9 29
9 31
10 17
10 11
10 30
10 23
10 13
11 16
11 17
11 19
11 28
11 23
12 26
12 24
12 21
13 26
13 17
13 19
13 30
13 31
14 25
14 22
15 16
15 17
15 23
15 18
15 29
16 26
16 24
16 18
16 21
17 24
17 19
17 28
17 30
17 23
18 24
18 21
19 26
19 24
19 28
19 23
20 32
22 32
22 27
24 26
24 30
26 29
28 29
22 14
24 5
8 18
10 21
18 19
22 8
25 17
4 6
13 2
1 26
