29 239 5
0 14
0 13
0 11
0 21
0 8
0 18
0 3
0 7
0 15
0 20
0 17
0 10
0 22
0 1
0 9
0 6
0 19
1 23
1 14
1 5
1 13
1 11
1 12
1 21
1 8
1 18
1 3
1 25
1 7
1 28
1 15
1 20
1 17
1 10
1 22
1 9
1 6
1 16
1 19
3 27
3 14
3 5
3 13
3 4
3 21
3 18
3 25
3 28
3 15
3 20
3 17
3 22
3 6
3 16
3 19
4 27
4 23
4 5
4 13
4 11
4 12
4 8
4 28
4 15
4 20
4 17
4 10
4 24
4 6
5 27
5 23
5 14
5 13
5 11
5 12
5 21
5 8
5 18
5 25
5 7
5 15
5 10
5 22
5 24
5 9
5 6
5 16
5 19
6 27
6 14
6 11
6 12
6 18
6 25
6 7
6 20
6 17
6 10
6 22
6 24
6 9
6 16
6 19
7 23
7 14
7 13
7 12
7 21
7 8
7 25
7 28
7 20
7 10
7 22
7 16
7 19
8 27
8 13
8 18
8 25
8 15
8 17
8 10
8 22
8 24
8 9
8 16
8 19
9 27
9 23
9 11
9 21
9 25
9 28
9 15
9 20
9 17
9 10
9 22
9 24
9 16
9 19
10 27
10 14
10 11
10 12
10 25
10 28
10 15
10 20
10 17
10 24
10 16
10 19
11 23
11 21
11 18
11 25
11 28
11 15
11 17
11 22
11 24
11 19
12 27
12 23
12 13
12 21
12 18
12 25
12 28
12 15
12 17
12 22
12 24
12 16
13 27
13 14
13 21
13 18
13 28
13 15
13 17
13 24
13 16
13 19
14 27
14 25
14 28
14 15
14 17
14 22
14 24
14 16
15 23
15 21
15 18
15 25
15 20
15 24
16 27
16 23
16 17
16 24
16 19
17 27
17 23
17 18
17 25
17 28
17 20
17 22
17 24
17 19
18 23
18 21
18 25
18 28
18 20
18 22
18 24
18 19
19 27
19 23
19 21
19 25
19 24
20 27
20 23
20 21
20 25
20 24
21 23
21 22
23 27
23 24
25 27
25 28
27 28
23 8
19 1
10 25
12 8
10 21
2 24
25 26
23 2
26 6
14 2
