33 134 5
0 22
0 12
0 24
0 18
0 19
0 30
0 1
0 21
0 9
0 5
0 6
0 7
0 2
1 22
1 24
1 18
1 19
1 30
1 21
1 9
1 5
1 6
1 11
1 7
1 31
1 2
2 12
2 24
2 18
2 19
2 21
2 5
2 6
2 11
2 7
2 31
3 26
3 16
3 4
3 28
3 13
3 20
4 26
4 16
4 8
4 28
5 12
5 24
5 30
5 21
5 9
5 11
5 7
5 31
6 22
6 12
6 24
6 30
6 21
6 9
6 11
6 7
7 12
7 18
7 30
7 9
7 11
7 31
8 26
8 16
8 28
9 22
9 12
9 24
9 18
9 19
9 30
9 11
9 31
10 25
10 14
10 29
10 32
10 15
10 23
11 22
11 12
11 24
11 18
11 30
11 21
12 24
12 30
12 21
12 31
13 26
13 28
14 27
14 17
14 29
14 32
14 15
15 25
15 27
15 17
15 29
15 32
15 23
16 26
17 29
18 22
18 24
18 19
18 21
19 22
19 30
19 21
20 26
21 22
21 24
21 31
22 24
23 25
23 27
23 32
24 30
24 31
25 27
25 29
25 32
26 28
27 29
27 32
30 31
23 14
5 22
21 30
6 30
18 0
26 10
10 1
32 20
3 25
4 6
