28 134 5
0 11
0 25
0 13
0 3
0 1
1 11
1 25
1 13
1 2
1 3
1 8
2 21
2 22
2 25
2 13
2 3
3 18
3 22
3 11
3 13
4 23
4 14
4 6
4 12
4 27
4 15
4 5
4 16
4 26
4 20
4 7
4 19
5 14
5 6
5 12
5 27
5 15
5 16
5 9
5 20
5 7
6 23
6 14
6 12
6 24
6 15
6 16
6 9
6 17
6 26
6 20
6 7
6 19
7 23
7 14
7 12
7 24
7 10
7 16
7 9
7 17
7 26
7 20
7 19
8 21
8 18
8 22
8 11
8 25
8 13
9 23
9 12
9 10
9 16
9 17
9 26
9 20
10 23
10 14
10 12
10 24
10 27
10 16
10 17
10 26
10 19
11 21
11 22
11 25
11 13
12 23
12 14
12 24
12 27
12 16
12 26
12 20
12 19
13 22
13 25
14 23
14 24
14 16
14 26
14 19
15 24
15 27
15 16
15 26
16 23
16 27
16 17
16 26
16 20
17 27
17 26
17 20
17 19
18 22
19 23
19 24
19 27
19 26
19 20
20 23
20 26
21 22
21 25
22 25
23 24
23 27
24 27
24 26
26 27
22 13
16 27
19 14
15 14
2 0
2 16
21 15
12 22
25 20
26 18
