30 92 5
0 7
0 15
0 18
0 27
0 9
0 13
0 25
0 3
1 8
1 5
1 26
1 12
1 2
1 16
1 14
2 8
2 26
2 12
2 16
2 14
3 7
3 4
3 15
3 18
3 27
3 13
4 7
4 15
4 18
4 27
4 13
5 8
5 12
5 11
5 16
5 14
5 20
6 17
6 21
6 29
6 28
7 15
7 18
7 27
7 9
7 13
8 26
8 23
8 16
8 14
9 15
10 29
10 24
11 12
11 16
11 14
11 20
12 22
12 23
12 14
12 20
13 18
13 27
14 26
14 22
14 23
14 20
15 18
15 27
15 25
16 26
16 22
16 23
16 20
17 21
17 19
17 24
17 28
19 21
19 29
19 24
19 28
20 26
20 22
20 23
21 29
21 24
22 26
22 23
24 29
24 28
25 27
2 22
1 8
25 4
4 15
26 11
5 6
13 19
17 14
8 18
17 15
