25 127 5
0 24
0 2
0 7
0 15
0 14
0 22
0 10
0 18
0 5
0 9
0 4
0 11
0 8
0 20
0 13
1 2
1 7
1 15
1 14
1 18
1 5
1 16
1 9
1 4
1 11
1 8
1 13
2 24
2 7
2 15
2 14
2 22
2 18
2 16
2 9
2 4
2 11
2 8
2 20
2 23
3 21
4 7
4 14
4 22
4 18
4 16
4 13
4 23
5 24
5 7
5 15
5 14
5 22
5 10
5 18
5 20
5 23
6 12
7 24
7 15
7 14
7 10
7 18
7 16
7 9
7 11
7 8
7 20
7 13
7 23
8 24
8 14
8 10
8 18
8 9
8 13
8 23
9 24
9 15
9 14
9 22
9 10
9 16
9 20
9 23
10 24
10 15
10 14
10 22
10 18
10 16
10 20
11 15
11 14
11 18
11 16
11 20
11 13
11 23
13 24
13 15
13 18
13 16
13 23
14 24
14 15
14 22
14 18
14 16
14 23
15 24
15 22
15 18
15 16
15 20
15 23
16 24
16 20
16 23
18 22
18 20
18 23
19 21
20 22
22 24
22 23
23 24
8 20
7 5
14 5
18 10
0 20
23 3
19 6
15 21
4 6
18 21
