16 92 5
0 12
0 13
0 6
0 5
0 15
0 14
0 1
0 10
0 8
0 7
0 2
0 11
0 3
1 12
1 13
1 6
1 5
1 15
1 14
1 10
1 8
1 7
1 2
1 11
1 3
2 12
2 13
2 6
2 5
2 15
2 14
2 10
2 8
2 7
2 11
2 3
3 12
3 13
3 6
3 5
3 15
3 14
3 10
3 8
3 7
3 11
4 9
5 12
5 13
5 6
5 15
5 14
5 10
5 8
5 7
5 11
6 12
6 13
6 15
6 14
6 10
6 8
6 7
6 11
7 12
7 13
7 15
7 14
7 10
7 8
7 11
8 12
8 13
8 15
8 14
8 10
8 11
10 12
10 13
10 15
10 14
10 11
11 12
11 13
11 15
11 14
12 13
12 15
12 14
13 15
13 14
14 15
2 13
2 11
3 14
3 8
8 6
3 9
13 9
4 11
10 4
9 2
