25 98 5
0 14
0 20
0 13
0 24
0 4
1 21
1 3
1 11
1 10
1 23
1 8
1 2
1 22
1 19
1 18
2 21
2 3
2 11
2 10
2 23
2 8
2 22
2 19
2 18
3 21
3 11
3 10
3 23
3 8
3 22
3 19
3 18
4 14
4 20
4 13
4 24
5 7
5 9
5 12
5 16
5 15
5 17
5 6
6 7
6 9
6 12
6 16
6 15
6 17
7 9
7 12
7 16
7 15
7 17
8 21
8 11
8 10
8 23
8 22
8 19
8 18
9 12
9 16
9 15
9 17
10 21
10 11
10 23
10 22
10 19
10 18
11 21
11 23
11 22
11 19
11 18
12 16
12 15
12 17
13 14
13 20
13 24
14 20
14 24
15 16
15 17
16 17
18 21
18 23
18 22
18 19
19 21
19 23
19 22
20 24
21 23
21 22
22 23
23 18
9 6
12 7
24 0
21 18
20 8
9 24
16 2
6 13
13 19
