21 102 5
0 19
0 17
0 1
0 4
0 15
0 2
0 13
0 10
0 6
0 18
0 11
0 12
0 5
1 19
1 17
1 4
1 15
1 2
1 13
1 10
1 6
1 18
1 11
1 12
1 5
2 19
2 17
2 4
2 15
2 13
2 10
2 6
2 18
2 11
2 12
2 5
3 20
3 16
3 14
3 8
4 19
4 17
4 15
4 13
4 10
4 6
4 18
4 11
4 12
4 5
5 19
5 17
5 15
5 13
5 10
5 6
5 18
5 11
5 12
6 19
6 17
6 15
6 13
6 10
6 18
6 11
6 12
7 9
8 20
8 16
8 14
10 19
10 17
10 15
10 13
10 18
10 11
10 12
11 19
11 17
11 15
11 13
11 18
11 12
12 19
12 17
12 15
12 13
12 18
13 19
13 17
13 15
13 18
14 20
14 16
15 19
15 17
15 18
16 20
17 19
17 18
18 19
3 16
15 2
16 3
8 16
4 15
3 18
14 9
16 6
8 18
7 6
