25 216 5
0 8
0 5
0 9
0 10
0 17
0 15
0 11
0 12
0 13
0 14
0 23
0 18
0 3
0 6
0 21
0 20
0 1
0 4
0 24
0 22
1 8
1 5
1 9
1 10
1 17
1 15
1 11
1 12
1 13
1 14
1 23
1 18
1 3
1 6
1 21
1 20
1 4
1 24
1 22
2 16
2 7
2 19
3 8
3 5
3 9
3 10
3 17
3 15
3 11
3 12
3 13
3 14
3 23
3 18
3 6
3 21
3 20
3 4
3 24
3 22
4 8
4 5
4 9
4 10
4 17
4 15
4 11
4 12
4 13
4 14
4 23
4 18
4 6
4 21
4 20
4 24
4 22
5 8
5 9
5 10
5 17
5 15
5 11
5 12
5 13
5 14
5 23
5 18
5 6
5 21
5 20
5 24
5 22
6 8
6 9
6 10
6 17
6 15
6 11
6 12
6 13
6 14
6 23
6 18
6 21
6 20
6 24
6 22
7 16
7 19
8 9
8 10
8 17
8 15
8 11
8 12
8 13
8 14
8 23
8 18
8 21
8 20
8 24
8 22
9 10
9 17
9 15
9 11
9 12
9 13
9 14
9 23
9 18
9 21
9 20
9 24
9 22
10 17
10 15
10 11
10 12
10 13
10 14
10 23
10 18
10 21
10 20
10 24
10 22
11 17
11 15
11 12
11 13
11 14
11 23
11 18
11 21
11 20
11 24
11 22
12 17
12 15
12 13
12 14
12 23
12 18
12 21
12 20
12 24
12 22
13 17
13 15
13 14
13 23
13 18
13 21
13 20
13 24
13 22
14 17
14 15
14 23
14 18
14 21
14 20
14 24
14 22
15 17
15 23
15 18
15 21
15 20
15 24
15 22
16 19
17 23
17 18
17 21
17 20
17 24
17 22
18 23
18 21
18 20
18 24
18 22
20 23
20 21
20 24
20 22
21 23
21 24
21 22
22 23
22 24
23 24
24 1
1 22
13 24
20 6
24 11
16 4
19 3
7 8
5 7
16 18
