20 98 5
0 15
0 19
0 18
0 2
0 17
0 16
0 4
0 10
0 14
0 1
0 5
0 7
0 9
1 15
1 19
1 18
1 2
1 17
1 16
1 4
1 10
1 14
1 5
1 7
1 9
2 15
2 19
2 18
2 17
2 16
2 4
2 10
2 14
2 5
2 7
2 9
3 8
3 6
3 13
4 15
4 19
4 18
4 17
4 16
4 10
4 14
4 5
4 7
4 9
5 15
5 19
5 18
5 17
5 16
5 10
5 14
5 7
5 9
6 8
6 13
7 15
7 19
7 18
7 17
7 16
7 10
7 14
7 9
8 13
9 15
9 19
9 18
9 17
9 16
9 10
9 14
10 15
10 19
10 18
10 17
10 16
10 14
11 12
14 15
14 19
14 18
14 17
14 16
15 19
15 18
15 17
15 16
16 19
16 18
16 17
17 19
17 18
18 19
18 2
7 19
0 16
7 0
18 15
12 15
8 11
10 13
8 14
12 5
