25 100 5
0 11
1 23
1 15
1 8
1 17
1 19
1 9
1 12
1 20
1 10
1 5
1 22
1 14
1 4
1 18
1 21
2 13
2 3
2 16
3 16
4 23
4 15
4 7
4 17
4 9
4 12
4 20
4 5
4 22
4 14
4 21
5 23
5 15
5 8
5 7
5 19
5 9
5 20
5 22
5 14
5 21
6 24
6 11
7 15
7 8
7 17
7 12
7 20
7 10
7 18
7 21
8 15
8 17
8 19
8 9
8 22
8 14
8 18
9 23
9 15
9 17
9 19
9 20
9 10
9 18
9 21
10 23
10 19
10 22
10 14
10 21
12 23
12 15
12 17
12 19
12 22
12 18
14 15
14 19
14 20
14 22
14 18
14 21
15 19
15 20
15 22
15 18
17 23
17 19
17 20
17 18
17 21
18 23
18 22
19 23
19 20
19 21
20 22
20 21
21 22
7 15
21 14
4 23
19 21
5 18
24 13
16 7
2 14
0 14
19 0
