24 121 5
0 8
0 18
0 1
0 6
0 10
1 8
1 18
1 6
1 10
2 21
2 20
2 19
2 14
2 16
2 13
2 3
2 12
2 4
2 22
2 11
2 9
2 17
2 15
3 21
3 20
3 19
3 14
3 16
3 13
3 12
3 4
3 22
3 11
3 9
3 17
3 15
4 21
4 20
4 19
4 14
4 16
4 13
4 12
4 22
4 11
4 9
4 17
4 15
5 7
6 8
6 18
6 10
8 18
8 10
9 21
9 20
9 19
9 14
9 16
9 13
9 12
9 22
9 11
9 17
9 15
10 18
11 21
11 20
11 19
11 14
11 16
11 13
11 12
11 22
11 17
11 15
12 21
12 20
12 19
12 14
12 16
12 13
12 22
12 17
12 15
13 21
13 20
13 19
13 14
13 16
13 22
13 17
13 15
14 21
14 20
14 19
14 16
14 22
14 17
14 15
15 21
15 20
15 19
15 16
15 22
15 17
16 21
16 20
16 19
16 22
16 17
17 21
17 20
17 19
17 22
19 21
19 20
19 22
20 21
20 22
21 22
1 10
17 22
11 9
17 9
20 11
23 7
23 20
1 16
23 18
23 10
