25 186 5
0 10
0 3
0 9
0 12
0 24
0 2
0 17
0 20
0 14
0 13
0 21
0 7
0 8
0 15
0 18
0 5
0 23
0 16
1 4
1 19
1 11
1 22
1 6
2 10
2 3
2 9
2 12
2 24
2 17
2 20
2 14
2 13
2 21
2 7
2 8
2 15
2 18
2 5
2 23
2 16
3 10
3 9
3 12
3 24
3 17
3 20
3 14
3 13
3 21
3 7
3 8
3 15
3 18
3 5
3 23
3 16
4 19
4 11
4 22
4 6
5 10
5 9
5 12
5 24
5 17
5 20
5 14
5 13
5 21
5 7
5 8
5 15
5 18
5 23
5 16
6 19
6 11
6 22
7 10
7 9
7 12
7 24
7 17
7 20
7 14
7 13
7 21
7 8
7 15
7 18
7 23
7 16
8 10
8 9
8 12
8 24
8 17
8 20
8 14
8 13
8 21
8 15
8 18
8 23
8 16
9 10
9 12
9 24
9 17
9 20
9 14
9 13
9 21
9 15
9 18
9 23
9 16
10 12
10 24
10 17
10 20
10 14
10 13
10 21
10 15
10 18
10 23
10 16
11 19
11 22
12 24
12 17
12 20
12 14
12 13
12 21
12 15
12 18
12 23
12 16
13 24
13 17
13 20
13 14
13 21
13 15
13 18
13 23
13 16
14 24
14 17
14 20
14 21
14 15
14 18
14 23
14 16
15 24
15 17
15 20
15 21
15 18
15 23
15 16
16 24
16 17
16 20
16 21
16 18
16 23
17 24
17 20
17 21
17 18
17 23
18 24
18 20
18 21
18 23
19 22
20 24
20 21
20 23
21 24
21 23
23 24
18 8
5 0
13 24
24 12
14 5
22 3
17 19
8 4
1 20
13 1
