25 179 5
0 7
0 16
0 15
0 18
0 6
0 1
0 2
0 13
0 24
0 4
0 10
0 22
0 3
0 5
1 21
1 15
1 18
1 13
1 24
1 8
1 17
1 14
1 22
1 23
1 12
1 19
1 20
1 5
2 7
2 15
2 18
2 13
2 24
2 8
2 17
2 10
2 22
2 3
2 12
2 20
2 5
3 7
3 21
3 16
3 6
3 24
3 8
3 17
3 22
3 23
3 12
3 19
3 20
3 5
4 21
4 15
4 6
4 13
4 24
4 14
4 10
4 23
4 12
4 5
5 7
5 21
5 16
5 18
5 6
5 13
5 8
5 17
5 14
5 10
5 22
5 23
5 12
5 19
5 20
6 21
6 15
6 18
6 13
6 24
6 17
6 14
6 22
6 12
6 19
6 20
7 21
7 15
7 18
7 13
7 8
7 17
7 10
7 23
7 19
7 20
8 16
8 15
8 18
8 17
8 14
8 10
8 22
8 23
8 19
9 11
10 16
10 15
10 18
10 13
10 24
10 17
10 14
10 22
10 23
10 12
10 20
12 21
12 16
12 15
12 24
12 17
12 14
12 22
12 19
13 21
13 16
13 15
13 18
13 17
13 14
13 22
13 19
13 20
14 15
14 18
14 24
14 17
14 19
14 20
15 21
15 16
15 18
15 22
15 23
15 19
15 20
16 21
16 24
16 17
16 23
16 19
16 20
17 21
17 18
17 22
17 23
17 20
18 21
18 22
18 23
18 19
18 20
19 24
19 22
19 23
19 20
20 21
20 24
20 22
20 23
21 24
21 22
22 24
23 24
2 3
13 14
13 20
0 14
13 3
9 19
18 11
10 9
11 12
0 11
