20 115 5
0 1
0 18
0 8
0 7
1 18
1 8
1 7
2 17
2 16
2 11
2 5
2 9
2 19
2 6
2 10
2 14
2 4
2 12
2 3
2 15
2 13
3 17
3 16
3 11
3 5
3 9
3 19
3 6
3 10
3 14
3 4
3 12
3 15
3 13
4 17
4 16
4 11
4 5
4 9
4 19
4 6
4 10
4 14
4 12
4 15
4 13
5 17
5 16
5 11
5 9
5 19
5 6
5 10
5 14
5 12
5 15
5 13
6 17
6 16
6 11
6 9
6 19
6 10
6 14
6 12
6 15
6 13
7 18
7 8
8 18
9 17
9 16
9 11
9 19
9 10
9 14
9 12
9 15
9 13
10 17
10 16
10 11
10 19
10 14
10 12
10 15
10 13
11 17
11 16
11 19
11 14
11 12
11 15
11 13
12 17
12 16
12 19
12 14
12 15
12 13
13 17
13 16
13 19
13 14
13 15
14 17
14 16
14 19
14 15
15 17
15 16
15 19
16 17
16 19
17 19
19 12
15 5
17 10
16 10
4 9
18 3
17 0
7 11
11 1
0 2
