22 118 5
0 19
0 14
0 16
0 2
0 3
0 18
0 13
0 17
0 15
0 12
0 6
1 10
1 16
1 4
1 2
1 3
1 9
1 18
1 21
1 13
1 15
1 12
1 8
1 6
2 10
2 14
2 16
2 3
2 9
2 7
2 18
2 13
2 17
2 15
2 12
2 8
2 6
3 19
3 10
3 16
3 4
3 7
3 21
3 13
3 12
3 6
4 19
4 10
4 14
4 16
4 21
4 13
4 17
4 15
4 6
5 11
6 19
6 10
6 7
6 18
6 13
6 17
6 15
7 19
7 10
7 14
7 16
7 9
7 18
7 13
7 17
7 15
7 12
8 16
8 9
8 18
8 21
8 17
8 12
9 19
9 18
9 21
9 17
9 15
9 12
10 14
10 16
10 18
10 13
10 17
10 15
10 12
12 14
12 16
12 21
12 13
12 17
12 15
13 16
13 18
13 17
13 15
14 19
14 16
14 18
14 21
14 17
14 15
15 16
15 21
16 19
16 21
16 17
17 19
17 18
18 19
18 21
19 21
15 1
1 12
6 3
21 9
15 21
8 11
20 7
2 5
20 3
7 5
