19 101 5
0 5
0 2
0 15
0 7
0 1
0 14
0 3
0 17
0 9
0 11
0 10
0 12
0 18
1 5
1 2
1 15
1 7
1 14
1 3
1 17
1 9
1 11
1 10
1 12
1 18
2 5
2 15
2 7
2 14
2 3
2 17
2 9
2 11
2 10
2 12
2 18
3 5
3 15
3 7
3 14
3 17
3 9
3 11
3 10
3 12
3 18
4 6
4 13
4 16
4 8
5 15
5 7
5 14
5 17
5 9
5 11
5 10
5 12
5 18
6 13
6 16
6 8
7 15
7 14
7 17
7 9
7 11
7 10
7 12
7 18
8 13
8 16
9 15
9 14
9 17
9 11
9 10
9 12
9 18
10 15
10 14
10 17
10 11
10 12
10 18
11 15
11 14
11 17
11 12
11 18
12 15
12 14
12 17
12 18
13 16
14 15
14 17
14 18
15 17
15 18
17 18
3 2
2 12
3 18
15 12
15 1
16 18
5 6
16 15
8 2
8 5
