24 97 5
0 19
0 5
0 6
0 13
0 17
0 23
0 9
0 10
0 22
0 2
0 20
0 21
0 12
1 14
1 18
1 3
1 4
1 11
1 16
1 7
2 5
2 13
2 17
2 23
2 9
2 10
2 20
2 21
2 12
3 18
3 4
3 11
3 16
3 7
4 18
4 11
4 16
4 8
5 19
5 13
5 17
5 23
5 9
5 10
5 22
5 15
5 12
6 19
6 13
6 23
6 9
6 22
6 15
6 20
6 12
7 14
7 11
7 16
8 14
8 11
9 19
9 13
9 17
9 23
9 10
9 15
9 20
9 21
10 19
10 13
10 23
10 15
10 20
11 18
12 19
12 23
12 22
12 15
12 20
12 21
13 19
13 23
13 22
13 20
14 18
15 19
15 17
15 22
15 20
17 23
17 22
17 21
19 21
20 23
20 22
21 23
22 23
15 23
22 13
19 10
14 11
18 8
4 22
1 9
7 21
13 3
20 4
