24 157 5
0 6
1 22
1 14
1 5
1 9
1 13
1 16
1 17
1 12
1 19
1 3
1 8
1 10
1 23
1 15
1 18
1 7
1 20
2 21
2 11
3 22
3 14
3 5
3 9
3 13
3 16
3 17
3 12
3 19
3 8
3 10
3 23
3 15
3 18
3 7
3 20
5 22
5 14
5 9
5 13
5 16
5 17
5 12
5 19
5 8
5 10
5 23
5 15
5 18
5 7
5 20
7 22
7 14
7 9
7 13
7 16
7 17
7 12
7 19
7 8
7 10
7 23
7 15
7 18
7 20
8 22
8 14
8 9
8 13
8 16
8 17
8 12
8 19
8 10
8 23
8 15
8 18
8 20
9 22
9 14
9 13
9 16
9 17
9 12
9 19
9 10
9 23
9 15
9 18
9 20
10 22
10 14
10 13
10 16
10 17
10 12
10 19
10 23
10 15
10 18
10 20
11 21
12 22
12 14
12 13
12 16
12 17
12 19
12 23
12 15
12 18
12 20
13 22
13 14
13 16
13 17
13 19
13 23
13 15
13 18
13 20
14 22
14 16
14 17
14 19
14 23
14 15
14 18
14 20
15 22
15 16
15 17
15 19
15 23
15 18
15 20
16 22
16 17
16 19
16 23
16 18
16 20
17 22
17 19
17 23
17 18
17 20
18 22
18 19
18 23
18 20
19 22
19 23
19 20
20 22
20 23
22 23
16 18
18 20
16 22
16 19
20 23
6 3
4 10
6 20
6 7
11 12
