25 133 5
0 20
0 7
0 2
0 5
0 18
0 9
0 16
0 21
0 13
0 11
0 14
0 22
0 15
0 6
2 20
2 7
2 5
2 18
2 9
2 16
2 21
2 13
2 11
2 14
2 22
2 15
2 6
3 4
3 10
3 8
3 17
3 19
3 23
3 24
4 10
4 8
4 17
4 19
4 23
4 24
5 20
5 7
5 18
5 9
5 16
5 21
5 13
5 11
5 14
5 22
5 15
5 6
6 20
6 7
6 18
6 9
6 16
6 21
6 13
6 11
6 14
6 22
6 15
7 20
7 18
7 9
7 16
7 21
7 13
7 11
7 14
7 22
7 15
8 10
8 17
8 19
8 23
8 24
9 20
9 18
9 16
9 21
9 13
9 11
9 14
9 22
9 15
10 17
10 19
10 23
10 24
11 20
11 18
11 16
11 21
11 13
11 14
11 22
11 15
13 20
13 18
13 16
13 21
13 14
13 22
13 15
14 20
14 18
14 16
14 21
14 22
14 15
15 20
15 18
15 16
15 21
15 22
16 20
16 18
16 21
16 22
17 19
17 23
17 24
18 20
18 21
18 22
19 23
19 24
20 21
20 22
21 22
23 24
9 2
6 2
10 23
0 21
14 21
19 1
13 23
10 2
0 19
9 1
