23 99 5
0 9
0 17
0 20
1 15
1 22
1 14
1 3
1 21
1 5
1 18
1 7
1 6
1 13
2 15
2 3
2 4
2 11
2 21
2 18
2 8
2 13
3 15
3 22
3 12
3 14
3 4
3 11
3 21
3 5
3 7
3 6
3 16
4 15
4 22
4 12
4 14
4 11
4 5
4 7
4 6
4 16
4 8
4 13
5 15
5 22
5 12
5 11
5 21
5 7
5 6
5 8
5 13
6 15
6 12
6 11
6 21
6 18
6 16
6 8
6 13
7 22
7 12
7 14
7 11
7 21
7 16
7 8
8 22
8 14
8 21
8 18
8 16
8 13
9 19
9 10
9 17
10 17
11 22
11 14
11 21
11 18
11 13
12 22
12 14
12 21
12 18
12 16
12 13
13 14
13 18
13 16
14 15
14 21
14 18
14 16
15 21
16 18
17 20
18 22
13 6
22 13
3 18
16 3
2 8
0 21
4 19
18 19
10 13
12 9
