22 156 5
0 4
0 20
0 15
0 1
0 17
0 16
0 19
0 2
0 7
0 5
0 8
0 14
0 6
0 18
0 9
0 3
0 12
1 4
1 20
1 15
1 17
1 16
1 19
1 2
1 7
1 5
1 8
1 14
1 6
1 18
1 9
1 3
1 12
2 4
2 20
2 15
2 17
2 16
2 19
2 7
2 5
2 8
2 14
2 6
2 18
2 9
2 3
2 12
3 4
3 20
3 15
3 17
3 16
3 19
3 7
3 5
3 8
3 14
3 6
3 18
3 9
3 12
4 20
4 15
4 17
4 16
4 19
4 7
4 5
4 8
4 14
4 6
4 18
4 9
4 12
5 20
5 15
5 17
5 16
5 19
5 7
5 8
5 14
5 6
5 18
5 9
5 12
6 20
6 15
6 17
6 16
6 19
6 7
6 8
6 14
6 18
6 9
6 12
7 20
7 15
7 17
7 16
7 19
7 8
7 14
7 18
7 9
7 12
8 20
8 15
8 17
8 16
8 19
8 14
8 18
8 9
8 12
9 20
9 15
9 17
9 16
9 19
9 14
9 18
9 12
10 13
10 11
11 13
12 20
12 15
12 17
12 16
12 19
12 14
12 18
14 20
14 15
14 17
14 16
14 19
14 18
15 20
15 17
15 16
15 19
15 18
16 20
16 17
16 19
16 18
17 20
17 19
17 18
18 20
18 19
19 20
18 14
6 7
6 12
18 5
19 15
21 8
9 21
14 11
21 15
0 11
