24 136 5
0 22
0 8
0 2
0 17
0 6
0 11
0 23
0 4
0 7
0 14
0 1
0 21
0 12
0 10
0 19
1 20
1 22
1 8
1 2
1 17
1 6
1 9
1 4
1 14
1 21
1 12
2 20
2 22
2 3
2 16
2 17
2 6
2 9
2 11
2 23
2 7
2 21
2 12
2 19
3 20
3 22
3 8
3 16
3 17
3 6
3 11
3 23
3 4
3 7
3 14
3 21
3 12
3 19
4 8
4 17
4 11
4 7
4 12
4 10
4 19
6 20
6 22
6 8
6 16
6 23
6 7
6 21
6 12
6 10
6 19
7 20
7 22
7 16
7 17
7 23
7 21
7 12
7 19
8 20
8 22
8 17
8 9
8 23
8 14
8 21
8 12
8 10
8 19
9 22
9 16
9 17
9 11
9 14
9 21
9 12
10 20
10 22
10 16
10 17
10 11
10 23
10 21
10 19
11 20
11 22
11 23
11 14
11 21
11 12
11 19
12 22
12 16
12 17
12 21
12 19
13 15
13 18
14 20
14 22
14 16
14 17
14 23
14 21
14 19
15 18
16 22
16 21
17 22
17 19
19 20
19 22
19 21
20 22
20 23
20 21
21 22
7 23
10 6
15 18
22 16
22 6
22 18
0 15
14 5
15 3
15 23
