22 155 5
0 14
1 19
1 12
1 18
1 5
1 13
1 2
1 17
1 7
1 15
1 3
1 16
1 11
1 9
1 10
1 20
1 21
1 4
2 19
2 12
2 18
2 5
2 13
2 17
2 7
2 15
2 3
2 16
2 11
2 9
2 10
2 20
2 21
2 4
3 19
3 12
3 18
3 5
3 13
3 17
3 7
3 15
3 16
3 11
3 9
3 10
3 20
3 21
3 4
4 19
4 12
4 18
4 5
4 13
4 17
4 7
4 15
4 16
4 11
4 9
4 10
4 20
4 21
5 19
5 12
5 18
5 13
5 17
5 7
5 15
5 16
5 11
5 9
5 10
5 20
5 21
6 8
7 19
7 12
7 18
7 13
7 17
7 15
7 16
7 11
7 9
7 10
7 20
7 21
9 19
9 12
9 18
9 13
9 17
9 15
9 16
9 11
9 10
9 20
9 21
10 19
10 12
10 18
10 13
10 17
10 15
10 16
10 11
10 20
10 21
11 19
11 12
11 18
11 13
11 17
11 15
11 16
11 20
11 21
12 19
12 18
12 13
12 17
12 15
12 16
12 20
12 21
13 19
13 18
13 17
13 15
13 16
13 20
13 21
15 19
15 18
15 17
15 16
15 20
15 21
16 19
16 18
16 17
16 20
16 21
17 19
17 18
17 20
17 21
18 19
18 20
18 21
19 20
19 21
20 21
4 2
17 10
17 18
5 2
3 13
6 10
8 13
12 8
0 20
0 15
