16 105 5
0 11
0 7
0 4
0 10
0 5
0 13
0 12
0 1
0 2
0 3
0 15
0 6
0 8
0 14
1 11
1 7
1 4
1 10
1 5
1 13
1 12
1 2
1 3
1 15
1 6
1 8
1 14
2 11
2 7
2 4
2 10
2 5
2 13
2 12
2 3
2 15
2 6
2 8
2 14
3 11
3 7
3 4
3 10
3 5
3 13
3 12
3 15
3 6
3 8
3 14
4 11
4 7
4 10
4 5
4 13
4 12
4 15
4 6
4 8
4 14
5 11
5 7
5 10
5 13
5 12
5 15
5 6
5 8
5 14
6 11
6 7
6 10
6 13
6 12
6 15
6 8
6 14
7 11
7 10
7 13
7 12
7 15
7 8
7 14
8 11
8 10
8 13
8 12
8 15
8 14
10 11
10 13
10 12
10 15
10 14
11 13
11 12
11 15
11 14
12 13
12 15
12 14
13 15
13 14
14 15
5 1
14 12
14 11
14 1
5 2
13 9
3 9
5 9
9 8
9 4
