24 112 5
0 2
0 21
0 5
0 19
0 7
1 20
1 10
1 11
1 9
1 18
1 12
1 16
1 23
1 3
1 13
1 22
1 6
1 14
2 21
2 5
2 19
2 7
3 20
3 10
3 11
3 9
3 18
3 12
3 16
3 23
3 13
3 22
3 6
3 14
4 17
4 8
4 15
5 21
5 19
5 7
6 20
6 10
6 11
6 9
6 18
6 12
6 16
6 23
6 13
6 22
6 14
7 21
7 19
8 17
8 15
9 20
9 10
9 11
9 18
9 12
9 16
9 23
9 13
9 22
9 14
10 20
10 11
10 18
10 12
10 16
10 23
10 13
10 22
10 14
11 20
11 18
11 12
11 16
11 23
11 13
11 22
11 14
12 20
12 18
12 16
12 23
12 13
12 22
12 14
13 20
13 18
13 16
13 23
13 22
13 14
14 20
14 18
14 16
14 23
14 22
15 17
16 20
16 18
16 23
16 22
18 20
18 23
18 22
19 21
20 23
20 22
22 23
23 1
1 23
19 2
20 13
10 18
0 9
22 21
21 8
5 20
12 21
