25 94 5
0 24
0 14
0 7
0 8
0 3
0 6
1 14
1 7
1 9
1 8
1 6
1 17
2 13
3 24
3 14
3 8
3 6
3 17
4 11
4 18
4 12
4 20
4 5
4 10
4 19
4 21
4 23
4 22
5 16
5 11
5 18
5 12
5 20
5 10
5 15
5 19
5 21
5 23
5 22
6 24
6 14
6 7
6 8
6 17
7 14
7 8
7 17
8 24
8 14
8 9
9 14
10 16
10 11
10 18
10 12
10 15
10 19
10 21
10 23
10 22
11 16
11 18
11 20
11 21
11 23
11 22
12 16
12 18
12 20
12 15
12 19
12 21
12 23
12 22
14 17
15 16
15 18
15 20
15 19
15 23
15 22
16 20
16 19
18 19
18 21
18 23
18 22
19 20
19 21
19 23
20 23
20 22
21 22
22 23
14 8
15 11
18 16
15 23
19 23
9 20
13 24
0 5
0 12
24 18
