21 90 5
0 5
0 13
0 19
0 9
0 10
0 17
0 3
0 6
0 2
1 14
1 11
1 8
1 4
1 12
1 15
1 18
1 20
1 16
2 5
2 13
2 19
2 9
2 10
2 17
2 3
2 6
3 5
3 13
3 19
3 9
3 10
3 17
3 6
4 14
4 11
4 8
4 12
4 15
4 18
4 20
4 16
5 13
5 19
5 9
5 10
5 17
5 6
6 13
6 19
6 9
6 10
6 17
8 14
8 11
8 12
8 15
8 18
8 20
8 16
9 13
9 19
9 10
9 17
10 13
10 19
10 17
11 14
11 12
11 15
11 18
11 20
11 16
12 14
12 15
12 18
12 20
12 16
13 19
13 17
14 15
14 18
14 20
14 16
15 18
15 20
15 16
16 18
16 20
17 19
18 20
8 11
0 2
12 1
4 16
13 5
12 19
8 9
12 7
10 8
14 6
