24 148 5
0 14
0 6
0 18
0 11
0 5
0 21
0 10
1 22
1 16
1 2
1 9
1 7
1 13
1 20
1 19
1 15
1 23
1 4
1 3
1 12
1 8
1 17
2 22
2 16
2 9
2 7
2 13
2 20
2 19
2 15
2 23
2 4
2 3
2 12
2 8
2 17
3 22
3 16
3 9
3 7
3 13
3 20
3 19
3 15
3 23
3 4
3 12
3 8
3 17
4 22
4 16
4 9
4 7
4 13
4 20
4 19
4 15
4 23
4 12
4 8
4 17
5 14
5 6
5 18
5 11
5 21
5 10
6 14
6 18
6 11
6 21
6 10
7 22
7 16
7 9
7 13
7 20
7 19
7 15
7 23
7 12
7 8
7 17
8 22
8 16
8 9
8 13
8 20
8 19
8 15
8 23
8 12
8 17
9 22
9 16
9 13
9 20
9 19
9 15
9 23
9 12
9 17
10 14
10 18
10 11
10 21
11 14
11 18
11 21
12 22
12 16
12 13
12 20
12 19
12 15
12 23
12 17
13 22
13 16
13 20
13 19
13 15
13 23
13 17
14 18
14 21
15 22
15 16
15 20
15 19
15 23
15 17
16 22
16 20
16 19
16 23
16 17
17 22
17 20
17 19
17 23
18 21
19 22
19 20
19 23
20 22
20 23
22 23
16 12
23 16
6 14
22 1
0 11
8 21
4 0
18 13
2 18
0 15
