25 91 5
0 19
1 14
1 20
2 3
2 17
2 18
2 9
2 23
2 6
2 21
2 11
3 24
3 13
3 18
3 9
3 23
3 21
3 16
3 10
3 8
4 12
4 7
4 22
4 20
4 5
5 14
5 12
5 7
5 22
5 20
6 13
6 17
6 15
6 21
6 11
6 10
6 8
7 14
7 12
7 22
8 24
8 13
8 15
8 18
8 23
8 11
8 16
8 10
9 24
9 15
9 23
9 11
9 16
9 10
10 24
10 13
10 17
10 15
10 18
10 23
10 11
10 16
11 24
11 13
11 18
11 23
11 21
12 22
12 20
13 24
13 17
13 18
13 23
13 21
13 16
14 20
15 24
15 17
15 18
15 21
16 24
16 17
16 23
17 24
17 18
17 23
18 24
20 22
21 24
21 23
23 24
8 18
24 23
21 2
1 22
14 4
18 0
19 12
5 15
7 13
14 8
