22 174 5
0 4
0 3
1 20
1 21
1 8
1 5
1 16
1 17
1 19
1 6
1 12
1 14
1 9
1 13
1 18
1 7
1 11
1 15
1 2
1 10
2 20
2 21
2 8
2 5
2 16
2 17
2 19
2 6
2 12
2 14
2 9
2 13
2 18
2 7
2 11
2 15
2 10
3 4
5 20
5 21
5 8
5 16
5 17
5 19
5 6
5 12
5 14
5 9
5 13
5 18
5 7
5 11
5 15
5 10
6 20
6 21
6 8
6 16
6 17
6 19
6 12
6 14
6 9
6 13
6 18
6 7
6 11
6 15
6 10
7 20
7 21
7 8
7 16
7 17
7 19
7 12
7 14
7 9
7 13
7 18
7 11
7 15
7 10
8 20
8 21
8 16
8 17
8 19
8 12
8 14
8 9
8 13
8 18
8 11
8 15
8 10
9 20
9 21
9 16
9 17
9 19
9 12
9 14
9 13
9 18
9 11
9 15
9 10
10 20
10 21
10 16
10 17
10 19
10 12
10 14
10 13
10 18
10 11
10 15
11 20
11 21
11 16
11 17
11 19
11 12
11 14
11 13
11 18
11 15
12 20
12 21
12 16
12 17
12 19
12 14
12 13
12 18
12 15
13 20
13 21
13 16
13 17
13 19
13 14
13 18
13 15
14 20
14 21
14 16
14 17
14 19
14 18
14 15
15 20
15 21
15 16
15 17
15 19
15 18
16 20
16 21
16 17
16 19
16 18
17 20
17 21
17 19
17 18
18 20
18 21
18 19
19 20
19 21
20 21
1 12
19 11
19 9
11 13
15 21
7 4
6 3
9 4
3 8
2 4
