25 115 5
0 20
0 24
0 5
0 14
0 18
0 1
0 22
0 2
0 7
0 13
0 23
0 9
1 20
1 24
1 5
1 14
1 18
1 22
1 2
1 7
1 13
1 23
1 9
2 20
2 24
2 5
2 14
2 18
2 22
2 7
2 13
2 23
2 9
3 16
3 19
3 8
3 10
3 21
3 12
3 11
3 15
4 17
5 20
5 24
5 14
5 18
5 22
5 7
5 13
5 23
5 9
7 20
7 24
7 14
7 18
7 22
7 13
7 23
7 9
8 16
8 19
8 10
8 21
8 12
8 11
8 15
9 20
9 24
9 14
9 18
9 22
9 13
9 23
10 16
10 19
10 21
10 12
10 11
10 15
11 16
11 19
11 21
11 12
11 15
12 16
12 19
12 21
12 15
13 20
13 24
13 14
13 18
13 22
13 23
14 20
14 24
14 18
14 22
14 23
15 16
15 19
15 21
16 19
16 21
18 20
18 24
18 22
18 23
19 21
20 24
20 22
20 23
22 24
22 23
23 24
0 7
16 12
18 7
13 23
13 24
10 9
1 16
19 17
21 0
21 2
