25 94 5
0 23
0 8
0 24
0 14
0 4
0 21
0 1
0 15
0 19
1 23
1 8
1 24
1 14
1 4
1 21
1 15
1 19
2 18
2 22
2 16
2 17
2 5
2 10
2 11
3 12
3 13
3 9
3 6
3 20
3 7
4 23
4 8
4 24
4 14
4 21
4 15
4 19
5 18
5 22
5 16
5 17
5 10
5 11
6 12
6 13
6 9
6 20
6 7
7 12
7 13
7 9
7 20
8 23
8 24
8 14
8 21
8 15
8 19
9 12
9 13
9 20
10 18
10 22
10 16
10 17
10 11
11 18
11 22
11 16
11 17
12 13
12 20
13 20
14 23
14 24
14 21
14 15
14 19
15 23
15 24
15 21
15 19
16 18
16 22
16 17
17 18
17 22
18 22
19 23
19 24
19 21
21 23
21 24
23 24
5 22
23 4
11 18
0 21
19 1
4 10
7 17
15 18
3 16
11 1
