20 107 5
0 18
0 13
0 3
0 14
0 15
0 19
0 7
0 9
0 10
1 5
1 18
1 12
1 13
1 14
1 6
1 17
1 16
1 9
1 10
1 11
2 18
2 12
2 13
2 6
2 15
2 19
2 7
2 17
2 16
2 9
2 10
2 11
3 18
3 12
3 13
3 14
3 6
3 19
3 17
3 9
3 10
3 11
5 18
5 12
5 13
5 14
5 6
5 15
5 19
5 7
5 16
5 11
6 18
6 12
6 7
6 17
6 16
6 9
6 10
7 18
7 12
7 13
7 15
7 19
7 17
7 16
7 10
7 11
9 18
9 13
9 15
9 19
9 16
9 10
10 18
10 13
10 14
10 19
10 17
10 11
11 12
11 13
11 14
11 15
11 19
11 17
11 16
12 14
12 19
12 17
12 16
13 18
13 15
13 19
13 17
14 18
14 15
14 19
14 17
14 16
15 18
15 19
15 16
16 18
17 18
17 19
18 19
15 16
16 1
11 18
16 17
17 2
4 15
4 16
19 8
8 9
17 8
