24 138 5
0 11
0 4
1 8
1 17
1 20
1 13
1 18
1 19
1 2
1 23
1 21
1 16
1 7
2 10
2 8
2 6
2 15
2 9
2 17
2 20
2 13
2 18
2 19
2 12
2 21
2 16
3 10
3 8
3 6
3 15
3 9
3 20
3 13
3 18
3 5
3 19
3 12
3 16
3 14
4 11
5 8
5 6
5 15
5 9
5 17
5 20
5 13
5 18
5 19
5 21
5 7
6 10
6 8
6 15
6 17
6 20
6 13
6 18
6 19
6 12
6 21
6 16
6 22
7 15
7 9
7 13
7 18
7 12
7 23
7 14
7 22
8 10
8 20
8 13
8 12
8 21
8 16
8 14
8 22
9 10
9 15
9 20
9 13
9 12
9 16
9 14
9 22
10 15
10 17
10 13
10 18
10 12
10 16
10 14
10 22
12 15
12 17
12 13
12 18
12 23
12 21
12 16
12 14
12 22
13 17
13 20
13 19
13 21
13 14
13 22
14 15
14 17
14 18
14 16
14 22
15 17
15 19
15 16
15 22
16 17
16 20
16 19
16 21
17 19
17 23
17 21
17 22
18 23
18 21
18 22
19 20
19 23
19 21
19 22
20 21
20 22
21 23
22 23
15 22
13 5
8 2
6 20
23 3
8 4
19 0
11 12
4 8
0 9
