24 115 5
0 23
0 18
0 8
0 17
0 9
0 16
0 12
0 10
0 2
0 5
0 3
1 23
1 18
1 22
1 8
1 20
1 10
1 5
1 3
1 6
2 23
2 22
2 8
2 17
2 9
2 20
2 15
2 16
2 12
2 10
2 5
2 3
3 23
3 18
3 8
3 9
3 15
3 16
3 12
3 19
3 5
3 6
4 13
4 11
4 21
5 23
5 18
5 22
5 15
5 16
5 10
5 6
6 22
6 17
6 9
6 15
6 16
6 12
6 19
6 10
7 14
8 23
8 18
8 22
8 17
8 15
8 16
8 12
9 23
9 18
9 17
9 20
9 15
9 12
9 19
9 10
10 23
10 18
10 22
10 20
10 15
10 16
10 12
10 19
11 21
12 18
12 22
12 17
12 15
12 16
13 21
15 23
15 22
15 17
15 20
15 16
15 19
16 23
16 18
16 22
16 17
16 19
17 18
17 22
17 20
17 19
18 23
18 22
18 20
18 19
19 23
19 22
20 23
20 22
22 23
2 10
19 20
1 23
21 13
23 18
15 4
19 4
3 11
21 0
5 21
