25 102 5
0 11
0 16
0 22
0 3
0 20
0 14
0 6
0 19
0 15
0 13
1 18
1 9
1 24
1 2
1 21
1 23
2 9
2 24
2 12
2 10
2 23
2 4
3 11
3 16
3 20
3 14
3 6
3 7
3 8
3 15
3 13
4 9
4 24
4 12
4 10
4 21
4 17
4 23
5 9
5 24
5 12
5 10
5 21
5 17
6 16
6 22
6 20
6 7
6 19
6 8
6 15
6 13
7 11
7 16
7 22
7 20
7 19
7 8
7 13
8 22
8 20
8 19
8 15
8 13
9 18
9 10
9 21
9 23
10 18
10 24
10 12
10 17
10 23
11 16
11 22
11 20
11 14
11 19
12 24
12 21
12 17
12 23
13 16
13 22
13 20
13 19
13 15
14 16
14 22
14 19
14 15
15 16
15 22
15 19
16 22
16 20
16 19
18 24
18 21
19 20
20 22
21 24
0 19
2 10
8 19
3 8
0 15
2 19
14 21
8 10
16 23
2 13
