21 156 5
0 16
0 20
0 4
0 9
0 18
0 12
0 5
0 1
0 17
0 13
0 2
0 10
0 7
0 19
0 15
0 11
0 8
1 16
1 20
1 4
1 9
1 18
1 12
1 5
1 17
1 13
1 2
1 10
1 7
1 19
1 15
1 11
1 8
2 16
2 20
2 4
2 9
2 18
2 12
2 5
2 17
2 13
2 10
2 7
2 19
2 15
2 11
2 8
3 14
3 6
4 16
4 20
4 9
4 18
4 12
4 5
4 17
4 13
4 10
4 7
4 19
4 15
4 11
4 8
5 16
5 20
5 9
5 18
5 12
5 17
5 13
5 10
5 7
5 19
5 15
5 11
5 8
6 14
7 16
7 20
7 9
7 18
7 12
7 17
7 13
7 10
7 19
7 15
7 11
7 8
8 16
8 20
8 9
8 18
8 12
8 17
8 13
8 10
8 19
8 15
8 11
9 16
9 20
9 18
9 12
9 17
9 13
9 10
9 19
9 15
9 11
10 16
10 20
10 18
10 12
10 17
10 13
10 19
10 15
10 11
11 16
11 20
11 18
11 12
11 17
11 13
11 19
11 15
12 16
12 20
12 18
12 17
12 13
12 19
12 15
13 16
13 20
13 18
13 17
13 19
13 15
15 16
15 20
15 18
15 17
15 19
16 20
16 18
16 17
16 19
17 20
17 18
17 19
18 20
18 19
19 20
1 0
1 4
2 7
17 18
0 4
3 15
3 11
4 14
7 14
14 9
