23 89 5
0 6
0 9
0 19
0 7
0 2
0 14
0 12
0 15
0 22
0 20
1 16
1 10
1 3
1 11
1 4
1 17
1 5
2 6
2 9
2 19
2 7
2 14
2 12
2 15
2 22
2 20
3 16
3 10
3 11
3 4
3 17
3 5
4 16
4 10
4 11
4 17
4 5
5 16
5 10
5 11
5 17
6 9
6 19
6 7
6 14
6 12
6 15
6 22
6 20
7 9
7 19
7 14
7 12
7 15
7 22
7 20
8 13
8 21
8 18
9 19
9 14
9 12
9 15
9 22
9 20
10 16
10 11
10 17
11 16
11 17
12 19
12 14
12 15
12 22
12 20
13 21
13 18
14 19
14 15
14 22
14 20
15 19
15 22
15 20
16 17
18 21
19 22
19 20
20 22
9 0
12 6
19 0
9 20
6 12
11 6
16 2
15 4
10 18
13 17
