25 102 5
0 10
0 16
0 23
0 6
0 5
0 4
0 11
0 20
0 7
0 21
0 8
2 3
2 12
2 16
2 23
2 5
2 4
2 11
2 20
2 21
2 8
3 19
3 12
3 16
3 23
3 17
3 4
3 11
3 7
3 21
4 19
4 12
4 16
4 6
4 17
4 11
4 20
4 7
5 12
5 16
5 23
5 17
5 11
5 20
5 7
5 21
6 12
6 16
6 11
6 20
7 19
7 12
7 16
7 23
7 17
7 11
7 20
7 21
7 8
8 19
8 10
8 12
8 16
8 23
8 17
8 20
9 22
9 24
9 15
9 13
10 23
10 17
10 11
10 20
10 21
11 19
11 16
11 23
11 20
11 21
12 19
12 23
12 17
12 21
13 14
13 24
13 15
15 22
15 24
16 19
16 23
16 17
16 20
16 21
17 19
17 23
17 20
19 23
19 21
20 23
20 21
22 24
8 4
17 6
6 4
7 20
16 8
15 0
12 24
19 13
24 8
16 15
