24 92 5
0 14
0 6
0 21
0 7
0 12
0 5
0 16
0 15
0 3
0 17
0 22
1 4
1 2
1 11
2 4
2 18
2 11
3 14
3 21
3 7
3 12
3 5
3 19
3 23
3 15
3 22
3 20
4 18
4 11
5 6
5 21
5 12
5 16
5 19
5 15
5 17
5 22
5 20
6 21
6 12
6 16
6 19
6 23
6 15
6 17
6 22
6 20
7 12
7 19
7 23
7 17
7 22
7 20
8 13
9 10
9 13
10 13
12 14
12 21
12 19
12 23
12 15
12 17
12 22
14 21
14 16
14 19
14 23
14 17
14 22
14 20
15 16
15 19
15 23
15 17
15 22
16 21
16 17
16 22
16 20
17 21
17 19
17 22
17 20
19 21
19 23
19 22
19 20
20 23
20 22
21 22
22 23
15 16
15 5
15 0
3 16
21 7
6 10
6 11
7 18
4 16
8 6
