23 121 5
0 20
0 19
0 14
0 2
0 9
0 13
0 21
0 12
0 18
0 16
0 7
1 17
1 5
1 4
1 22
1 11
1 3
1 8
1 15
1 10
1 6
2 20
2 19
2 14
2 9
2 13
2 21
2 12
2 18
2 16
2 7
3 17
3 5
3 4
3 22
3 11
3 8
3 15
3 10
3 6
4 17
4 5
4 22
4 11
4 8
4 15
4 10
4 6
5 17
5 22
5 11
5 8
5 15
5 10
5 6
6 17
6 22
6 11
6 8
6 15
6 10
7 20
7 19
7 14
7 9
7 13
7 21
7 12
7 18
7 16
8 17
8 22
8 11
8 15
8 10
9 20
9 19
9 14
9 13
9 21
9 12
9 18
9 16
10 17
10 22
10 11
10 15
11 17
11 22
11 15
12 20
12 19
12 14
12 13
12 21
12 18
12 16
13 20
13 19
13 14
13 21
13 18
13 16
14 20
14 19
14 21
14 18
14 16
15 17
15 22
16 20
16 19
16 21
16 18
17 22
18 20
18 19
18 21
19 20
19 21
20 21
19 9
9 12
10 22
15 22
5 6
9 8
17 19
13 1
22 18
6 12
