25 200 5
0 5
0 20
0 13
0 12
0 24
0 18
0 7
0 15
0 6
0 4
0 22
0 2
0 8
0 1
0 23
0 10
0 9
0 3
0 19
1 5
1 20
1 13
1 12
1 24
1 18
1 7
1 15
1 6
1 4
1 22
1 2
1 8
1 23
1 10
1 9
1 3
1 19
2 5
2 20
2 13
2 12
2 24
2 18
2 7
2 15
2 6
2 4
2 22
2 8
2 23
2 10
2 9
2 3
2 19
3 5
3 20
3 13
3 12
3 24
3 18
3 7
3 15
3 6
3 4
3 22
3 8
3 23
3 10
3 9
3 19
4 5
4 20
4 13
4 12
4 24
4 18
4 7
4 15
4 6
4 22
4 8
4 23
4 10
4 9
4 19
5 20
5 13
5 12
5 24
5 18
5 7
5 15
5 6
5 22
5 8
5 23
5 10
5 9
5 19
6 20
6 13
6 12
6 24
6 18
6 7
6 15
6 22
6 8
6 23
6 10
6 9
6 19
7 20
7 13
7 12
7 24
7 18
7 15
7 22
7 8
7 23
7 10
7 9
7 19
8 20
8 13
8 12
8 24
8 18
8 15
8 22
8 23
8 10
8 9
8 19
9 20
9 13
9 12
9 24
9 18
9 15
9 22
9 23
9 10
9 19
10 20
10 13
10 12
10 24
10 18
10 15
10 22
10 23
10 19
11 21
11 17
11 14
11 16
12 20
12 13
12 24
12 18
12 15
12 22
12 23
12 19
13 20
13 24
13 18
13 15
13 22
13 23
13 19
14 21
14 17
14 16
15 20
15 24
15 18
15 22
15 23
15 19
16 21
16 17
17 21
18 20
18 24
18 22
18 23
18 19
19 20
19 24
19 22
19 23
20 24
20 22
20 23
22 24
22 23
23 24
3 13
3 23
18 12
18 8
8 18
21 15
21 12
16 18
16 3
17 13
