23 151 5
0 1
0 5
0 15
0 19
0 21
0 13
0 10
0 6
0 17
0 18
0 9
0 7
0 4
1 15
1 19
1 21
1 2
1 13
1 3
1 8
1 12
1 18
1 20
1 9
1 7
1 4
1 11
2 5
2 15
2 19
2 21
2 3
2 10
2 16
2 6
2 8
2 17
2 12
2 20
2 9
2 7
2 4
2 11
3 5
3 15
3 21
3 13
3 10
3 8
3 12
3 18
3 9
3 7
3 11
4 5
4 15
4 19
4 21
4 10
4 16
4 6
4 8
4 12
4 20
5 15
5 19
5 21
5 13
5 10
5 6
5 17
5 12
5 18
5 20
5 9
5 7
6 15
6 13
6 8
6 17
6 12
6 18
6 7
6 11
7 21
7 13
7 10
7 8
7 17
7 12
7 18
7 20
7 11
8 15
8 19
8 21
8 13
8 10
8 16
8 17
8 12
8 18
8 20
9 15
9 19
9 21
9 16
9 17
9 12
9 18
9 20
10 15
10 19
10 21
10 13
10 16
10 17
10 18
11 19
11 21
11 13
11 17
11 20
12 15
12 21
12 13
12 16
12 17
12 18
12 20
13 15
13 19
13 16
13 17
13 18
13 20
15 19
15 21
15 18
15 20
16 19
16 21
16 17
16 18
16 20
17 19
18 19
18 20
19 21
19 20
20 21
17 5
9 15
17 15
0 11
9 1
14 12
22 3
14 13
17 22
2 14
