25 129 5
0 24
0 4
0 19
0 23
0 11
0 16
0 5
0 12
0 13
0 3
0 15
0 18
0 10
0 8
0 22
1 2
3 17
3 24
3 4
3 19
3 6
3 11
3 16
3 12
3 13
3 15
3 18
3 22
4 17
4 24
4 14
4 19
4 6
4 23
4 16
4 13
4 18
4 9
4 22
5 14
5 23
5 16
5 12
5 13
5 15
5 18
5 10
5 9
5 8
5 22
6 17
6 24
6 19
6 23
6 16
6 12
6 13
6 15
6 9
6 8
6 22
7 21
8 17
8 24
8 14
8 19
8 12
8 13
8 15
8 9
8 22
9 17
9 14
9 23
9 16
9 12
9 18
9 10
10 17
10 24
10 14
10 11
10 12
10 13
10 15
10 18
11 17
11 24
11 19
11 13
11 15
11 22
12 24
12 14
12 19
12 23
12 16
12 15
13 17
13 24
13 14
13 19
13 23
13 15
13 18
13 22
14 17
14 24
14 16
14 15
14 18
14 22
15 17
15 24
15 23
16 17
16 24
16 19
16 23
16 18
16 22
17 24
17 19
17 18
17 22
18 24
18 23
19 24
19 23
14 3
16 0
16 11
22 17
11 8
21 22
1 11
1 5
1 6
7 8
