22 108 5
0 6
0 21
0 10
0 17
0 2
0 11
0 1
0 4
0 3
0 19
0 5
0 9
1 6
1 21
1 15
1 10
1 17
1 2
1 11
1 4
1 7
2 6
2 13
2 15
2 10
2 17
2 4
2 3
2 19
2 9
3 6
3 21
3 13
3 10
3 17
3 11
3 19
3 5
4 21
4 13
4 15
4 10
4 17
4 11
4 19
4 5
4 7
4 18
4 9
5 6
5 21
5 15
5 10
5 17
5 11
5 19
5 7
5 9
6 15
6 10
6 17
6 11
6 19
6 7
6 18
6 9
7 13
7 15
7 10
7 17
7 11
7 19
7 18
8 14
8 16
9 21
9 13
9 15
9 17
9 11
9 19
9 18
10 21
10 13
10 15
10 17
10 11
10 19
10 18
11 21
11 13
11 15
11 17
11 18
12 14
12 16
12 20
13 21
13 17
13 18
15 21
15 17
15 18
17 21
17 19
17 18
18 21
18 19
7 17
1 7
15 1
1 9
17 1
3 16
1 8
7 14
1 16
8 5
