25 121 5
0 22
0 2
0 14
0 11
0 13
0 12
0 5
0 6
0 20
0 16
0 19
1 7
1 21
1 23
2 22
2 14
2 11
2 9
2 13
2 4
2 12
2 24
2 20
2 16
2 3
2 19
3 22
3 14
3 9
3 13
3 4
3 12
3 10
3 5
3 24
3 6
3 20
3 19
4 14
4 11
4 9
4 8
4 12
4 10
4 6
4 16
4 19
5 14
5 9
5 13
5 8
5 12
5 24
5 20
5 16
6 14
6 11
6 9
6 13
6 8
6 12
6 10
6 24
6 16
6 19
7 17
7 21
8 22
8 14
8 11
8 9
8 13
8 12
8 10
8 24
8 20
8 19
9 22
9 11
9 13
9 10
9 24
9 16
9 19
10 22
10 11
10 12
10 24
10 20
10 19
11 22
11 13
11 12
11 24
11 20
12 14
12 24
12 20
12 16
12 19
13 14
13 20
13 19
14 22
14 24
14 20
15 18
15 17
15 21
16 22
16 24
16 20
17 18
17 21
17 23
19 22
19 24
19 20
20 22
20 24
22 24
4 13
11 8
19 16
8 4
23 17
17 8
3 1
15 13
22 15
1 0
