23 151 5
0 21
0 10
0 17
0 16
0 11
0 4
0 6
0 5
0 3
0 19
0 18
0 9
0 14
0 22
0 2
0 13
1 8
1 12
1 7
1 20
1 15
2 21
2 10
2 17
2 16
2 11
2 4
2 6
2 5
2 3
2 19
2 18
2 9
2 14
2 22
2 13
3 21
3 10
3 17
3 16
3 11
3 4
3 6
3 5
3 19
3 18
3 9
3 14
3 22
3 13
4 21
4 10
4 17
4 16
4 11
4 6
4 5
4 19
4 18
4 9
4 14
4 22
4 13
5 21
5 10
5 17
5 16
5 11
5 6
5 19
5 18
5 9
5 14
5 22
5 13
6 21
6 10
6 17
6 16
6 11
6 19
6 18
6 9
6 14
6 22
6 13
7 8
7 12
7 20
7 15
8 12
8 20
8 15
9 21
9 10
9 17
9 16
9 11
9 19
9 18
9 14
9 22
9 13
10 21
10 17
10 16
10 11
10 19
10 18
10 14
10 22
10 13
11 21
11 17
11 16
11 19
11 18
11 14
11 22
11 13
12 20
12 15
13 21
13 17
13 16
13 19
13 18
13 14
13 22
14 21
14 17
14 16
14 19
14 18
14 22
15 20
16 21
16 17
16 19
16 18
16 22
17 21
17 19
17 18
17 22
18 21
18 19
18 22
19 21
19 22
21 22
22 17
22 18
9 22
16 14
3 2
22 7
22 20
4 7
8 11
1 21
