25 92 5
0 1
0 8
0 17
0 3
0 9
0 2
0 12
1 8
1 17
1 3
1 9
1 2
1 12
2 8
2 17
2 3
2 9
2 12
3 8
3 17
3 9
3 12
4 7
4 19
4 22
4 14
4 16
4 24
4 6
4 5
5 7
5 19
5 22
5 14
5 16
5 24
5 6
6 7
6 19
6 22
6 14
6 16
6 24
7 19
7 22
7 14
7 16
7 24
8 17
8 9
8 12
9 17
9 12
10 20
10 13
10 15
10 11
10 23
10 21
10 18
11 20
11 13
11 15
11 23
11 21
11 18
12 17
13 20
13 15
13 23
13 21
13 18
14 19
14 22
14 16
14 24
15 20
15 23
15 21
15 18
16 19
16 22
16 24
18 20
18 23
18 21
19 22
19 24
20 23
20 21
21 23
22 24
9 17
0 9
2 3
18 13
12 8
19 21
15 17
21 17
15 16
3 5
