23 193 5
0 22
0 4
0 11
0 17
0 18
0 6
0 10
0 7
0 12
0 5
0 21
0 8
0 13
0 9
0 3
0 15
0 14
0 20
0 2
1 19
1 16
2 22
2 4
2 11
2 17
2 18
2 6
2 10
2 7
2 12
2 5
2 21
2 8
2 13
2 9
2 3
2 15
2 14
2 20
3 22
3 4
3 11
3 17
3 18
3 6
3 10
3 7
3 12
3 5
3 21
3 8
3 13
3 9
3 15
3 14
3 20
4 22
4 11
4 17
4 18
4 6
4 10
4 7
4 12
4 5
4 21
4 8
4 13
4 9
4 15
4 14
4 20
5 22
5 11
5 17
5 18
5 6
5 10
5 7
5 12
5 21
5 8
5 13
5 9
5 15
5 14
5 20
6 22
6 11
6 17
6 18
6 10
6 7
6 12
6 21
6 8
6 13
6 9
6 15
6 14
6 20
7 22
7 11
7 17
7 18
7 10
7 12
7 21
7 8
7 13
7 9
7 15
7 14
7 20
8 22
8 11
8 17
8 18
8 10
8 12
8 21
8 13
8 9
8 15
8 14
8 20
9 22
9 11
9 17
9 18
9 10
9 12
9 21
9 13
9 15
9 14
9 20
10 22
10 11
10 17
10 18
10 12
10 21
10 13
10 15
10 14
10 20
11 22
11 17
11 18
11 12
11 21
11 13
11 15
11 14
11 20
12 22
12 17
12 18
12 21
12 13
12 15
12 14
12 20
13 22
13 17
13 18
13 21
13 15
13 14
13 20
14 22
14 17
14 18
14 21
14 15
14 20
15 22
15 17
15 18
15 21
15 20
16 19
17 22
17 18
17 21
17 20
18 22
18 21
18 20
20 22
20 21
21 22
8 21
12 7
3 0
8 22
3 21
0 16
16 13
19 13
0 19
19 7
