20 93 5
0 8
0 12
0 6
0 18
0 16
1 15
1 17
1 2
1 19
1 5
1 14
1 10
1 13
1 4
1 7
1 11
1 9
2 15
2 17
2 19
2 5
2 14
2 10
2 13
2 4
2 7
2 11
2 9
4 15
4 17
4 19
4 5
4 14
4 10
4 13
4 7
4 11
4 9
5 15
5 17
5 19
5 14
5 10
5 13
5 7
5 11
5 9
6 8
6 12
6 18
6 16
7 15
7 17
7 19
7 14
7 10
7 13
7 11
7 9
8 12
8 18
8 16
9 15
9 17
9 19
9 14
9 10
9 13
9 11
10 15
10 17
10 19
10 14
10 13
10 11
11 15
11 17
11 19
11 14
11 13
12 18
12 16
13 15
13 17
13 19
13 14
14 15
14 17
14 19
15 17
15 19
16 18
17 19
8 6
10 17
9 15
19 15
10 2
8 11
16 3
6 13
14 16
16 19
