23 151 5
0 12
0 13
0 1
0 5
0 3
1 12
1 13
1 5
1 3
2 19
2 10
2 22
2 9
2 4
2 21
2 16
2 17
2 6
2 20
2 8
2 11
2 15
2 18
2 7
2 14
3 12
3 13
3 5
4 19
4 10
4 22
4 9
4 21
4 16
4 17
4 6
4 20
4 8
4 11
4 15
4 18
4 7
4 14
5 12
5 13
6 19
6 10
6 22
6 9
6 21
6 16
6 17
6 20
6 8
6 11
6 15
6 18
6 7
6 14
7 19
7 10
7 22
7 9
7 21
7 16
7 17
7 20
7 8
7 11
7 15
7 18
7 14
8 19
8 10
8 22
8 9
8 21
8 16
8 17
8 20
8 11
8 15
8 18
8 14
9 19
9 10
9 22
9 21
9 16
9 17
9 20
9 11
9 15
9 18
9 14
10 19
10 22
10 21
10 16
10 17
10 20
10 11
10 15
10 18
10 14
11 19
11 22
11 21
11 16
11 17
11 20
11 15
11 18
11 14
12 13
14 19
14 22
14 21
14 16
14 17
14 20
14 15
14 18
15 19
15 22
15 21
15 16
15 17
15 20
15 18
16 19
16 22
16 21
16 17
16 20
16 18
17 19
17 22
17 21
17 20
17 18
18 19
18 22
18 21
18 20
19 22
19 21
19 20
20 22
20 21
21 22
18 2
7 8
7 11
21 4
19 20
1 11
1 16
17 12
2 13
6 13
