22 142 5
0 17
0 6
0 9
0 15
0 20
0 7
0 18
0 14
0 4
0 19
0 3
0 1
0 11
0 16
0 2
0 12
1 17
1 6
1 9
1 15
1 20
1 7
1 18
1 14
1 4
1 19
1 3
1 11
1 16
1 2
1 12
2 17
2 6
2 9
2 15
2 20
2 7
2 18
2 14
2 4
2 19
2 3
2 11
2 16
2 12
3 17
3 6
3 9
3 15
3 20
3 7
3 18
3 14
3 4
3 19
3 11
3 16
3 12
4 17
4 6
4 9
4 15
4 20
4 7
4 18
4 14
4 19
4 11
4 16
4 12
5 10
5 21
5 13
6 17
6 9
6 15
6 20
6 7
6 18
6 14
6 19
6 11
6 16
6 12
7 17
7 9
7 15
7 20
7 18
7 14
7 19
7 11
7 16
7 12
9 17
9 15
9 20
9 18
9 14
9 19
9 11
9 16
9 12
10 21
10 13
11 17
11 15
11 20
11 18
11 14
11 19
11 16
11 12
12 17
12 15
12 20
12 18
12 14
12 19
12 16
13 21
14 17
14 15
14 20
14 18
14 19
14 16
15 17
15 20
15 18
15 19
15 16
16 17
16 20
16 18
16 19
17 20
17 18
17 19
18 20
18 19
19 20
6 11
9 0
11 12
19 9
11 1
1 5
8 20
10 11
6 21
10 15
