19 95 5
0 8
0 7
0 16
0 1
0 13
0 9
0 12
0 4
0 14
0 10
0 18
0 15
0 6
1 8
1 7
1 16
1 13
1 9
1 12
1 4
1 14
1 10
1 18
1 15
1 6
2 5
3 17
3 11
4 8
4 7
4 16
4 13
4 9
4 12
4 14
4 10
4 18
4 15
4 6
6 8
6 7
6 16
6 13
6 9
6 12
6 14
6 10
6 18
6 15
7 8
7 16
7 13
7 9
7 12
7 14
7 10
7 18
7 15
8 16
8 13
8 9
8 12
8 14
8 10
8 18
8 15
9 16
9 13
9 12
9 14
9 10
9 18
9 15
10 16
10 13
10 12
10 14
10 18
10 15
11 17
12 16
12 13
12 14
12 18
12 15
13 16
13 14
13 18
13 15
14 16
14 18
14 15
15 16
15 18
16 18
13 8
13 1
1 0
4 18
16 7
0 2
1 11
3 15
4 11
16 5
