22 126 5
0 19
0 20
0 18
0 4
0 8
0 1
0 17
0 15
0 11
0 21
0 9
0 12
0 14
0 3
1 19
1 20
1 18
1 4
1 8
1 17
1 15
1 11
1 21
1 9
1 12
1 14
1 3
2 5
2 7
2 13
2 6
2 10
2 16
3 19
3 20
3 18
3 4
3 8
3 17
3 15
3 11
3 21
3 9
3 12
3 14
4 19
4 20
4 18
4 8
4 17
4 15
4 11
4 21
4 9
4 12
4 14
5 7
5 13
5 6
5 10
5 16
6 7
6 13
6 10
6 16
7 13
7 10
7 16
8 19
8 20
8 18
8 17
8 15
8 11
8 21
8 9
8 12
8 14
9 19
9 20
9 18
9 17
9 15
9 11
9 21
9 12
9 14
10 13
10 16
11 19
11 20
11 18
11 17
11 15
11 21
11 12
11 14
12 19
12 20
12 18
12 17
12 15
12 21
12 14
13 16
14 19
14 20
14 18
14 17
14 15
14 21
15 19
15 20
15 18
15 17
15 21
17 19
17 20
17 18
17 21
18 19
18 20
18 21
19 20
19 21
20 21
11 4
1 0
8 3
20 8
12 19
10 0
6 17
5 15
7 3
9 16
