20 123 5
0 8
0 2
0 3
0 10
0 6
0 4
0 19
0 17
0 13
0 1
0 16
0 18
0 7
0 9
0 15
1 8
1 2
1 3
1 10
1 6
1 4
1 19
1 17
1 13
1 16
1 18
1 7
1 9
1 15
2 8
2 3
2 10
2 6
2 4
2 19
2 17
2 13
2 16
2 18
2 7
2 9
2 15
3 8
3 10
3 6
3 4
3 19
3 17
3 13
3 16
3 18
3 7
3 9
3 15
4 8
4 10
4 6
4 19
4 17
4 13
4 16
4 18
4 7
4 9
4 15
5 11
5 12
6 8
6 10
6 19
6 17
6 13
6 16
6 18
6 7
6 9
6 15
7 8
7 10
7 19
7 17
7 13
7 16
7 18
7 9
7 15
8 10
8 19
8 17
8 13
8 16
8 18
8 9
8 15
9 10
9 19
9 17
9 13
9 16
9 18
9 15
10 19
10 17
10 13
10 16
10 18
10 15
11 12
13 19
13 17
13 16
13 18
13 15
15 19
15 17
15 16
15 18
16 19
16 17
16 18
17 19
17 18
18 19
8 1
16 19
15 0
10 9
1 17
12 8
5 14
12 1
1 11
14 2
