23 102 5
0 22
0 20
0 6
0 8
0 21
0 2
0 18
0 15
0 19
0 16
0 4
0 13
1 14
1 17
2 22
2 20
2 8
2 10
2 15
2 19
2 16
2 4
2 12
2 13
3 22
3 20
3 6
3 18
3 4
3 5
3 13
4 22
4 20
4 21
4 15
4 5
5 22
5 6
5 19
5 16
5 12
6 22
6 20
6 21
6 9
6 10
6 18
6 15
6 16
6 12
6 13
7 11
7 17
8 22
8 20
8 21
8 9
8 10
8 19
8 12
8 13
9 21
9 18
9 12
9 13
10 20
10 21
10 15
10 19
10 16
10 13
11 14
11 17
12 22
12 20
12 21
12 19
13 21
13 18
13 15
13 19
13 16
14 17
15 22
15 20
15 21
15 18
15 19
15 16
16 22
16 21
16 18
16 19
18 22
18 20
18 19
19 22
19 20
19 21
20 22
20 21
21 22
14 7
15 16
3 2
0 6
16 21
14 2
19 17
3 17
5 1
18 7
