17 120 5
0 11
0 8
0 10
0 4
0 16
0 5
0 2
0 7
0 9
0 15
0 13
0 1
0 12
0 14
0 3
1 11
1 8
1 10
1 4
1 16
1 5
1 2
1 7
1 9
1 15
1 13
1 12
1 14
1 3
2 11
2 8
2 10
2 4
2 16
2 5
2 7
2 9
2 15
2 13
2 12
2 14
2 3
3 11
3 8
3 10
3 4
3 16
3 5
3 7
3 9
3 15
3 13
3 12
3 14
4 11
4 8
4 10
4 16
4 5
4 7
4 9
4 15
4 13
4 12
4 14
5 11
5 8
5 10
5 16
5 7
5 9
5 15
5 13
5 12
5 14
7 11
7 8
7 10
7 16
7 9
7 15
7 13
7 12
7 14
8 11
8 10
8 16
8 9
8 15
8 13
8 12
8 14
9 11
9 10
9 16
9 15
9 13
9 12
9 14
10 11
10 16
10 15
10 13
10 12
10 14
11 16
11 15
11 13
11 12
11 14
12 16
12 15
12 13
12 14
13 16
13 15
13 14
14 16
14 15
15 16
12 5
10 0
10 1
12 11
10 13
16 6
6 12
10 6
11 6
6 10
