25 156 5
0 14
0 8
0 13
0 5
0 2
0 19
0 22
0 17
0 16
0 3
0 24
0 20
0 10
0 15
0 7
0 4
0 23
0 6
0 1
1 8
1 13
1 19
1 11
1 22
1 17
1 3
1 24
1 20
1 10
1 15
1 7
1 4
1 23
1 6
2 14
2 8
2 13
2 22
2 17
2 16
2 3
2 24
2 10
2 15
2 7
2 4
2 23
2 6
3 14
3 13
3 19
3 11
3 22
3 17
3 24
3 10
3 15
3 4
3 9
4 13
4 5
4 22
4 17
4 10
4 15
4 7
4 9
4 23
4 6
5 8
5 13
5 19
5 22
5 24
5 20
5 10
5 7
5 23
6 14
6 8
6 13
6 19
6 11
6 22
6 17
6 16
6 20
6 7
6 9
7 14
7 8
7 13
7 19
7 11
7 22
7 20
7 9
8 19
8 11
8 22
8 17
8 20
8 10
8 15
8 9
9 17
9 16
9 24
9 20
9 10
9 15
9 23
10 14
10 13
10 19
10 11
10 22
10 17
10 15
10 23
11 13
11 22
11 16
12 18
13 14
13 19
13 22
13 16
13 24
13 20
13 15
13 23
14 19
14 17
14 16
14 15
14 23
15 19
15 22
15 17
15 24
15 20
16 22
16 17
16 24
17 19
17 24
17 20
17 23
18 21
19 24
19 20
19 23
20 22
20 24
20 23
5 11
5 7
16 15
8 24
24 20
18 11
18 7
19 18
12 5
6 12
