21 110 5
0 11
0 16
0 3
0 20
0 12
0 5
0 17
0 8
0 14
0 18
0 2
0 1
0 6
1 11
1 16
1 3
1 20
1 12
1 5
1 4
1 17
1 14
1 2
1 13
1 6
2 11
2 16
2 3
2 20
2 5
2 8
2 14
2 18
2 13
2 6
2 19
2 9
3 11
3 16
3 20
3 5
3 4
3 17
3 14
3 13
3 6
3 19
3 9
4 11
4 16
4 20
4 12
4 8
4 18
4 13
4 6
4 19
4 9
5 11
5 16
5 20
5 12
5 17
5 8
5 14
5 6
5 19
5 9
6 11
6 16
6 20
6 12
6 17
6 14
6 19
6 9
8 11
8 16
8 20
8 14
8 18
8 19
8 9
9 11
9 12
9 18
9 19
11 20
11 12
11 17
11 14
11 13
11 19
12 16
12 20
12 14
12 18
12 13
12 19
13 16
13 14
14 20
14 18
14 19
16 20
16 18
17 20
17 18
18 20
19 20
9 19
9 11
1 9
9 5
14 13
3 7
4 10
7 10
11 7
10 4
