25 145 5
0 16
0 17
0 9
1 18
1 8
1 22
1 21
1 19
1 6
1 24
1 13
1 3
1 7
1 2
1 15
1 10
1 11
1 23
2 8
2 22
2 21
2 19
2 6
2 24
2 13
2 15
2 14
2 4
2 12
2 23
3 18
3 21
3 24
3 15
3 10
3 11
3 14
3 12
3 23
4 20
4 8
4 21
4 6
4 24
4 13
4 7
4 15
4 10
4 11
4 14
4 12
4 23
5 16
5 9
6 20
6 18
6 8
6 21
6 19
6 24
6 13
6 7
6 15
6 11
6 14
6 12
6 23
7 20
7 18
7 22
7 21
7 24
7 13
7 15
7 11
7 12
7 23
8 20
8 18
8 22
8 21
8 19
8 24
8 13
8 15
8 10
8 11
8 14
8 23
9 16
9 17
10 20
10 18
10 22
10 21
10 19
10 13
10 15
10 14
10 12
11 20
11 18
11 22
11 21
11 19
11 24
11 13
11 14
11 12
11 23
12 18
12 22
12 21
12 19
12 24
12 14
12 23
13 22
13 21
13 24
13 15
13 14
13 23
14 20
14 18
14 22
14 21
14 19
14 23
15 21
16 17
18 20
18 21
18 19
18 23
19 20
19 24
19 23
20 21
20 24
20 23
21 24
21 23
22 24
22 23
2 19
23 8
23 13
23 12
1 13
17 14
22 9
24 0
22 16
9 3
