23 129 5
0 16
0 5
0 3
0 14
0 1
0 21
0 17
0 4
0 19
0 22
0 2
0 11
0 20
0 13
0 15
1 16
1 5
1 3
1 14
1 21
1 17
1 4
1 19
1 22
1 2
1 11
1 20
1 13
1 15
2 16
2 5
2 3
2 14
2 21
2 17
2 4
2 19
2 22
2 11
2 20
2 13
2 15
3 16
3 5
3 14
3 21
3 17
3 4
3 19
3 22
3 11
3 20
3 13
3 15
4 16
4 5
4 14
4 21
4 17
4 19
4 22
4 11
4 20
4 13
4 15
5 16
5 14
5 21
5 17
5 19
5 22
5 11
5 20
5 13
5 15
6 12
6 9
7 10
7 18
7 8
8 10
8 18
9 12
10 18
11 16
11 14
11 21
11 17
11 19
11 22
11 20
11 13
11 15
13 16
13 14
13 21
13 17
13 19
13 22
13 20
13 15
14 16
14 21
14 17
14 19
14 22
14 20
14 15
15 16
15 21
15 17
15 19
15 22
15 20
16 21
16 17
16 19
16 22
16 20
17 21
17 19
17 22
17 20
19 21
19 22
19 20
20 21
20 22
21 22
14 5
16 22
1 3
3 14
0 17
3 7
17 12
9 11
9 4
0 10
