22 99 5
0 5
0 4
0 14
0 8
0 20
0 3
0 12
0 10
0 2
0 9
1 16
1 7
1 21
1 17
2 5
2 11
2 18
2 4
2 8
2 20
2 12
2 9
3 5
3 11
3 18
3 4
3 20
3 13
3 12
3 15
3 9
4 5
4 18
4 14
4 8
4 20
4 13
4 12
4 10
4 15
4 9
5 11
5 18
5 14
5 8
5 12
5 10
5 15
6 11
6 18
6 8
6 20
6 13
6 10
6 15
7 16
7 21
7 19
7 17
8 11
8 18
8 14
8 20
8 12
8 10
8 15
8 9
9 11
9 14
9 20
9 13
9 15
10 11
10 18
10 14
10 20
10 13
10 12
10 15
11 14
11 20
11 13
11 12
11 15
12 18
12 14
12 20
12 13
13 14
13 20
13 15
14 18
14 15
15 20
16 21
16 19
17 21
17 19
18 20
5 13
3 15
5 9
18 14
17 1
3 16
20 7
3 21
18 21
2 7
