23 121 5
0 10
0 14
0 6
0 20
0 2
0 21
0 17
0 1
0 9
0 22
1 10
1 14
1 6
1 20
1 2
1 21
1 17
1 9
1 22
2 10
2 14
2 6
2 20
2 21
2 17
2 9
2 22
3 7
3 5
3 8
3 16
3 19
3 18
3 13
3 4
3 12
3 15
3 11
4 7
4 5
4 8
4 16
4 19
4 18
4 13
4 12
4 15
4 11
5 7
5 8
5 16
5 19
5 18
5 13
5 12
5 15
5 11
6 10
6 14
6 20
6 21
6 17
6 9
6 22
7 8
7 16
7 19
7 18
7 13
7 12
7 15
7 11
8 16
8 19
8 18
8 13
8 12
8 15
8 11
9 10
9 14
9 20
9 21
9 17
9 22
10 14
10 20
10 21
10 17
10 22
11 16
11 19
11 18
11 13
11 12
11 15
12 16
12 19
12 18
12 13
12 15
13 16
13 19
13 18
13 15
14 20
14 21
14 17
14 22
15 16
15 19
15 18
16 19
16 18
17 20
17 21
17 22
18 19
20 21
20 22
21 22
8 13
1 10
5 18
4 19
7 16
16 21
1 18
0 16
4 17
7 0
