22 103 5
0 17
0 19
0 1
0 6
0 5
0 7
0 2
0 14
0 4
0 10
1 17
1 6
1 5
1 12
1 7
1 13
1 2
1 20
1 14
1 10
2 9
2 17
2 16
2 19
2 6
2 12
2 7
2 18
2 13
2 20
2 14
2 4
2 10
3 21
3 15
3 11
4 9
4 17
4 16
4 19
4 6
4 5
4 12
4 7
4 13
4 10
5 9
5 17
5 16
5 12
5 18
5 13
5 20
5 14
6 17
6 16
6 12
6 7
6 18
6 20
6 10
7 9
7 17
7 16
7 19
7 13
7 20
7 14
7 10
8 21
8 15
9 16
9 19
9 18
9 13
9 20
9 14
9 10
10 17
10 16
10 18
10 13
10 20
10 14
11 21
12 17
12 16
12 19
13 17
13 16
13 19
14 17
14 19
14 20
15 21
16 17
16 18
16 20
17 19
17 20
18 19
18 20
19 20
14 6
20 18
14 13
0 13
20 14
4 21
8 10
4 11
2 11
8 18
