25 101 5
0 9
0 8
0 12
0 5
0 14
0 15
0 17
0 11
0 16
0 1
1 9
1 8
1 12
1 5
1 14
1 15
1 11
1 16
1 22
2 9
2 8
2 15
2 17
2 11
2 16
2 6
3 20
3 24
3 4
3 13
3 18
3 19
4 24
4 21
4 10
4 18
4 7
5 9
5 12
5 15
5 6
5 22
6 9
6 8
6 12
6 14
6 15
6 17
6 11
7 20
7 24
7 23
7 13
7 21
7 18
7 19
8 12
8 14
8 15
8 11
8 16
8 22
9 12
9 17
9 16
9 22
10 20
10 23
10 13
10 19
11 12
11 14
11 15
11 17
11 16
12 15
12 16
12 22
13 20
13 24
13 21
13 18
14 15
14 17
14 22
15 17
15 22
16 17
16 22
18 20
18 24
18 23
18 21
18 19
19 24
20 24
20 23
20 21
21 24
21 23
23 24
0 6
11 16
7 10
1 11
11 9
0 18
19 14
7 15
18 17
4 22
