23 109 5
0 14
0 2
0 17
0 18
0 9
0 21
0 8
0 13
0 10
0 15
0 12
1 14
1 17
1 22
1 18
1 9
1 21
1 8
1 13
1 7
1 15
1 12
1 19
2 17
2 18
2 9
2 21
2 13
2 7
2 15
2 19
3 16
5 6
5 16
6 16
7 17
7 18
7 9
7 21
7 8
7 10
7 15
7 20
7 12
7 19
8 17
8 22
8 18
8 21
8 13
8 10
8 11
8 20
8 12
8 19
9 14
9 17
9 22
9 18
9 21
9 13
9 10
9 15
9 20
10 14
10 17
10 22
10 13
10 15
10 11
10 20
10 12
10 19
11 14
11 18
11 13
11 15
11 19
12 14
12 22
12 21
12 20
13 17
13 22
13 18
13 21
13 15
13 19
14 17
14 22
14 18
14 21
14 15
14 20
14 19
15 22
15 18
15 19
17 18
17 21
17 19
18 22
18 21
18 20
18 19
19 22
20 22
20 21
21 22
12 13
17 14
1 15
13 9
11 2
15 5
13 5
5 19
20 4
3 15
