24 88 5
0 15
0 6
0 19
0 8
0 17
0 23
0 1
0 18
0 7
0 14
1 15
1 17
1 23
1 18
1 7
1 11
1 14
2 6
2 19
2 17
2 23
2 7
3 15
3 9
3 17
3 23
3 18
3 7
3 11
3 14
4 12
4 21
5 12
5 13
6 15
6 9
6 19
6 8
6 17
6 23
6 10
6 18
6 7
6 11
6 14
7 15
7 9
7 19
7 8
7 17
7 23
7 14
8 19
8 17
8 23
8 18
8 11
8 14
9 19
9 17
9 23
9 10
9 14
10 19
10 17
10 23
10 18
11 15
11 19
11 23
11 18
11 14
12 13
12 21
13 21
13 22
14 19
14 17
14 23
15 19
15 23
15 18
16 20
17 23
18 19
18 23
19 23
21 22
15 3
2 14
12 4
15 2
9 7
16 5
18 13
12 10
16 9
9 16
