25 156 5
0 14
0 7
0 1
0 9
0 13
0 24
0 8
0 11
1 14
1 7
1 9
1 13
1 24
1 8
1 11
2 19
2 18
2 12
2 16
2 4
2 17
2 3
2 21
2 20
2 23
2 22
2 10
2 6
2 5
2 15
3 19
3 18
3 12
3 16
3 4
3 17
3 21
3 20
3 23
3 22
3 10
3 6
3 5
3 15
4 19
4 18
4 12
4 16
4 17
4 21
4 20
4 23
4 22
4 10
4 6
4 5
4 15
5 19
5 18
5 12
5 16
5 17
5 21
5 20
5 23
5 22
5 10
5 6
5 15
6 19
6 18
6 12
6 16
6 17
6 21
6 20
6 23
6 22
6 10
6 15
7 14
7 9
7 13
7 24
7 8
7 11
8 14
8 9
8 13
8 24
8 11
9 14
9 13
9 24
9 11
10 19
10 18
10 12
10 16
10 17
10 21
10 20
10 23
10 22
10 15
11 14
11 13
11 24
12 19
12 18
12 16
12 17
12 21
12 20
12 23
12 22
12 15
13 14
13 24
14 24
15 19
15 18
15 16
15 17
15 21
15 20
15 23
15 22
16 19
16 18
16 17
16 21
16 20
16 23
16 22
17 19
17 18
17 21
17 20
17 23
17 22
18 19
18 21
18 20
18 23
18 22
19 21
19 20
19 23
19 22
20 21
20 23
20 22
21 23
21 22
22 23
7 1
15 6
7 8
1 0
14 0
24 2
4 9
24 5
17 0
14 18
