22 126 5
0 2
0 4
0 21
0 7
0 11
0 1
0 12
0 10
0 6
0 9
0 17
0 20
0 15
0 13
1 2
1 4
1 21
1 7
1 11
1 12
1 10
1 6
1 9
1 17
1 20
1 15
1 13
2 4
2 21
2 7
2 11
2 12
2 10
2 6
2 9
2 17
2 20
2 15
2 13
3 8
3 16
3 14
3 18
3 5
3 19
4 21
4 7
4 11
4 12
4 10
4 6
4 9
4 17
4 20
4 15
4 13
5 8
5 16
5 14
5 18
5 19
6 21
6 7
6 11
6 12
6 10
6 9
6 17
6 20
6 15
6 13
7 21
7 11
7 12
7 10
7 9
7 17
7 20
7 15
7 13
8 16
8 14
8 18
8 19
9 21
9 11
9 12
9 10
9 17
9 20
9 15
9 13
10 21
10 11
10 12
10 17
10 20
10 15
10 13
11 21
11 12
11 17
11 20
11 15
11 13
12 21
12 17
12 20
12 15
12 13
13 21
13 17
13 20
13 15
14 16
14 18
14 19
15 21
15 17
15 20
16 18
16 19
17 21
17 20
18 19
20 21
12 11
19 14
4 7
0 10
9 6
0 18
19 4
17 18
18 20
4 16
