19 108 5
0 8
0 5
0 16
0 1
0 14
0 4
0 15
0 3
0 9
0 10
0 6
0 17
0 18
0 11
1 8
1 5
1 16
1 14
1 4
1 15
1 3
1 9
1 10
1 6
1 17
1 18
1 11
3 8
3 5
3 16
3 14
3 4
3 15
3 9
3 10
3 6
3 17
3 18
3 11
4 8
4 5
4 16
4 14
4 15
4 9
4 10
4 6
4 17
4 18
4 11
5 8
5 16
5 14
5 15
5 9
5 10
5 6
5 17
5 18
5 11
6 8
6 16
6 14
6 15
6 9
6 10
6 17
6 18
6 11
7 12
7 13
8 16
8 14
8 15
8 9
8 10
8 17
8 18
8 11
9 16
9 14
9 15
9 10
9 17
9 18
9 11
10 16
10 14
10 15
10 17
10 18
10 11
11 16
11 14
11 15
11 17
11 18
12 13
14 16
14 15
14 17
14 18
15 16
15 17
15 18
16 17
16 18
17 18
18 10
12 13
17 3
17 1
0 18
4 12
13 3
7 18
3 2
13 18
