20 91 5
0 9
0 19
0 16
0 18
0 2
0 17
0 7
0 12
1 8
1 3
1 10
1 13
1 6
1 11
1 15
1 5
1 4
1 14
2 9
2 19
2 16
2 18
2 17
2 7
2 12
3 8
3 10
3 13
3 6
3 11
3 15
3 5
3 4
3 14
4 8
4 10
4 13
4 6
4 11
4 15
4 5
4 14
5 8
5 10
5 13
5 6
5 11
5 15
5 14
6 8
6 10
6 13
6 11
6 15
6 14
7 9
7 19
7 16
7 18
7 17
7 12
8 10
8 13
8 11
8 15
8 14
9 19
9 16
9 18
9 17
9 12
10 13
10 11
10 15
10 14
11 13
11 15
11 14
12 19
12 16
12 18
12 17
13 15
13 14
14 15
16 19
16 18
16 17
17 19
17 18
18 19
11 1
6 8
16 19
9 7
15 5
11 17
10 2
10 0
0 11
14 12
