22 126 5
0 19
0 7
0 5
0 11
0 3
0 10
0 6
0 18
0 15
0 2
0 13
0 16
0 8
0 20
1 12
1 14
1 21
1 9
1 4
1 17
2 19
2 7
2 5
2 11
2 3
2 10
2 6
2 18
2 15
2 13
2 16
2 8
2 20
3 19
3 7
3 5
3 11
3 10
3 6
3 18
3 15
3 13
3 16
3 8
3 20
4 12
4 14
4 21
4 9
4 17
5 19
5 7
5 11
5 10
5 6
5 18
5 15
5 13
5 16
5 8
5 20
6 19
6 7
6 11
6 10
6 18
6 15
6 13
6 16
6 8
6 20
7 19
7 11
7 10
7 18
7 15
7 13
7 16
7 8
7 20
8 19
8 11
8 10
8 18
8 15
8 13
8 16
8 20
9 12
9 14
9 21
9 17
10 19
10 11
10 18
10 15
10 13
10 16
10 20
11 19
11 18
11 15
11 13
11 16
11 20
12 14
12 21
12 17
13 19
13 18
13 15
13 16
13 20
14 21
14 17
15 19
15 18
15 16
15 20
16 19
16 18
16 20
17 21
18 19
18 20
19 20
6 2
7 16
6 15
3 19
8 13
14 15
17 7
15 14
5 4
1 6
