24 181 5
0 18
0 8
0 2
0 12
0 22
0 19
0 10
0 21
0 3
0 14
0 20
0 6
0 15
0 23
0 16
0 4
0 17
0 1
1 18
1 8
1 2
1 12
1 22
1 19
1 10
1 21
1 3
1 14
1 20
1 6
1 15
1 23
1 16
1 4
1 17
2 18
2 8
2 12
2 22
2 19
2 10
2 21
2 3
2 14
2 20
2 6
2 15
2 23
2 16
2 4
2 17
3 18
3 8
3 12
3 22
3 19
3 10
3 21
3 14
3 20
3 6
3 15
3 23
3 16
3 4
3 17
4 18
4 8
4 12
4 22
4 19
4 10
4 21
4 14
4 20
4 6
4 15
4 23
4 16
4 17
5 9
5 11
5 7
5 13
6 18
6 8
6 12
6 22
6 19
6 10
6 21
6 14
6 20
6 15
6 23
6 16
6 17
7 9
7 11
7 13
8 18
8 12
8 22
8 19
8 10
8 21
8 14
8 20
8 15
8 23
8 16
8 17
9 11
9 13
10 18
10 12
10 22
10 19
10 21
10 14
10 20
10 15
10 23
10 16
10 17
11 13
12 18
12 22
12 19
12 21
12 14
12 20
12 15
12 23
12 16
12 17
14 18
14 22
14 19
14 21
14 20
14 15
14 23
14 16
14 17
15 18
15 22
15 19
15 21
15 20
15 23
15 16
15 17
16 18
16 22
16 19
16 21
16 20
16 23
16 17
17 18
17 22
17 19
17 21
17 20
17 23
18 22
18 19
18 21
18 20
18 23
19 22
19 21
19 20
19 23
20 22
20 21
20 23
21 22
21 23
22 23
12 20
12 14
20 17
17 19
22 19
0 9
23 11
7 14
9 2
5 0
