24 115 5
0 11
0 13
0 4
0 19
0 9
0 18
0 17
0 21
0 10
0 16
0 2
0 1
0 23
0 14
0 7
1 11
1 13
1 4
1 9
1 6
1 17
1 21
1 10
1 23
1 14
1 7
2 11
2 13
2 19
2 18
2 17
2 21
2 10
2 16
2 23
2 14
3 8
3 12
3 5
3 20
3 22
4 13
4 19
4 9
4 18
4 17
4 21
4 10
4 14
4 7
5 8
5 15
5 20
5 22
6 13
6 19
6 18
6 21
6 10
6 7
7 13
7 9
7 18
7 17
7 10
7 14
8 15
8 12
8 22
9 11
9 19
9 18
9 17
9 21
9 10
9 16
9 23
9 14
10 11
10 13
10 19
10 18
10 17
10 16
10 23
10 14
11 13
11 19
11 17
11 21
11 16
11 23
11 14
12 20
12 22
13 19
13 18
13 17
13 16
13 23
13 14
14 19
14 18
14 17
14 16
14 23
15 22
16 19
16 17
16 21
16 23
17 18
18 23
19 23
20 22
10 9
18 23
16 4
9 14
1 10
22 19
18 5
15 10
20 0
12 13
