25 146 5
0 15
0 21
0 4
0 1
0 23
0 19
0 2
0 18
0 16
0 5
0 12
0 20
0 14
1 15
1 21
1 4
1 23
1 19
1 2
1 18
1 16
1 5
1 12
1 20
1 14
2 15
2 21
2 4
2 23
2 19
2 18
2 16
2 5
2 12
2 20
2 14
3 10
3 8
3 6
3 17
3 13
3 7
3 11
3 22
3 9
3 24
4 15
4 21
4 23
4 19
4 18
4 16
4 5
4 12
4 20
4 14
5 15
5 21
5 23
5 19
5 18
5 16
5 12
5 20
5 14
6 10
6 8
6 17
6 13
6 7
6 11
6 22
6 9
6 24
7 10
7 8
7 17
7 13
7 11
7 22
7 9
7 24
8 10
8 17
8 13
8 11
8 22
8 9
8 24
9 10
9 17
9 13
9 11
9 22
9 24
10 17
10 13
10 11
10 22
10 24
11 17
11 13
11 22
11 24
12 15
12 21
12 23
12 19
12 18
12 16
12 20
12 14
13 17
13 22
13 24
14 15
14 21
14 23
14 19
14 18
14 16
14 20
15 21
15 23
15 19
15 18
15 16
15 20
16 21
16 23
16 19
16 18
16 20
17 22
17 24
18 21
18 23
18 19
18 20
19 21
19 23
19 20
20 21
20 23
21 23
22 24
15 12
4 23
14 20
20 0
24 6
15 9
4 3
21 9
24 23
10 2
