22 172 5
0 18
0 11
0 17
0 16
0 3
0 9
0 15
0 12
0 1
0 20
0 19
0 6
0 21
0 7
0 8
0 14
0 5
0 2
1 18
1 11
1 17
1 16
1 3
1 9
1 15
1 12
1 20
1 19
1 6
1 21
1 7
1 8
1 14
1 5
1 2
2 18
2 11
2 17
2 16
2 3
2 9
2 15
2 12
2 20
2 19
2 6
2 21
2 7
2 8
2 14
2 5
3 18
3 11
3 17
3 16
3 9
3 15
3 12
3 20
3 19
3 6
3 21
3 7
3 8
3 14
3 5
5 18
5 11
5 17
5 16
5 9
5 15
5 12
5 20
5 19
5 6
5 21
5 7
5 8
5 14
6 18
6 11
6 17
6 16
6 9
6 15
6 12
6 20
6 19
6 21
6 7
6 8
6 14
7 18
7 11
7 17
7 16
7 9
7 15
7 12
7 20
7 19
7 21
7 8
7 14
8 18
8 11
8 17
8 16
8 9
8 15
8 12
8 20
8 19
8 21
8 14
9 18
9 11
9 17
9 16
9 15
9 12
9 20
9 19
9 21
9 14
10 13
11 18
11 17
11 16
11 15
11 12
11 20
11 19
11 21
11 14
12 18
12 17
12 16
12 15
12 20
12 19
12 21
12 14
14 18
14 17
14 16
14 15
14 20
14 19
14 21
15 18
15 17
15 16
15 20
15 19
15 21
16 18
16 17
16 20
16 19
16 21
17 18
17 20
17 19
17 21
18 20
18 19
18 21
19 20
19 21
20 21
1 17
7 6
12 17
7 19
9 1
13 20
18 13
10 17
6 4
11 4
