24 123 5
0 8
0 18
1 14
1 6
1 16
1 4
1 15
1 19
1 20
1 23
1 7
1 13
1 22
1 9
1 21
1 2
2 14
2 6
2 16
2 4
2 15
2 19
2 20
2 23
2 7
2 13
2 22
2 9
2 21
3 5
3 10
3 12
3 11
3 17
4 14
4 6
4 16
4 15
4 19
4 20
4 23
4 7
4 13
4 22
4 9
4 21
5 10
5 12
5 11
5 17
6 14
6 16
6 15
6 19
6 20
6 23
6 7
6 13
6 22
6 9
6 21
7 14
7 16
7 15
7 19
7 20
7 23
7 13
7 22
7 9
7 21
8 18
9 14
9 16
9 15
9 19
9 20
9 23
9 13
9 22
9 21
10 12
10 11
10 17
11 12
11 17
12 17
13 14
13 16
13 15
13 19
13 20
13 23
13 22
13 21
14 16
14 15
14 19
14 20
14 23
14 22
14 21
15 16
15 19
15 20
15 23
15 22
15 21
16 19
16 20
16 23
16 22
16 21
19 20
19 23
19 22
19 21
20 23
20 22
20 21
21 23
21 22
22 23
0 18
16 13
6 2
23 20
23 1
19 12
4 17
8 17
15 0
15 17
