24 101 5
0 5
0 4
0 23
0 18
0 16
0 13
0 6
0 3
0 14
1 15
1 19
1 2
1 9
1 22
1 8
1 21
1 12
1 20
2 15
2 19
2 9
2 22
2 21
2 12
2 20
3 5
3 7
3 23
3 18
3 13
3 6
3 11
3 14
4 5
4 18
4 16
4 13
4 10
4 6
4 11
5 7
5 23
5 16
5 13
5 10
5 6
5 11
5 14
6 7
6 23
6 10
6 11
6 14
7 18
7 10
7 11
7 14
8 15
8 9
8 17
8 21
8 12
9 15
9 19
9 17
9 21
9 12
9 20
10 23
10 18
10 16
10 13
10 11
10 14
11 18
11 16
11 13
12 15
12 22
12 21
12 20
13 18
13 16
14 23
14 18
15 19
15 17
15 21
15 20
16 23
16 18
17 22
17 21
17 20
18 23
19 22
19 21
19 20
20 22
20 21
21 22
18 0
6 4
8 21
22 15
11 7
18 12
19 13
8 18
1 16
11 9
