24 150 5
0 3
0 19
0 4
0 17
0 16
0 22
0 20
0 18
0 10
0 21
0 7
0 8
0 9
0 15
0 14
1 3
1 13
1 6
1 4
1 16
1 22
1 20
1 10
1 21
1 5
1 7
1 9
1 15
1 14
2 11
3 13
3 6
3 19
3 4
3 17
3 16
3 22
3 20
3 18
3 10
3 5
3 7
3 23
3 8
3 14
4 13
4 19
4 17
4 20
4 18
4 10
4 5
4 7
4 23
4 8
4 15
4 14
5 13
5 6
5 19
5 17
5 16
5 22
5 20
5 10
5 23
5 9
5 14
6 13
6 17
6 22
6 18
6 10
6 21
6 7
6 23
6 15
6 14
7 13
7 19
7 17
7 16
7 22
7 20
7 18
7 10
7 21
7 9
7 14
8 19
8 20
8 18
8 10
8 21
8 9
8 15
9 13
9 19
9 17
9 16
9 22
9 21
9 14
10 13
10 17
10 22
10 20
10 18
10 23
10 15
10 14
13 17
13 16
13 22
13 20
13 18
13 21
13 23
13 15
13 14
14 17
14 16
14 20
14 18
14 23
15 19
15 17
15 16
15 22
15 20
15 21
15 23
16 18
16 21
17 19
17 22
17 20
17 23
18 19
18 22
18 20
18 21
18 23
19 22
19 20
19 21
20 22
21 22
21 23
22 23
8 19
8 17
0 3
19 13
7 8
2 7
2 22
12 8
11 14
20 2
