22 127 5
0 11
0 7
0 1
0 18
0 12
0 2
0 4
0 21
0 16
0 20
0 15
0 10
0 19
0 17
0 13
1 11
1 7
1 18
1 12
1 2
1 4
1 21
1 16
1 20
1 15
1 10
1 19
1 17
1 13
2 11
2 7
2 18
2 12
2 4
2 21
2 16
2 20
2 15
2 10
2 19
2 17
2 13
3 5
4 11
4 7
4 18
4 12
4 21
4 16
4 20
4 15
4 10
4 19
4 17
4 13
6 9
6 8
6 14
7 11
7 18
7 12
7 21
7 16
7 20
7 15
7 10
7 19
7 17
7 13
8 9
8 14
9 14
10 11
10 18
10 12
10 21
10 16
10 20
10 15
10 19
10 17
10 13
11 18
11 12
11 21
11 16
11 20
11 15
11 19
11 17
11 13
12 18
12 21
12 16
12 20
12 15
12 19
12 17
12 13
13 18
13 21
13 16
13 20
13 15
13 19
13 17
15 18
15 21
15 16
15 20
15 19
15 17
16 18
16 21
16 20
16 19
16 17
17 18
17 21
17 20
17 19
18 21
18 20
18 19
19 21
19 20
20 21
10 11
13 19
15 1
2 20
16 18
0 5
21 14
6 2
3 9
5 21
