25 129 5
0 20
0 2
0 7
0 8
0 4
0 13
1 6
1 12
1 14
1 17
1 16
1 10
1 18
1 21
1 15
1 24
1 11
1 22
1 9
1 23
2 20
2 7
2 8
2 4
2 13
3 19
3 5
4 20
4 7
4 8
4 13
5 19
6 12
6 14
6 17
6 16
6 10
6 18
6 21
6 15
6 24
6 11
6 22
6 9
6 23
7 20
7 8
7 13
8 20
8 13
9 12
9 14
9 17
9 16
9 10
9 18
9 21
9 15
9 24
9 11
9 22
9 23
10 12
10 14
10 17
10 16
10 18
10 21
10 15
10 24
10 11
10 22
10 23
11 12
11 14
11 17
11 16
11 18
11 21
11 15
11 24
11 22
11 23
12 14
12 17
12 16
12 18
12 21
12 15
12 24
12 22
12 23
13 20
14 17
14 16
14 18
14 21
14 15
14 24
14 22
14 23
15 17
15 16
15 18
15 21
15 24
15 22
15 23
16 17
16 18
16 21
16 24
16 22
16 23
17 18
17 21
17 24
17 22
17 23
18 21
18 24
18 22
18 23
21 24
21 22
21 23
22 24
22 23
23 24
12 11
12 22
12 15
15 22
7 2
12 5
12 19
12 8
20 22
24 4
