24 136 5
0 21
0 7
0 9
0 23
0 22
0 15
0 6
0 4
0 17
0 10
0 1
0 3
0 2
1 21
1 7
1 9
1 23
1 22
1 15
1 6
1 4
1 17
1 10
1 3
1 2
2 21
2 7
2 9
2 23
2 22
2 15
2 6
2 4
2 17
2 10
2 3
3 21
3 7
3 9
3 23
3 22
3 15
3 6
3 4
3 17
3 10
4 21
4 7
4 9
4 23
4 22
4 15
4 6
4 17
4 10
5 18
5 19
5 14
5 12
5 20
5 13
5 16
5 8
5 11
6 21
6 7
6 9
6 23
6 22
6 15
6 17
6 10
7 21
7 9
7 23
7 22
7 15
7 17
7 10
8 18
8 19
8 14
8 12
8 20
8 13
8 16
8 11
9 21
9 23
9 22
9 15
9 17
9 10
10 21
10 23
10 22
10 15
10 17
11 18
11 19
11 14
11 12
11 20
11 13
11 16
12 18
12 19
12 14
12 20
12 13
12 16
13 18
13 19
13 14
13 20
13 16
14 18
14 19
14 20
14 16
15 21
15 23
15 22
15 17
16 18
16 19
16 20
17 21
17 23
17 22
18 19
18 20
19 20
21 23
21 22
22 23
23 17
15 0
7 21
2 9
2 17
21 13
2 5
0 8
18 10
11 0
