24 96 5
0 23
0 22
0 12
0 10
0 7
0 5
0 14
0 9
1 13
1 6
1 21
1 18
1 20
1 3
2 23
2 22
2 12
2 10
2 17
2 15
2 5
2 14
2 9
3 13
3 21
3 18
3 20
3 4
4 6
4 21
4 18
4 20
5 16
5 22
5 12
5 17
5 8
5 19
5 7
5 15
6 13
6 21
6 18
7 23
7 22
7 12
7 14
7 9
8 23
8 16
8 22
8 12
8 10
8 17
8 19
8 15
8 14
9 16
9 12
9 10
9 17
9 19
9 15
9 14
10 23
10 16
10 22
10 12
10 19
10 14
12 16
12 22
12 17
12 19
12 14
13 21
13 18
13 20
14 23
14 16
14 19
14 15
15 23
15 16
15 22
15 17
15 19
16 23
16 22
16 19
17 23
17 19
18 21
18 20
19 22
22 23
10 16
0 2
19 16
17 10
20 18
10 1
19 13
18 0
21 10
20 16
