24 127 5
0 1
0 21
0 7
0 18
0 8
0 11
0 4
0 6
0 13
0 17
0 9
0 22
0 14
0 2
1 21
1 7
1 18
1 8
1 11
1 4
1 6
1 13
1 17
1 9
1 22
1 14
1 2
2 21
2 7
2 18
2 8
2 11
2 4
2 6
2 13
2 17
2 9
2 22
2 14
3 5
3 10
3 15
3 12
3 16
3 20
4 21
4 7
4 18
4 8
4 11
4 6
4 13
4 17
4 9
4 22
4 14
5 10
5 15
5 12
5 16
5 20
6 21
6 7
6 18
6 8
6 11
6 13
6 17
6 9
6 22
6 14
7 21
7 18
7 8
7 11
7 13
7 17
7 9
7 22
7 14
8 21
8 18
8 11
8 13
8 17
8 9
8 22
8 14
9 21
9 18
9 11
9 13
9 17
9 22
9 14
10 15
10 12
10 16
10 20
11 21
11 18
11 13
11 17
11 22
11 14
12 15
12 16
12 20
13 21
13 18
13 17
13 22
13 14
14 21
14 18
14 17
14 22
15 16
15 20
16 20
17 21
17 18
17 22
18 21
18 22
19 23
21 22
17 13
4 14
21 4
18 1
4 7
16 7
19 11
23 11
10 11
19 14
