25 106 5
0 10
0 24
0 6
1 2
1 21
1 9
1 8
1 17
1 5
1 3
1 11
1 4
1 15
2 21
2 9
2 8
2 17
2 5
2 3
2 11
2 4
2 15
3 21
3 9
3 8
3 17
3 5
3 11
3 4
3 15
4 21
4 9
4 8
4 17
4 5
4 11
4 15
5 21
5 9
5 8
5 17
5 11
5 15
6 10
6 24
7 12
7 18
7 16
7 23
7 13
7 20
7 22
7 14
7 19
8 21
8 9
8 17
8 11
8 15
9 21
9 17
9 11
9 15
10 24
11 21
11 17
11 15
12 18
12 16
12 23
12 13
12 20
12 22
12 14
12 19
13 18
13 16
13 23
13 20
13 22
13 14
13 19
14 18
14 16
14 23
14 20
14 22
14 19
15 21
15 17
16 18
16 23
16 20
16 22
16 19
17 21
18 23
18 20
18 22
18 19
19 23
19 20
19 22
20 23
20 22
22 23
10 24
22 20
5 21
21 11
12 23
18 21
2 19
3 6
2 24
14 11
