25 86 5
0 11
0 10
0 5
0 7
1 20
1 4
1 8
1 16
1 9
1 23
1 2
2 20
2 22
2 15
2 4
2 19
2 8
2 16
2 9
2 23
2 14
2 17
3 20
3 4
3 19
3 8
3 23
3 14
3 21
4 20
4 22
4 15
4 8
4 16
4 23
4 14
4 21
5 11
5 10
5 7
6 13
6 12
6 18
7 11
7 10
8 20
8 22
8 15
8 23
8 14
8 21
9 22
9 19
9 16
9 21
9 17
12 18
13 24
13 18
14 20
14 22
14 15
14 19
14 23
14 21
14 17
15 22
15 19
15 16
15 21
15 17
16 20
16 21
17 20
17 19
17 23
17 21
18 24
19 22
19 21
20 22
20 23
20 21
21 22
21 23
22 23
22 8
16 23
11 10
14 23
20 1
7 16
10 12
24 9
21 7
12 10
