25 134 5
0 22
1 18
1 7
1 23
1 2
1 24
1 9
1 21
1 14
1 17
1 16
1 3
1 15
1 6
1 19
2 18
2 7
2 23
2 24
2 9
2 21
2 14
2 17
2 16
2 3
2 15
2 6
2 19
3 18
3 7
3 23
3 24
3 9
3 21
3 14
3 17
3 16
3 15
3 6
3 19
4 11
4 20
4 13
4 5
4 8
4 10
4 12
5 11
5 20
5 13
5 8
5 10
5 12
6 18
6 7
6 23
6 24
6 9
6 21
6 14
6 17
6 16
6 15
6 19
7 18
7 23
7 24
7 9
7 21
7 14
7 17
7 16
7 15
7 19
8 11
8 20
8 13
8 10
8 12
9 18
9 23
9 24
9 21
9 14
9 17
9 16
9 15
9 19
10 11
10 20
10 13
10 12
11 20
11 13
11 12
12 20
12 13
13 20
14 18
14 23
14 24
14 21
14 17
14 16
14 15
14 19
15 18
15 23
15 24
15 21
15 17
15 16
15 19
16 18
16 23
16 24
16 21
16 17
16 19
17 18
17 23
17 24
17 21
17 19
18 23
18 24
18 21
18 19
19 23
19 24
19 21
21 23
21 24
23 24
13 8
9 14
17 9
7 23
3 18
13 19
16 8
5 15
10 18
3 11
