20 93 5
1 10
1 9
1 16
1 4
1 12
2 8
2 19
2 7
2 14
2 17
2 5
2 18
2 6
2 11
2 3
2 13
2 15
3 8
3 19
3 7
3 14
3 17
3 5
3 18
3 6
3 11
3 13
3 15
4 10
4 9
4 16
4 12
5 8
5 19
5 7
5 14
5 17
5 18
5 6
5 11
5 13
5 15
6 8
6 19
6 7
6 14
6 17
6 18
6 11
6 13
6 15
7 8
7 19
7 14
7 17
7 18
7 11
7 13
7 15
8 19
8 14
8 17
8 18
8 11
8 13
8 15
9 10
9 16
9 12
10 16
10 12
11 19
11 14
11 17
11 18
11 13
11 15
12 16
13 19
13 14
13 17
13 18
13 15
14 19
14 17
14 18
14 15
15 19
15 17
15 18
17 19
17 18
18 19
11 17
14 15
19 8
18 3
6 7
8 4
9 5
1 14
14 10
0 5
