21 124 5
0 18
0 9
0 20
0 8
0 14
0 2
0 11
0 1
0 10
0 7
0 12
0 4
0 5
0 15
0 16
1 18
1 9
1 20
1 8
1 14
1 2
1 11
1 10
1 7
1 12
1 4
1 5
1 15
1 16
2 18
2 9
2 20
2 8
2 14
2 11
2 10
2 7
2 12
2 4
2 5
2 15
2 16
3 13
3 19
4 18
4 9
4 20
4 8
4 14
4 11
4 10
4 7
4 12
4 5
4 15
4 16
5 18
5 9
5 20
5 8
5 14
5 11
5 10
5 7
5 12
5 15
5 16
6 17
7 18
7 9
7 20
7 8
7 14
7 11
7 10
7 12
7 15
7 16
8 18
8 9
8 20
8 14
8 11
8 10
8 12
8 15
8 16
9 18
9 20
9 14
9 11
9 10
9 12
9 15
9 16
10 18
10 20
10 14
10 11
10 12
10 15
10 16
11 18
11 20
11 14
11 12
11 15
11 16
12 18
12 20
12 14
12 15
12 16
13 19
14 18
14 20
14 15
14 16
15 18
15 20
15 16
16 18
16 20
18 20
0 18
20 9
7 1
9 12
8 20
10 19
17 14
3 12
13 9
3 7
