21 138 5
0 4
0 20
0 6
0 16
0 13
0 9
0 18
0 7
0 3
0 5
0 19
0 1
0 15
0 8
0 10
0 12
1 4
1 20
1 6
1 16
1 13
1 9
1 18
1 7
1 3
1 5
1 19
1 15
1 8
1 10
1 12
2 11
3 4
3 20
3 6
3 16
3 13
3 9
3 18
3 7
3 5
3 19
3 15
3 8
3 10
3 12
4 20
4 6
4 16
4 13
4 9
4 18
4 7
4 5
4 19
4 15
4 8
4 10
4 12
5 20
5 6
5 16
5 13
5 9
5 18
5 7
5 19
5 15
5 8
5 10
5 12
6 20
6 16
6 13
6 9
6 18
6 7
6 19
6 15
6 8
6 10
6 12
7 20
7 16
7 13
7 9
7 18
7 19
7 15
7 8
7 10
7 12
8 20
8 16
8 13
8 9
8 18
8 19
8 15
8 10
8 12
9 20
9 16
9 13
9 18
9 19
9 15
9 10
9 12
10 20
10 16
10 13
10 18
10 19
10 15
10 12
12 20
12 16
12 13
12 18
12 19
12 15
13 20
13 16
13 18
13 19
13 15
14 17
15 20
15 16
15 18
15 19
16 20
16 18
16 19
18 20
18 19
19 20
0 18
8 5
8 9
20 0
10 13
19 11
1 17
1 2
17 10
2 15
