25 216 5
0 5
0 11
0 24
0 6
0 21
0 14
0 16
0 2
0 23
0 1
0 8
0 19
0 7
0 15
0 17
0 20
0 3
0 22
0 13
0 10
1 5
1 11
1 24
1 6
1 21
1 14
1 16
1 2
1 23
1 8
1 19
1 7
1 15
1 17
1 20
1 3
1 22
1 13
1 10
2 5
2 11
2 24
2 6
2 21
2 14
2 16
2 23
2 8
2 19
2 7
2 15
2 17
2 20
2 3
2 22
2 13
2 10
3 5
3 11
3 24
3 6
3 21
3 14
3 16
3 23
3 8
3 19
3 7
3 15
3 17
3 20
3 22
3 13
3 10
4 18
4 12
4 9
5 11
5 24
5 6
5 21
5 14
5 16
5 23
5 8
5 19
5 7
5 15
5 17
5 20
5 22
5 13
5 10
6 11
6 24
6 21
6 14
6 16
6 23
6 8
6 19
6 7
6 15
6 17
6 20
6 22
6 13
6 10
7 11
7 24
7 21
7 14
7 16
7 23
7 8
7 19
7 15
7 17
7 20
7 22
7 13
7 10
8 11
8 24
8 21
8 14
8 16
8 23
8 19
8 15
8 17
8 20
8 22
8 13
8 10
9 18
9 12
10 11
10 24
10 21
10 14
10 16
10 23
10 19
10 15
10 17
10 20
10 22
10 13
11 24
11 21
11 14
11 16
11 23
11 19
11 15
11 17
11 20
11 22
11 13
12 18
13 24
13 21
13 14
13 16
13 23
13 19
13 15
13 17
13 20
13 22
14 24
14 21
14 16
14 23
14 19
14 15
14 17
14 20
14 22
15 24
15 21
15 16
15 23
15 19
15 17
15 20
15 22
16 24
16 21
16 23
16 19
16 17
16 20
16 22
17 24
17 21
17 23
17 19
17 20
17 22
19 24
19 21
19 23
19 20
19 22
20 24
20 21
20 23
20 22
21 24
21 23
21 22
22 24
22 23
23 24
14 11
23 1
15 1
8 13
15 8
9 3
24 12
4 17
10 4
4 15
