23 193 5
0 18
0 16
1 12
1 10
1 7
1 6
1 22
1 13
1 9
1 2
1 19
1 14
1 11
1 21
1 15
1 5
1 20
1 4
1 8
1 17
1 3
2 12
2 10
2 7
2 6
2 22
2 13
2 9
2 19
2 14
2 11
2 21
2 15
2 5
2 20
2 4
2 8
2 17
2 3
3 12
3 10
3 7
3 6
3 22
3 13
3 9
3 19
3 14
3 11
3 21
3 15
3 5
3 20
3 4
3 8
3 17
4 12
4 10
4 7
4 6
4 22
4 13
4 9
4 19
4 14
4 11
4 21
4 15
4 5
4 20
4 8
4 17
5 12
5 10
5 7
5 6
5 22
5 13
5 9
5 19
5 14
5 11
5 21
5 15
5 20
5 8
5 17
6 12
6 10
6 7
6 22
6 13
6 9
6 19
6 14
6 11
6 21
6 15
6 20
6 8
6 17
7 12
7 10
7 22
7 13
7 9
7 19
7 14
7 11
7 21
7 15
7 20
7 8
7 17
8 12
8 10
8 22
8 13
8 9
8 19
8 14
8 11
8 21
8 15
8 20
8 17
9 12
9 10
9 22
9 13
9 19
9 14
9 11
9 21
9 15
9 20
9 17
10 12
10 22
10 13
10 19
10 14
10 11
10 21
10 15
10 20
10 17
11 12
11 22
11 13
11 19
11 14
11 21
11 15
11 20
11 17
12 22
12 13
12 19
12 14
12 21
12 15
12 20
12 17
13 22
13 19
13 14
13 21
13 15
13 20
13 17
14 22
14 19
14 21
14 15
14 20
14 17
15 22
15 19
15 21
15 20
15 17
16 18
17 22
17 19
17 21
17 20
19 22
19 21
19 20
20 22
20 21
21 22
2 14
10 1
2 1
18 16
8 6
10 0
3 18
18 9
18 15
0 1
