23 177 5
0 10
0 13
0 7
0 4
0 9
0 21
0 16
0 1
0 18
0 11
0 8
0 6
0 15
0 14
0 12
0 20
0 2
0 22
1 10
1 13
1 7
1 4
1 9
1 21
1 16
1 18
1 11
1 8
1 6
1 15
1 14
1 12
1 20
1 2
1 22
2 10
2 13
2 7
2 4
2 9
2 21
2 16
2 18
2 11
2 8
2 6
2 15
2 14
2 12
2 20
2 22
3 17
3 19
3 5
4 10
4 13
4 7
4 9
4 21
4 16
4 18
4 11
4 8
4 6
4 15
4 14
4 12
4 20
4 22
5 17
5 19
6 10
6 13
6 7
6 9
6 21
6 16
6 18
6 11
6 8
6 15
6 14
6 12
6 20
6 22
7 10
7 13
7 9
7 21
7 16
7 18
7 11
7 8
7 15
7 14
7 12
7 20
7 22
8 10
8 13
8 9
8 21
8 16
8 18
8 11
8 15
8 14
8 12
8 20
8 22
9 10
9 13
9 21
9 16
9 18
9 11
9 15
9 14
9 12
9 20
9 22
10 13
10 21
10 16
10 18
10 11
10 15
10 14
10 12
10 20
10 22
11 13
11 21
11 16
11 18
11 15
11 14
11 12
11 20
11 22
12 13
12 21
12 16
12 18
12 15
12 14
12 20
12 22
13 21
13 16
13 18
13 15
13 14
13 20
13 22
14 21
14 16
14 18
14 15
14 20
14 22
15 21
15 16
15 18
15 20
15 22
16 21
16 18
16 20
16 22
17 19
18 21
18 20
18 22
20 21
20 22
21 22
8 15
12 21
0 15
12 10
16 2
12 19
5 2
16 17
5 4
20 5
