24 181 5
0 5
0 22
0 21
0 14
0 19
0 13
0 18
0 12
0 15
0 6
0 7
0 10
0 20
0 2
0 4
0 8
0 17
0 23
1 3
1 16
1 11
1 9
2 5
2 22
2 21
2 14
2 19
2 13
2 18
2 12
2 15
2 6
2 7
2 10
2 20
2 4
2 8
2 17
2 23
3 16
3 11
3 9
4 5
4 22
4 21
4 14
4 19
4 13
4 18
4 12
4 15
4 6
4 7
4 10
4 20
4 8
4 17
4 23
5 22
5 21
5 14
5 19
5 13
5 18
5 12
5 15
5 6
5 7
5 10
5 20
5 8
5 17
5 23
6 22
6 21
6 14
6 19
6 13
6 18
6 12
6 15
6 7
6 10
6 20
6 8
6 17
6 23
7 22
7 21
7 14
7 19
7 13
7 18
7 12
7 15
7 10
7 20
7 8
7 17
7 23
8 22
8 21
8 14
8 19
8 13
8 18
8 12
8 15
8 10
8 20
8 17
8 23
9 16
9 11
10 22
10 21
10 14
10 19
10 13
10 18
10 12
10 15
10 20
10 17
10 23
11 16
12 22
12 21
12 14
12 19
12 13
12 18
12 15
12 20
12 17
12 23
13 22
13 21
13 14
13 19
13 18
13 15
13 20
13 17
13 23
14 22
14 21
14 19
14 18
14 15
14 20
14 17
14 23
15 22
15 21
15 19
15 18
15 20
15 17
15 23
17 22
17 21
17 19
17 18
17 20
17 23
18 22
18 21
18 19
18 20
18 23
19 22
19 21
19 20
19 23
20 22
20 21
20 23
21 22
21 23
22 23
14 13
22 15
19 20
4 18
4 15
2 16
9 17
22 16
10 1
10 3
