20 99 5
0 2
0 18
0 11
0 9
0 10
0 7
0 8
0 19
0 17
0 15
0 13
0 5
1 4
1 2
1 18
1 9
1 10
1 6
1 16
1 8
1 19
1 17
1 15
1 5
2 18
2 11
2 10
2 7
2 16
2 8
2 19
2 13
2 5
4 18
4 11
4 9
4 10
4 7
4 16
4 8
4 17
4 13
4 5
5 18
5 9
5 10
5 6
5 16
5 8
5 15
5 13
6 18
6 10
6 16
6 8
6 15
6 13
7 18
7 9
7 10
7 16
7 8
7 19
7 17
7 15
8 18
8 9
8 10
8 16
8 19
8 15
9 18
9 11
9 10
9 17
9 15
9 13
10 18
10 11
10 16
10 19
10 15
10 13
11 16
11 19
11 17
11 13
12 14
13 16
13 19
13 17
13 15
15 18
15 19
15 17
16 18
16 19
16 17
17 18
17 8
7 16
17 6
7 11
9 4
14 15
0 12
3 16
11 14
14 18
