23 89 5
0 9
0 3
0 10
0 14
0 1
1 9
1 3
1 10
1 14
1 20
2 5
2 13
2 7
2 16
2 19
2 21
2 8
2 4
2 12
2 18
2 11
2 17
3 9
3 10
3 14
3 20
4 6
4 5
4 13
4 16
4 18
4 11
4 17
5 6
5 13
5 7
5 16
5 22
5 8
5 12
6 19
6 12
6 11
6 17
7 15
7 16
7 19
7 22
7 21
7 8
7 12
7 11
7 17
8 13
8 16
8 22
8 21
9 14
10 20
11 15
11 13
11 16
11 22
11 21
11 12
11 18
11 17
12 15
12 13
12 16
12 22
12 21
12 17
13 16
13 19
13 22
13 21
13 18
13 17
14 20
15 16
15 17
16 19
16 22
16 21
16 18
18 21
19 21
21 22
17 21
6 19
14 20
22 4
7 15
2 3
5 1
21 20
15 20
17 9
