25 164 5
0 3
0 22
0 15
0 6
0 7
0 11
0 9
0 1
0 4
0 14
0 23
0 17
0 21
0 20
0 8
0 24
0 18
1 3
1 22
1 15
1 6
1 7
1 11
1 9
1 4
1 14
1 23
1 17
1 21
1 20
1 8
1 24
1 18
2 12
2 10
2 13
2 16
3 22
3 15
3 6
3 7
3 11
3 9
3 4
3 14
3 23
3 17
3 21
3 20
3 8
3 24
3 18
4 22
4 15
4 6
4 7
4 11
4 9
4 14
4 23
4 17
4 21
4 20
4 8
4 24
4 18
5 19
6 22
6 15
6 7
6 11
6 9
6 14
6 23
6 17
6 21
6 20
6 8
6 24
6 18
7 22
7 15
7 11
7 9
7 14
7 23
7 17
7 21
7 20
7 8
7 24
7 18
8 22
8 15
8 11
8 9
8 14
8 23
8 17
8 21
8 20
8 24
8 18
9 22
9 15
9 11
9 14
9 23
9 17
9 21
9 20
9 24
9 18
10 12
10 13
10 16
11 22
11 15
11 14
11 23
11 17
11 21
11 20
11 24
11 18
12 13
12 16
13 16
14 22
14 15
14 23
14 17
14 21
14 20
14 24
14 18
15 22
15 23
15 17
15 21
15 20
15 24
15 18
17 22
17 23
17 21
17 20
17 24
17 18
18 22
18 23
18 21
18 20
18 24
20 22
20 23
20 21
20 24
21 22
21 23
21 24
22 23
22 24
23 24
9 11
9 23
22 20
17 8
11 21
12 3
12 1
9 13
10 14
12 23
