24 148 5
0 10
0 19
0 20
0 21
0 22
0 9
0 17
0 12
0 15
0 7
0 16
0 6
0 3
0 1
0 4
1 10
1 19
1 20
1 21
1 22
1 9
1 17
1 12
1 15
1 7
1 16
1 6
1 3
1 4
2 23
2 8
2 5
2 18
2 11
2 13
2 14
3 10
3 19
3 20
3 21
3 22
3 9
3 17
3 12
3 15
3 7
3 16
3 6
3 4
4 10
4 19
4 20
4 21
4 22
4 9
4 17
4 12
4 15
4 7
4 16
4 6
5 23
5 8
5 18
5 11
5 13
5 14
6 10
6 19
6 20
6 21
6 22
6 9
6 17
6 12
6 15
6 7
6 16
7 10
7 19
7 20
7 21
7 22
7 9
7 17
7 12
7 15
7 16
8 23
8 18
8 11
8 13
8 14
9 10
9 19
9 20
9 21
9 22
9 17
9 12
9 15
9 16
10 19
10 20
10 21
10 22
10 17
10 12
10 15
10 16
11 23
11 18
11 13
11 14
12 19
12 20
12 21
12 22
12 17
12 15
12 16
13 23
13 18
13 14
14 23
14 18
15 19
15 20
15 21
15 22
15 17
15 16
16 19
16 20
16 21
16 22
16 17
17 19
17 20
17 21
17 22
18 23
19 20
19 21
19 22
20 21
20 22
21 22
16 20
16 6
17 1
11 23
21 7
7 2
23 21
4 13
5 21
9 8
