25 234 5
0 7
0 8
0 19
0 17
0 22
0 12
0 16
0 1
0 10
0 23
0 14
0 15
0 6
0 11
0 21
0 3
0 20
0 18
0 24
0 4
0 2
1 7
1 8
1 19
1 17
1 22
1 12
1 16
1 10
1 23
1 14
1 15
1 6
1 11
1 21
1 3
1 20
1 18
1 24
1 4
1 2
2 7
2 8
2 19
2 17
2 22
2 12
2 16
2 10
2 23
2 14
2 15
2 6
2 11
2 21
2 3
2 20
2 18
2 24
2 4
3 7
3 8
3 19
3 17
3 22
3 12
3 16
3 10
3 23
3 14
3 15
3 6
3 11
3 21
3 20
3 18
3 24
3 4
4 7
4 8
4 19
4 17
4 22
4 12
4 16
4 10
4 23
4 14
4 15
4 6
4 11
4 21
4 20
4 18
4 24
5 13
5 9
6 7
6 8
6 19
6 17
6 22
6 12
6 16
6 10
6 23
6 14
6 15
6 11
6 21
6 20
6 18
6 24
7 8
7 19
7 17
7 22
7 12
7 16
7 10
7 23
7 14
7 15
7 11
7 21
7 20
7 18
7 24
8 19
8 17
8 22
8 12
8 16
8 10
8 23
8 14
8 15
8 11
8 21
8 20
8 18
8 24
9 13
10 19
10 17
10 22
10 12
10 16
10 23
10 14
10 15
10 11
10 21
10 20
10 18
10 24
11 19
11 17
11 22
11 12
11 16
11 23
11 14
11 15
11 21
11 20
11 18
11 24
12 19
12 17
12 22
12 16
12 23
12 14
12 15
12 21
12 20
12 18
12 24
14 19
14 17
14 22
14 16
14 23
14 15
14 21
14 20
14 18
14 24
15 19
15 17
15 22
15 16
15 23
15 21
15 20
15 18
15 24
16 19
16 17
16 22
16 23
16 21
16 20
16 18
16 24
17 19
17 22
17 23
17 21
17 20
17 18
17 24
18 19
18 22
18 23
18 21
18 20
18 24
19 22
19 23
19 21
19 20
19 24
20 22
20 23
20 21
20 24
21 22
21 23
21 24
22 23
22 24
23 24
15 1
24 15
15 18
11 6
23 20
17 5
13 24
9 20
5 20
9 19
