25 216 5
0 12
0 4
0 24
1 22
1 13
1 2
1 18
1 5
1 3
1 19
1 7
1 9
1 21
1 8
1 10
1 23
1 6
1 20
1 14
1 11
1 16
1 17
1 15
2 22
2 13
2 18
2 5
2 3
2 19
2 7
2 9
2 21
2 8
2 10
2 23
2 6
2 20
2 14
2 11
2 16
2 17
2 15
3 22
3 13
3 18
3 5
3 19
3 7
3 9
3 21
3 8
3 10
3 23
3 6
3 20
3 14
3 11
3 16
3 17
3 15
4 12
4 24
5 22
5 13
5 18
5 19
5 7
5 9
5 21
5 8
5 10
5 23
5 6
5 20
5 14
5 11
5 16
5 17
5 15
6 22
6 13
6 18
6 19
6 7
6 9
6 21
6 8
6 10
6 23
6 20
6 14
6 11
6 16
6 17
6 15
7 22
7 13
7 18
7 19
7 9
7 21
7 8
7 10
7 23
7 20
7 14
7 11
7 16
7 17
7 15
8 22
8 13
8 18
8 19
8 9
8 21
8 10
8 23
8 20
8 14
8 11
8 16
8 17
8 15
9 22
9 13
9 18
9 19
9 21
9 10
9 23
9 20
9 14
9 11
9 16
9 17
9 15
10 22
10 13
10 18
10 19
10 21
10 23
10 20
10 14
10 11
10 16
10 17
10 15
11 22
11 13
11 18
11 19
11 21
11 23
11 20
11 14
11 16
11 17
11 15
12 24
13 22
13 18
13 19
13 21
13 23
13 20
13 14
13 16
13 17
13 15
14 22
14 18
14 19
14 21
14 23
14 20
14 16
14 17
14 15
15 22
15 18
15 19
15 21
15 23
15 20
15 16
15 17
16 22
16 18
16 19
16 21
16 23
16 20
16 17
17 22
17 18
17 19
17 21
17 23
17 20
18 22
18 19
18 21
18 23
18 20
19 22
19 21
19 23
19 20
20 22
20 21
20 23
21 22
21 23
22 23
23 5
1 8
21 23
3 19
9 10
15 0
10 0
24 23
17 24
4 1
