23 92 5
0 6
0 10
0 12
0 16
0 9
0 17
0 11
0 5
0 13
0 21
0 4
1 8
1 18
1 7
3 6
3 14
3 10
3 16
3 9
3 11
3 5
3 21
3 4
3 15
4 6
4 10
4 12
4 16
4 9
4 17
4 11
4 13
4 21
4 15
5 6
5 12
5 9
5 19
5 17
5 13
5 21
5 15
6 14
6 10
6 12
6 16
6 19
6 17
6 13
6 21
6 15
7 20
7 8
7 18
8 20
9 14
9 10
9 16
9 19
9 17
9 11
9 13
9 21
10 12
10 19
10 17
10 11
10 15
11 14
11 16
11 19
11 17
11 21
12 14
12 17
12 13
12 21
13 14
13 16
13 17
13 21
14 16
14 21
15 19
15 17
15 21
16 17
16 21
17 19
17 21
18 20
19 21
13 16
19 10
0 14
16 13
10 9
11 8
19 1
20 13
3 22
7 22
