21 156 5
0 10
0 5
0 6
0 14
0 7
0 9
0 19
0 17
0 20
0 15
0 11
0 3
0 1
0 13
0 16
0 18
0 2
1 10
1 5
1 6
1 14
1 7
1 9
1 19
1 17
1 20
1 15
1 11
1 3
1 13
1 16
1 18
1 2
2 10
2 5
2 6
2 14
2 7
2 9
2 19
2 17
2 20
2 15
2 11
2 3
2 13
2 16
2 18
3 10
3 5
3 6
3 14
3 7
3 9
3 19
3 17
3 20
3 15
3 11
3 13
3 16
3 18
4 12
4 8
5 10
5 6
5 14
5 7
5 9
5 19
5 17
5 20
5 15
5 11
5 13
5 16
5 18
6 10
6 14
6 7
6 9
6 19
6 17
6 20
6 15
6 11
6 13
6 16
6 18
7 10
7 14
7 9
7 19
7 17
7 20
7 15
7 11
7 13
7 16
7 18
8 12
9 10
9 14
9 19
9 17
9 20
9 15
9 11
9 13
9 16
9 18
10 14
10 19
10 17
10 20
10 15
10 11
10 13
10 16
10 18
11 14
11 19
11 17
11 20
11 15
11 13
11 16
11 18
13 14
13 19
13 17
13 20
13 15
13 16
13 18
14 19
14 17
14 20
14 15
14 16
14 18
15 19
15 17
15 20
15 16
15 18
16 19
16 17
16 20
16 18
17 19
17 20
17 18
18 19
18 20
19 20
2 9
18 15
16 1
15 0
11 18
14 12
10 12
12 7
8 16
4 14
