25 110 5
0 3
0 21
0 20
0 18
0 23
0 11
0 14
0 22
0 7
0 10
0 15
0 13
1 4
1 17
1 24
1 12
1 8
1 9
2 3
2 21
2 18
2 23
2 11
2 14
2 22
2 7
2 10
2 15
2 13
3 21
3 20
3 19
3 23
3 11
3 14
3 7
3 10
3 13
4 16
4 5
4 24
4 6
4 8
5 16
5 17
5 24
5 12
5 6
5 8
5 9
6 16
6 17
6 24
6 12
7 21
7 20
7 11
7 22
7 13
8 16
8 24
8 12
8 9
9 16
9 17
9 24
9 12
10 19
10 18
10 23
10 14
10 15
10 13
11 21
11 19
11 23
11 14
11 15
12 16
12 24
13 18
13 23
13 14
13 15
14 21
14 20
14 19
14 18
14 23
14 22
15 21
15 20
15 18
15 23
15 22
16 17
16 24
17 24
18 21
18 20
18 19
18 23
18 22
19 20
19 23
20 21
20 23
20 22
21 23
22 23
1 9
24 9
16 5
7 14
16 12
8 7
1 14
16 18
3 8
16 7
