25 111 5
0 15
0 6
0 8
0 9
0 7
0 20
0 24
0 3
0 2
1 15
1 6
1 8
1 9
1 7
1 11
1 20
1 10
1 24
1 22
1 2
2 15
2 6
2 9
2 11
2 20
2 5
2 22
2 3
2 23
3 15
3 20
3 10
3 24
3 22
3 23
4 17
4 13
4 16
4 12
4 19
5 6
5 8
5 9
5 7
5 11
5 10
5 22
5 23
6 15
6 8
6 11
6 20
6 24
6 22
7 15
7 8
7 9
7 11
7 20
7 10
7 24
7 22
8 15
8 11
8 20
8 10
8 24
8 22
9 20
9 10
9 24
9 22
9 23
10 15
10 11
10 24
10 22
10 23
11 20
11 23
12 17
12 13
12 18
12 21
12 16
12 14
12 19
13 17
13 18
13 21
13 14
13 19
14 17
14 18
14 21
14 16
14 19
15 20
15 24
15 22
16 17
16 18
16 21
18 21
18 19
19 21
20 24
20 22
20 23
22 24
22 23
5 3
17 12
0 1
6 9
0 15
14 3
19 9
0 4
17 9
0 13
