22 159 5
0 18
0 21
0 11
0 7
0 1
0 20
0 14
0 16
0 17
0 12
0 9
0 6
0 19
0 2
0 8
0 15
0 10
1 18
1 21
1 11
1 7
1 20
1 14
1 16
1 17
1 12
1 9
1 6
1 19
1 2
1 8
1 15
1 10
2 18
2 21
2 11
2 7
2 20
2 14
2 16
2 17
2 12
2 9
2 6
2 19
2 8
2 15
2 10
3 13
3 4
3 5
4 13
4 5
5 13
6 18
6 21
6 11
6 7
6 20
6 14
6 16
6 17
6 12
6 9
6 19
6 8
6 15
6 10
7 18
7 21
7 11
7 20
7 14
7 16
7 17
7 12
7 9
7 19
7 8
7 15
7 10
8 18
8 21
8 11
8 20
8 14
8 16
8 17
8 12
8 9
8 19
8 15
8 10
9 18
9 21
9 11
9 20
9 14
9 16
9 17
9 12
9 19
9 15
9 10
10 18
10 21
10 11
10 20
10 14
10 16
10 17
10 12
10 19
10 15
11 18
11 21
11 20
11 14
11 16
11 17
11 12
11 19
11 15
12 18
12 21
12 20
12 14
12 16
12 17
12 19
12 15
14 18
14 21
14 20
14 16
14 17
14 19
14 15
15 18
15 21
15 20
15 16
15 17
15 19
16 18
16 21
16 20
16 17
16 19
17 18
17 21
17 20
17 19
18 21
18 20
18 19
19 21
19 20
20 21
21 16
10 20
8 0
7 11
10 11
18 3
3 14
9 4
7 13
3 0
