25 174 5
0 6
0 4
0 11
0 16
0 5
0 2
0 22
0 15
0 8
0 21
0 7
0 9
0 23
0 12
0 3
0 14
0 20
1 19
1 18
1 24
1 17
1 13
1 10
2 6
2 4
2 11
2 16
2 5
2 22
2 15
2 8
2 21
2 7
2 9
2 23
2 12
2 3
2 14
2 20
3 6
3 4
3 11
3 16
3 5
3 22
3 15
3 8
3 21
3 7
3 9
3 23
3 12
3 14
3 20
4 6
4 11
4 16
4 5
4 22
4 15
4 8
4 21
4 7
4 9
4 23
4 12
4 14
4 20
5 6
5 11
5 16
5 22
5 15
5 8
5 21
5 7
5 9
5 23
5 12
5 14
5 20
6 11
6 16
6 22
6 15
6 8
6 21
6 7
6 9
6 23
6 12
6 14
6 20
7 11
7 16
7 22
7 15
7 8
7 21
7 9
7 23
7 12
7 14
7 20
8 11
8 16
8 22
8 15
8 21
8 9
8 23
8 12
8 14
8 20
9 11
9 16
9 22
9 15
9 21
9 23
9 12
9 14
9 20
10 19
10 18
10 24
10 17
10 13
11 16
11 22
11 15
11 21
11 23
11 12
11 14
11 20
12 16
12 22
12 15
12 21
12 23
12 14
12 20
13 19
13 18
13 24
13 17
14 16
14 22
14 15
14 21
14 23
14 20
15 16
15 22
15 21
15 23
15 20
16 22
16 21
16 23
16 20
17 19
17 18
17 24
18 19
18 24
19 24
20 22
20 21
20 23
21 22
21 23
22 23
4 3
23 21
15 4
4 15
18 10
23 24
9 19
15 24
8 24
18 2
