20 99 5
0 16
0 13
0 5
0 1
0 18
0 8
0 10
0 4
0 12
0 14
0 9
0 15
1 16
1 13
1 5
1 18
1 8
1 10
1 4
1 12
1 14
1 9
1 15
2 11
2 19
2 6
2 3
2 7
2 17
3 11
3 19
3 6
3 7
3 17
4 16
4 13
4 5
4 18
4 8
4 10
4 12
4 14
4 9
4 15
5 16
5 13
5 18
5 8
5 10
5 12
5 14
5 9
5 15
6 11
6 19
6 7
6 17
7 11
7 19
7 17
8 16
8 13
8 18
8 10
8 12
8 14
8 9
8 15
9 16
9 13
9 18
9 10
9 12
9 14
9 15
10 16
10 13
10 18
10 12
10 14
10 15
11 19
11 17
12 16
12 13
12 18
12 14
12 15
13 16
13 18
13 14
13 15
14 16
14 18
14 15
15 16
15 18
16 18
17 19
6 19
3 19
19 3
12 5
4 10
0 19
14 6
2 5
12 11
8 2
