15 15 96
13 20
6 15
6 18
0 27
9 21
5 29
13 27
5 22
11 26
7 21
13 25
8 16
5 21
1 22
4 17
0 24
13 29
14 15
0 18
9 23
0 25
2 27
10 16
12 29
0 21
5 24
5 23
4 16
9 16
14 29
11 24
3 21
7 15
1 25
11 18
13 22
7 23
4 20
5 19
9 17
14 17
8 19
14 16
8 26
8 21
5 27
0 16
9 18
2 15
4 22
3 26
6 24
11 25
0 28
13 17
10 19
4 23
9 26
9 24
11 21
0 17
12 17
0 22
14 18
14 21
6 17
1 17
2 29
4 18
13 15
11 28
7 18
3 16
10 23
8 20
11 20
13 23
2 24
0 20
0 19
9 19
13 18
4 26
4 25
9 15
2 19
7 27
6 20
5 18
11 19
9 25
8 28
5 17
0 23
7 25
11 15
15
