15 18 94
4 17
6 15
11 25
9 27
10 27
10 25
7 15
5 22
0 29
10 31
8 25
2 27
13 15
8 19
14 18
2 16
2 24
9 15
13 24
11 19
7 24
11 18
12 27
3 18
4 20
2 29
0 22
5 19
2 28
3 23
9 20
0 26
9 23
5 16
0 17
14 16
13 27
3 20
9 16
14 26
7 19
8 21
10 30
13 32
9 24
10 28
1 31
3 25
12 17
10 19
5 21
7 27
9 21
7 25
14 15
1 18
14 27
0 15
4 29
2 26
1 30
14 31
5 23
11 20
8 20
7 17
12 20
9 28
5 31
8 24
4 25
11 23
9 31
9 26
9 19
10 22
13 18
11 30
1 29
4 27
10 15
3 27
0 18
10 23
13 25
1 28
11 26
14 29
10 17
9 22
7 18
6 30
11 22
9 32
15
