15 17 117
11 17
14 28
6 18
7 25
14 22
13 25
14 21
7 15
11 26
7 26
3 23
11 21
9 21
11 15
5 26
2 27
7 22
11 22
2 25
1 23
10 20
1 15
3 24
10 31
4 30
14 17
10 18
7 16
0 29
1 26
9 28
2 31
9 27
9 30
3 28
14 27
14 20
12 26
6 28
0 20
10 22
9 23
12 25
4 23
8 22
2 20
9 18
8 30
8 26
5 28
10 23
0 31
11 18
7 19
6 30
2 26
12 17
11 16
2 22
1 22
6 19
10 26
10 27
2 21
12 15
3 26
7 20
1 21
14 26
0 18
11 23
5 30
5 19
0 25
4 29
7 28
4 20
3 17
13 24
4 19
14 16
12 28
3 30
12 23
14 15
12 18
14 29
11 29
14 30
2 16
11 28
4 18
7 27
6 22
1 24
13 17
12 22
3 20
12 20
6 21
7 17
11 30
12 16
0 30
9 16
11 25
0 15
5 21
1 28
12 29
5 23
5 27
3 16
2 24
10 16
10 30
5 25
15
