14 15 92
9 22
2 18
12 18
6 24
7 20
13 15
12 22
3 26
11 17
10 21
10 15
6 14
7 16
13 16
10 14
11 14
13 14
10 27
10 19
13 18
9 23
1 20
1 17
4 18
9 16
1 16
11 20
10 26
0 21
9 27
2 16
0 19
1 24
3 20
11 22
0 28
10 16
13 26
8 22
2 22
1 22
6 17
10 23
3 19
11 15
1 15
1 14
2 25
2 24
8 26
7 19
1 28
0 16
12 23
9 17
5 26
10 22
0 15
3 14
6 20
8 14
5 24
7 17
9 25
6 25
3 16
7 22
8 24
8 18
4 25
12 19
8 28
10 24
10 28
1 21
10 25
9 21
3 24
8 27
3 28
10 20
4 15
5 17
11 21
7 21
5 22
8 17
0 24
12 17
8 16
11 23
5 21
14
