15 16 113
14 15
1 26
7 22
2 23
2 15
7 21
7 19
11 24
7 17
4 26
0 25
5 24
5 27
13 27
13 18
1 16
4 15
9 27
2 26
4 30
0 23
6 20
2 20
9 20
1 15
1 21
2 25
11 18
8 24
14 30
13 21
6 30
5 29
14 25
2 21
3 21
14 22
3 29
8 25
2 16
7 18
14 27
0 20
2 24
13 20
12 30
0 28
5 15
4 22
12 28
8 30
10 18
9 17
7 24
8 18
14 18
3 17
10 28
7 20
14 17
10 17
1 18
7 15
12 16
2 19
10 15
10 22
3 18
8 17
0 24
12 15
4 25
0 18
0 15
12 20
14 23
7 16
11 26
12 17
1 28
9 26
4 20
10 21
13 30
5 25
7 23
10 30
10 24
9 30
13 19
9 15
9 23
12 24
12 29
1 29
14 29
14 20
1 24
3 23
13 22
13 24
1 23
10 23
2 30
14 28
11 27
0 30
9 29
4 19
5 22
13 23
7 26
12 25
15
