15 18 113
14 23
13 29
1 31
1 27
12 29
0 26
3 15
12 24
3 19
8 19
7 22
12 28
12 17
7 30
6 25
7 29
11 32
14 32
3 21
9 28
13 31
12 32
8 17
6 31
13 24
11 29
4 26
7 24
9 15
5 28
11 23
0 18
1 29
10 23
0 16
1 15
7 21
14 24
12 27
13 26
10 25
1 21
0 17
0 27
4 27
13 22
1 19
14 31
3 20
7 18
8 30
6 26
6 27
5 17
9 27
7 25
8 15
1 32
8 27
6 28
14 21
8 16
13 16
3 23
1 22
12 30
12 16
3 24
1 30
14 29
10 17
8 32
13 17
1 24
3 27
13 32
8 25
5 30
13 19
8 23
4 18
14 16
10 30
7 20
1 25
12 22
12 19
10 24
0 23
13 15
7 31
2 31
1 28
12 15
13 27
11 22
0 31
13 28
10 28
8 22
14 18
2 20
13 25
7 23
13 20
4 24
11 21
1 20
4 23
6 29
7 28
11 28
4 31
15
