15 17 119
8 15
2 29
5 18
12 20
3 27
8 29
6 30
8 30
4 25
2 19
6 19
0 17
14 28
1 18
8 17
8 27
2 22
11 30
6 16
9 20
13 23
5 25
11 19
11 23
3 23
8 18
12 26
11 18
7 20
2 26
2 20
6 26
10 16
12 17
2 31
9 18
7 17
11 27
14 26
10 31
0 26
11 21
5 26
1 30
3 25
11 22
7 26
0 16
14 15
4 17
14 17
8 31
2 28
1 19
3 31
11 31
7 24
13 21
4 18
0 18
4 31
4 19
2 23
8 28
13 17
7 28
5 15
1 22
9 23
0 27
7 23
11 20
14 27
1 26
8 16
7 29
12 28
2 17
14 16
2 15
2 16
0 25
12 23
5 28
10 21
4 27
7 31
12 24
7 16
9 29
4 24
0 30
9 22
12 21
10 18
6 25
8 24
10 30
10 15
10 17
7 25
2 24
5 30
13 27
14 21
14 30
4 23
12 16
5 22
10 27
13 26
12 27
8 25
11 17
13 30
0 19
5 21
3 21
7 22
15
