15 14 97
6 17
5 19
14 26
5 28
1 27
3 15
7 28
10 17
3 26
7 25
9 16
11 20
9 22
14 22
3 18
14 15
0 21
2 19
0 24
6 20
12 18
3 19
4 20
4 23
9 26
13 27
14 20
3 21
8 26
0 27
2 17
9 21
4 16
14 27
4 22
13 20
7 20
3 20
3 25
11 25
5 21
3 16
10 21
0 23
12 22
3 22
2 23
10 16
9 27
13 16
11 22
10 27
1 19
10 22
4 24
8 24
10 19
0 18
2 25
10 28
4 17
13 15
0 17
6 16
3 23
6 24
6 18
12 23
0 19
12 25
9 23
11 18
4 15
5 18
5 26
9 19
4 27
14 25
14 28
6 22
12 27
3 28
14 24
13 26
10 24
4 25
8 23
3 24
6 21
12 17
7 21
7 22
2 22
3 27
6 25
9 18
6 19
14
