15 15 95
6 15
0 26
9 27
12 23
5 27
1 23
3 17
9 23
5 26
7 27
4 23
8 27
6 17
7 16
8 19
1 16
8 15
0 28
4 15
0 25
13 26
5 16
9 24
4 19
5 29
6 25
9 26
10 15
5 15
10 25
5 23
5 20
12 16
0 20
6 28
13 15
14 27
0 22
11 17
3 21
1 15
8 29
8 16
3 25
4 29
1 26
2 28
9 15
4 26
10 28
3 27
7 18
0 19
3 24
10 23
9 19
11 20
1 19
3 28
2 21
12 24
9 22
4 16
5 28
3 26
7 25
9 25
7 28
0 21
0 23
10 17
1 21
0 16
6 18
13 21
8 20
14 23
0 27
1 29
14 29
8 28
10 22
12 21
1 22
7 29
8 21
6 26
7 22
11 28
5 19
11 25
12 29
14 19
0 24
2 15
15
