15 18 119
8 30
4 24
4 30
4 20
4 28
4 18
6 16
1 31
0 28
0 19
7 18
10 25
7 32
4 21
11 26
4 15
3 18
9 18
12 32
13 23
2 28
8 24
3 15
8 21
9 25
11 24
2 21
1 29
8 16
2 26
0 26
14 19
2 18
5 30
2 23
12 30
7 23
13 28
12 31
2 31
2 25
0 16
14 29
10 20
1 26
11 19
6 17
12 23
1 22
2 30
5 20
12 22
14 30
4 31
14 32
3 26
4 16
13 25
11 30
2 22
2 17
0 17
0 23
3 19
2 32
5 28
9 19
1 21
4 22
6 21
6 30
3 25
13 27
2 20
13 15
13 19
9 31
5 18
3 22
0 25
9 16
10 23
8 23
7 19
11 15
14 25
1 20
14 21
4 26
14 18
14 17
7 22
7 15
1 15
13 30
8 27
9 27
1 23
8 29
14 27
0 32
9 30
3 20
11 20
4 19
14 24
13 17
10 19
14 26
1 32
6 20
3 28
13 20
13 16
5 22
10 17
14 23
7 29
0 30
15
