14 17 107
6 24
8 23
13 16
11 26
11 29
7 30
8 16
10 27
4 29
11 24
8 18
12 24
1 15
8 21
11 22
4 14
4 30
8 17
8 28
3 25
4 20
11 18
3 22
9 24
1 29
4 19
11 14
6 29
9 22
10 15
10 19
0 28
8 19
1 30
5 27
8 29
9 16
13 23
4 16
7 27
0 20
6 20
10 22
9 19
8 24
6 23
10 18
1 18
9 14
12 29
12 15
2 26
3 16
12 14
13 20
1 24
0 22
7 23
10 16
5 18
3 30
8 30
8 27
6 15
5 14
6 19
6 30
9 26
13 24
12 21
10 25
10 28
0 27
9 21
3 15
13 28
3 20
1 17
6 17
6 22
1 22
6 21
0 15
12 22
13 30
13 17
2 17
9 20
3 23
11 27
11 21
7 19
1 14
10 29
0 29
0 26
9 30
13 21
2 27
8 15
7 14
7 26
4 25
13 15
9 27
7 28
5 30
14
