14 15 97
6 20
0 22
0 23
9 25
13 22
6 23
4 27
4 17
6 28
8 14
2 25
13 15
6 22
6 18
3 23
1 23
4 21
4 28
11 15
1 17
9 17
3 17
0 16
0 15
3 25
2 27
7 25
12 25
3 24
3 16
0 28
11 23
2 24
12 19
2 22
1 25
1 24
13 20
11 16
3 21
0 20
6 15
5 17
9 19
1 15
9 15
7 19
3 26
13 25
1 26
10 21
11 14
11 24
8 17
0 18
5 24
7 26
10 26
6 26
3 14
10 27
13 27
4 24
3 18
10 15
2 23
6 21
12 22
8 19
12 20
7 24
2 18
4 19
12 21
9 18
13 18
0 14
6 17
11 25
4 18
1 21
10 23
11 26
7 27
11 22
12 18
13 24
12 26
12 27
13 14
8 23
3 15
11 27
4 23
3 19
6 19
1 27
14
