14 17 95
6 21
5 16
0 22
9 28
8 17
3 15
12 21
9 14
8 29
8 16
1 20
5 25
2 18
2 22
3 26
6 17
1 23
13 23
8 26
11 19
11 26
0 14
8 15
1 24
12 24
0 25
2 21
5 21
2 26
12 23
2 19
3 22
10 18
11 24
5 27
1 17
7 19
4 26
4 23
12 17
7 28
1 27
7 24
5 18
2 16
4 30
7 23
7 25
13 16
2 15
12 29
12 28
12 15
9 30
4 24
4 17
5 17
2 25
7 20
11 27
10 28
1 22
0 15
0 16
1 28
5 24
5 23
13 26
11 17
5 15
4 15
8 24
13 24
12 27
10 25
4 14
1 19
2 20
1 18
4 16
7 26
0 29
8 22
0 18
9 27
1 16
13 14
9 29
12 20
0 26
7 17
10 19
2 27
11 30
1 14
14
