14 17 101
1 20
6 24
12 14
13 24
1 19
2 24
1 17
1 21
1 27
1 18
8 17
5 18
2 28
11 22
9 15
0 30
2 16
6 14
6 22
4 22
10 28
12 23
5 22
11 30
11 14
13 17
12 19
3 19
13 21
6 18
0 21
13 25
7 18
1 16
12 17
0 19
11 16
7 22
9 20
3 29
1 24
4 14
4 19
0 24
3 20
11 15
0 29
11 27
5 19
10 21
4 27
8 26
1 26
10 17
11 24
9 21
10 16
5 21
10 29
7 14
2 25
10 19
11 23
4 29
0 28
5 23
10 20
6 20
9 17
0 23
0 14
6 19
12 27
6 29
2 15
9 30
8 18
7 25
1 23
12 26
0 15
0 25
5 15
6 21
1 30
9 27
6 16
2 19
6 23
9 25
8 29
0 16
9 29
1 28
7 30
4 26
2 18
10 15
1 25
1 14
8 24
14
