15 18 105
12 20
7 17
7 16
13 20
6 25
3 25
1 22
0 19
9 22
7 22
8 17
10 28
6 23
8 19
3 30
0 25
8 30
7 19
8 16
5 28
1 17
14 16
0 15
8 31
1 16
9 26
3 28
8 22
10 27
8 26
1 24
8 24
12 26
2 21
7 32
0 18
7 24
7 25
1 19
9 29
1 18
7 26
10 18
14 26
12 22
6 29
9 19
8 23
10 22
1 26
8 21
0 17
0 23
9 25
7 27
2 32
7 21
13 22
8 20
12 17
5 17
14 20
4 15
2 19
4 17
9 24
9 17
0 32
14 17
8 27
7 29
7 18
5 18
11 16
11 28
1 23
3 32
2 24
8 29
0 30
13 19
11 22
14 18
14 19
12 21
9 16
2 30
9 21
5 31
9 28
1 30
3 18
5 24
5 22
0 21
3 27
6 28
9 18
6 26
14 21
8 28
10 21
14 27
9 30
2 28
15
