13 16 95
5 20
3 15
0 13
2 19
0 18
2 27
1 24
4 21
8 16
8 25
5 24
5 19
12 27
8 15
0 14
0 23
5 22
6 27
6 17
10 19
12 24
5 21
1 19
4 28
3 27
7 21
12 28
12 20
12 25
11 18
3 22
6 28
2 18
5 27
11 15
1 16
8 17
8 23
5 13
6 25
8 19
1 21
10 17
10 25
10 13
4 24
7 20
5 16
6 19
11 13
12 21
12 26
6 13
1 25
4 20
3 19
0 20
7 27
3 14
5 25
2 20
11 19
10 26
6 22
10 24
0 25
6 24
4 16
8 26
1 17
12 14
3 17
6 15
8 22
1 13
0 22
2 25
8 14
6 18
10 18
10 22
8 28
8 20
9 23
11 25
12 19
5 17
12 22
12 13
10 23
9 19
2 26
0 16
5 18
3 26
13
