14 17 109
4 23
3 20
13 16
1 29
4 27
9 28
2 21
3 23
13 30
12 23
3 18
0 27
5 21
11 27
10 19
7 16
3 29
0 16
8 26
5 18
5 27
7 26
7 22
11 18
8 28
11 17
11 20
3 19
4 24
9 29
2 17
2 16
0 17
5 24
8 25
10 22
12 19
11 25
8 22
1 22
10 28
9 24
6 30
8 27
6 27
1 15
6 28
1 18
5 23
3 22
7 25
3 24
12 15
4 30
6 29
12 16
5 20
5 15
0 24
10 16
13 19
7 18
2 18
4 19
4 17
3 30
7 21
0 28
13 27
8 23
7 27
11 23
3 25
12 21
0 21
5 16
9 20
10 18
5 19
11 22
4 29
4 25
10 21
3 16
6 14
10 24
0 20
4 15
5 14
10 30
0 23
4 20
8 19
6 20
2 28
0 30
9 21
8 24
6 15
0 14
5 30
0 29
13 18
6 26
10 20
2 26
1 17
1 25
2 25
14
