15 18 108
3 23
0 17
5 30
4 17
4 28
9 20
7 27
0 23
12 28
9 16
7 19
5 19
9 23
8 27
12 16
2 30
14 18
5 25
8 23
8 16
8 25
5 28
2 27
2 21
14 32
11 15
5 20
7 26
6 22
10 19
0 28
13 27
2 28
4 22
4 31
12 19
14 31
9 25
8 18
13 21
12 17
12 20
10 25
11 19
14 30
13 24
13 17
2 17
0 21
8 20
5 29
1 24
0 32
12 22
7 18
13 15
9 19
3 22
3 16
7 28
3 32
1 19
6 19
12 18
4 25
8 17
12 24
3 30
3 26
12 26
14 15
0 15
1 17
8 30
14 19
1 18
3 24
1 30
10 24
7 30
4 30
12 30
4 19
2 20
7 24
2 29
13 22
5 15
3 29
14 22
5 22
12 15
10 17
1 29
13 25
14 29
9 29
1 25
0 16
8 32
8 15
14 20
8 22
11 21
2 26
8 31
9 31
8 24
15
