14 17 97
3 20
9 29
1 18
5 19
2 24
11 21
7 19
8 20
10 17
10 16
12 26
12 24
0 18
2 21
12 18
10 23
12 16
1 16
13 20
4 18
12 14
1 21
6 23
5 29
11 26
8 27
7 18
10 20
5 27
11 25
6 29
13 18
4 22
3 18
8 30
1 15
9 14
8 24
12 28
4 20
11 19
5 26
11 20
4 14
13 28
12 21
3 23
12 22
8 29
5 28
2 28
1 20
11 27
11 23
4 30
8 17
6 16
10 29
6 17
9 21
4 23
10 24
11 22
2 26
8 22
8 18
10 27
1 17
0 26
9 22
10 19
13 21
4 15
13 30
1 26
12 27
6 28
0 30
3 26
1 22
8 15
9 30
12 20
10 28
0 20
8 19
8 25
4 25
3 25
1 25
1 30
9 17
6 27
2 22
4 28
9 24
10 15
14
