15 16 93
9 18
2 26
10 27
7 19
1 24
6 23
11 27
9 25
11 26
5 27
3 24
1 28
3 16
11 22
3 29
4 22
3 21
8 30
5 29
2 28
3 25
13 20
8 21
9 30
10 18
12 27
6 18
4 17
12 18
5 17
12 15
12 23
12 21
11 15
0 23
1 19
10 25
9 15
13 19
8 28
2 27
1 23
9 21
1 15
6 25
14 22
12 17
7 17
8 26
6 30
14 18
13 23
10 17
9 26
6 17
6 28
11 29
10 26
11 17
7 24
13 17
14 30
5 26
4 23
10 30
4 28
6 22
1 26
4 20
2 23
9 27
1 22
13 18
9 22
5 21
5 25
5 22
9 20
11 21
5 15
13 25
10 16
3 18
11 18
12 30
12 26
7 16
2 25
3 15
9 28
3 26
2 30
0 16
15
