14 15 92
4 27
8 21
7 18
8 22
6 20
5 26
1 28
2 25
5 25
0 15
6 14
1 25
7 15
10 17
11 23
12 22
2 17
10 23
9 19
11 22
8 24
1 18
7 22
0 23
1 17
10 27
12 23
1 26
6 16
10 18
3 21
3 26
5 27
9 28
5 24
4 25
9 16
13 18
8 16
13 25
2 22
4 23
0 16
2 16
3 27
8 17
11 16
0 20
4 19
8 25
11 17
10 26
10 16
6 27
1 15
3 22
1 20
11 24
3 24
10 15
5 17
10 21
3 25
2 20
8 14
5 22
9 23
2 27
6 22
3 18
9 21
11 28
3 23
9 22
8 19
12 16
11 15
11 25
2 21
2 15
9 20
1 22
6 17
13 17
12 25
11 14
10 20
9 18
10 14
11 21
12 14
6 23
14
