14 14 94
8 25
6 25
6 14
8 17
8 19
9 19
3 14
8 22
7 23
6 23
6 26
4 18
0 17
12 19
10 27
7 17
11 23
3 19
2 17
11 17
13 27
9 27
12 18
7 16
0 18
4 27
1 24
2 24
0 22
2 23
1 16
13 20
5 22
12 14
2 15
12 20
9 20
1 21
12 24
0 27
1 23
4 24
11 19
8 27
5 23
13 24
8 21
4 25
10 23
10 24
0 14
12 23
6 17
3 21
2 18
0 24
13 22
4 14
7 18
13 15
6 27
2 19
8 16
5 20
10 25
2 27
12 21
10 19
13 16
9 16
2 25
7 22
10 20
7 27
3 15
4 17
2 14
12 26
13 21
10 14
9 26
6 16
7 19
0 16
3 26
13 19
3 25
5 21
7 14
5 14
12 17
1 22
0 21
11 20
14
