15 16 104
2 15
0 30
12 21
3 30
0 20
8 16
1 30
4 22
10 17
10 15
10 30
12 15
13 18
5 20
11 20
4 20
3 24
2 26
14 26
8 28
7 25
9 20
13 20
4 25
1 22
11 29
9 17
0 25
6 24
11 16
12 23
9 19
10 28
1 25
1 29
11 27
6 20
1 15
13 29
9 29
4 30
2 29
9 22
1 27
11 21
9 26
13 23
10 24
7 30
5 22
8 15
8 19
10 22
14 18
2 23
9 28
4 15
4 26
10 23
5 21
8 25
9 24
12 26
7 19
0 24
11 17
5 29
2 30
1 19
6 30
4 16
3 19
4 29
0 26
10 19
5 19
12 29
5 17
9 25
12 30
0 15
8 17
9 16
7 24
10 29
8 22
5 23
11 26
11 25
8 21
0 23
14 25
12 17
12 22
5 26
8 18
0 21
4 19
2 20
1 28
7 28
13 15
12 20
9 23
15
