15 16 96
8 18
7 15
0 24
5 24
10 26
11 15
12 16
2 19
0 25
10 30
12 30
5 26
10 21
1 18
12 15
6 17
9 30
2 22
4 19
10 29
13 28
3 23
9 23
9 21
9 22
9 17
13 19
12 19
14 26
10 23
10 27
2 27
13 24
2 25
4 15
12 17
2 21
10 19
12 24
3 15
11 21
14 22
4 18
14 25
13 18
4 30
2 23
14 18
2 18
2 15
7 19
4 20
7 26
13 25
7 21
14 15
3 26
14 20
11 24
3 30
1 21
7 16
8 15
8 17
0 19
3 28
0 28
0 18
7 29
4 23
2 26
9 28
12 26
2 24
5 22
12 29
4 22
13 15
9 18
13 29
6 26
8 19
4 25
7 23
13 27
10 24
3 18
5 17
11 18
14 17
12 22
14 24
6 22
13 20
3 17
13 26
15
