14 13 94
7 20
2 15
10 17
12 21
3 25
7 19
12 25
2 22
8 21
3 15
5 26
6 20
9 21
8 24
0 20
10 21
11 25
3 17
2 24
8 23
7 18
8 25
4 26
11 17
1 19
12 14
2 21
2 25
8 26
10 25
3 23
6 15
10 15
4 16
7 22
13 21
1 14
6 26
5 25
4 20
3 24
9 24
3 18
11 16
6 14
13 15
7 26
11 18
1 18
6 18
0 21
4 23
10 16
4 22
9 25
8 18
13 14
0 17
4 17
12 26
0 23
10 24
5 15
13 26
5 23
5 22
8 19
6 19
5 21
4 25
4 24
1 16
7 25
10 19
10 26
0 18
1 23
10 23
3 20
11 15
13 17
8 17
1 15
11 19
12 15
10 20
4 21
0 26
8 15
13 25
5 16
0 19
12 20
1 22
13
