14 15 104
3 15
5 21
6 24
7 28
1 14
3 16
6 19
7 20
13 27
3 21
6 22
7 23
11 17
5 22
6 17
3 27
9 21
8 26
8 28
6 25
12 27
3 22
5 25
11 14
7 17
5 17
1 19
8 19
5 16
6 28
6 20
12 28
13 20
2 28
5 23
11 21
3 23
12 26
5 18
4 17
5 26
4 22
9 20
11 18
13 16
13 17
1 28
9 23
5 14
2 21
13 14
1 23
13 19
2 22
2 19
13 26
11 27
4 20
6 27
10 24
7 27
9 19
9 26
0 20
3 18
13 25
12 23
3 28
8 24
3 17
1 17
0 25
7 24
11 20
6 18
3 25
4 18
8 21
4 28
7 21
0 18
6 21
4 14
4 24
6 23
9 16
6 14
8 14
0 28
0 23
5 19
13 22
11 25
7 19
7 14
5 27
11 23
7 26
7 22
11 24
5 24
2 17
4 26
13 15
14
