15 16 97
5 21
6 20
10 26
12 20
3 24
6 17
12 15
3 26
4 23
9 21
13 24
0 25
5 20
3 21
11 22
5 17
13 20
12 22
12 30
4 15
13 28
12 23
9 17
9 25
12 25
14 21
4 19
5 24
5 30
12 19
11 27
3 23
2 23
7 29
14 23
3 15
8 21
11 20
4 18
9 20
7 21
14 15
10 15
2 16
2 19
3 19
12 26
8 17
4 27
3 18
6 18
10 23
8 28
2 20
6 15
8 30
8 26
5 29
7 26
8 23
4 22
8 22
11 16
14 27
6 26
6 25
0 19
13 22
7 30
2 15
11 25
7 15
1 26
13 17
3 20
5 19
5 27
5 28
0 29
6 27
5 26
6 22
5 18
1 15
11 23
2 26
12 28
3 17
3 16
7 27
12 29
12 27
0 15
12 16
2 18
6 19
5 15
15
