14 17 103
2 29
2 30
13 15
0 22
6 16
0 21
9 25
1 27
7 21
11 28
0 30
3 19
5 27
5 28
13 26
4 30
2 23
4 19
6 26
10 19
11 29
13 23
10 29
0 16
3 24
11 20
7 20
4 18
9 22
3 27
9 17
12 16
6 24
4 17
13 25
5 15
8 22
4 14
10 21
6 29
3 17
0 23
0 19
12 28
13 29
3 23
9 26
13 24
7 29
13 18
2 16
8 18
7 16
7 22
9 28
7 18
7 30
5 22
7 15
11 24
13 21
3 21
10 30
6 14
6 30
8 21
0 18
2 22
7 27
9 16
5 25
12 21
10 17
1 23
3 14
10 24
4 22
4 15
9 19
9 24
7 19
1 20
4 20
11 25
3 20
7 14
0 27
1 18
0 26
8 26
6 15
2 27
2 28
4 16
0 25
2 15
8 16
6 21
10 20
4 29
5 18
8 27
13 22
14
