15 14 96
9 15
5 15
8 19
8 25
1 25
8 21
5 23
1 15
0 15
2 15
6 26
1 16
9 21
1 18
7 16
3 16
11 28
5 22
5 27
7 23
8 28
12 28
10 28
13 19
7 27
7 21
3 17
7 18
3 26
4 21
12 26
5 20
13 24
2 28
3 22
0 22
3 25
8 20
1 27
12 16
12 24
5 26
13 25
0 24
10 22
11 25
2 16
6 25
12 19
6 23
9 20
6 16
7 15
8 15
6 20
11 20
9 28
4 17
13 22
0 27
13 27
8 24
3 27
13 28
12 22
8 18
5 24
4 26
2 23
5 16
4 27
8 16
6 17
4 19
9 26
6 28
4 15
11 27
3 23
11 17
4 28
13 23
9 18
5 21
7 19
6 19
6 27
13 15
2 27
13 16
1 20
7 24
12 25
12 20
7 22
7 25
14
