15 16 96
9 21
0 22
11 26
10 17
5 28
1 18
10 22
3 25
4 23
8 30
5 21
9 18
2 17
11 18
5 29
5 19
11 28
9 19
6 26
9 24
10 20
9 29
12 28
5 25
12 23
6 28
5 30
2 23
6 30
3 21
13 29
2 24
0 27
3 23
3 24
13 17
7 23
13 16
4 22
10 28
2 21
6 19
5 22
6 20
13 25
6 29
10 24
10 19
2 16
10 27
8 17
7 26
10 29
1 27
8 25
13 27
6 21
4 24
6 16
13 23
9 30
1 19
8 24
4 30
3 29
4 26
5 15
11 16
9 25
1 25
1 21
12 26
5 23
14 26
0 30
6 24
7 28
6 23
10 21
2 28
13 15
1 23
5 16
2 30
7 22
13 20
1 17
5 26
4 28
4 29
3 20
4 27
6 15
13 22
12 17
4 15
15
