15 17 123
2 29
7 29
5 29
10 26
13 20
0 23
10 28
3 31
1 15
5 25
6 18
13 30
5 15
11 29
4 22
4 23
14 23
7 28
1 24
11 20
9 29
1 23
7 17
9 15
0 16
4 26
3 16
11 25
1 18
11 15
1 30
14 28
3 26
11 21
8 23
13 24
11 26
11 28
10 25
2 20
7 31
3 22
7 27
8 19
3 28
0 25
9 18
7 24
13 19
12 25
11 31
8 28
0 31
1 29
3 19
10 15
7 30
4 15
4 17
5 31
10 17
6 23
8 22
12 27
7 21
3 21
1 19
9 31
3 29
12 24
14 31
9 26
1 27
11 19
4 31
10 20
7 16
8 24
4 20
1 22
10 30
9 27
2 31
5 21
10 21
3 25
11 16
14 27
3 20
5 18
7 20
1 26
5 23
4 18
0 21
12 22
2 21
14 17
0 28
12 29
14 18
14 25
1 17
9 28
4 29
6 21
1 28
7 19
11 22
3 18
8 31
2 19
3 23
8 17
9 16
5 28
1 20
9 17
14 16
8 16
13 25
12 28
6 20
15
