14 16 96
9 28
5 28
4 15
1 23
7 22
9 14
10 27
4 18
13 19
11 28
0 27
10 24
4 25
4 26
4 24
8 28
12 29
6 29
7 17
8 14
13 14
0 21
2 23
5 27
8 15
11 21
1 17
13 24
3 27
4 14
1 25
0 28
11 16
3 19
10 21
11 19
2 14
10 15
12 22
6 17
8 26
8 25
5 24
1 16
9 24
2 15
8 21
4 20
7 20
3 23
6 20
13 22
13 15
6 18
10 22
6 16
12 15
8 23
5 29
9 25
8 18
4 27
9 15
4 29
9 22
3 15
7 28
11 26
3 29
6 22
9 29
0 14
11 29
2 19
1 28
4 16
4 21
0 23
10 25
5 26
3 25
2 22
6 15
10 28
6 19
10 19
8 16
4 23
6 23
4 19
8 17
10 18
11 25
1 29
13 28
6 24
14
