14 17 96
12 28
8 19
2 24
3 20
0 16
5 14
9 18
11 25
5 22
7 18
13 20
10 25
1 22
6 26
5 17
12 26
8 25
13 29
3 28
10 21
11 19
8 14
8 29
0 14
6 20
11 14
5 18
4 25
11 22
11 20
0 23
8 26
2 14
6 15
2 15
11 26
3 27
9 17
9 22
7 16
0 21
0 24
7 21
6 18
0 19
13 28
5 19
11 24
0 18
4 19
0 20
13 21
2 17
13 18
11 17
10 20
6 21
7 24
13 26
11 18
0 26
4 26
0 28
0 27
13 19
13 25
2 22
7 25
13 14
10 22
2 18
0 22
10 30
10 26
5 15
4 14
6 19
13 30
3 18
6 27
4 30
12 29
5 25
7 26
13 24
12 21
13 22
13 23
6 23
3 14
13 15
12 24
9 23
5 29
2 30
1 15
14
