14 17 119
3 26
0 30
9 18
8 25
1 16
9 15
11 29
10 24
8 20
2 22
7 21
3 20
7 18
6 17
6 29
2 15
5 19
2 19
6 16
2 18
4 14
2 14
10 17
1 29
8 24
9 16
6 21
4 17
3 22
2 17
10 27
1 24
6 20
11 28
5 28
13 24
11 17
2 29
4 27
8 18
11 16
5 18
6 26
3 17
2 24
8 30
2 27
4 29
1 30
12 26
0 25
7 22
8 23
5 30
12 22
3 15
8 15
6 15
8 29
0 15
0 28
7 30
10 30
11 24
3 19
8 22
9 26
6 14
6 22
7 16
6 23
12 16
8 17
9 24
4 30
7 28
9 20
5 17
11 14
0 14
4 26
12 29
2 20
2 30
8 16
12 20
6 24
10 25
9 28
4 20
1 17
11 26
4 22
12 25
7 25
0 22
12 30
12 19
6 28
11 21
10 28
4 25
5 16
6 25
10 21
3 21
12 18
6 27
10 20
7 17
12 17
3 18
7 19
13 17
2 23
12 28
4 23
2 25
3 28
14
