15 18 118
8 25
13 19
2 27
4 15
2 15
5 28
0 24
2 22
7 30
7 27
13 32
13 18
5 17
0 16
10 21
10 25
12 21
11 15
13 24
1 27
5 25
2 32
11 22
10 20
9 15
2 24
10 32
13 29
13 20
5 29
13 31
6 32
7 18
2 23
8 19
13 27
11 23
11 25
11 17
14 21
13 25
14 15
10 24
1 28
7 16
7 29
7 22
1 23
3 16
12 30
8 15
4 24
9 25
12 22
2 21
8 23
11 21
2 25
6 30
7 32
10 29
8 32
8 31
3 20
6 18
1 30
14 32
9 19
5 15
5 24
12 16
5 18
2 26
2 20
3 29
2 30
7 19
11 32
14 27
4 29
11 31
1 24
9 16
1 32
7 25
10 18
13 22
3 22
11 19
12 18
14 18
10 17
0 22
13 17
9 32
12 26
0 25
3 21
8 27
12 31
1 25
5 30
2 29
6 22
8 20
4 22
12 32
5 16
13 26
0 28
10 30
2 16
12 20
1 15
13 30
11 26
11 16
8 24
15
