14 17 103
6 15
11 26
6 14
6 16
4 27
8 21
8 19
1 29
11 23
0 15
6 21
3 28
11 14
6 28
0 26
1 15
8 17
6 23
12 20
5 20
5 25
11 27
12 28
10 29
13 17
12 24
1 28
9 24
5 24
11 24
6 30
10 28
1 19
3 15
3 24
12 18
3 16
12 30
2 17
1 25
8 24
2 18
0 21
7 18
2 24
5 22
1 17
0 20
2 15
4 30
13 28
2 22
3 18
1 21
3 17
3 25
1 14
3 29
8 25
7 15
0 22
11 28
9 17
4 26
6 18
10 25
3 20
11 18
2 21
11 19
7 24
11 17
0 30
9 15
11 21
6 19
5 28
13 20
5 17
12 19
7 17
8 23
2 30
12 15
5 14
1 18
8 30
1 16
0 29
4 14
7 20
9 29
10 23
6 29
10 18
11 16
7 29
3 23
4 19
5 23
9 25
8 27
2 16
14
