15 16 96
0 27
4 15
5 24
10 16
0 24
4 21
0 25
1 24
14 17
8 22
1 20
6 15
1 30
1 25
7 16
12 18
3 26
10 20
5 19
7 25
6 16
10 25
12 23
12 28
14 16
1 21
9 16
11 20
3 24
9 30
7 17
12 30
0 17
1 16
14 28
1 23
3 20
4 20
12 24
11 18
14 25
6 23
0 15
3 23
4 28
12 25
11 17
7 21
4 19
7 27
14 22
11 24
6 17
7 18
3 25
13 27
1 26
11 19
8 15
9 17
11 15
3 27
11 25
8 29
2 22
12 27
12 20
3 28
7 20
2 16
2 28
7 15
10 19
11 29
2 25
10 24
5 30
8 17
13 20
8 16
12 26
4 26
13 23
11 23
12 15
0 26
10 17
3 18
9 29
0 28
12 16
2 21
8 27
7 24
6 27
1 28
15
