14 15 98
5 28
12 15
9 21
3 22
12 20
13 16
6 22
6 15
13 17
1 25
12 14
8 14
1 17
1 18
7 21
5 21
3 15
2 16
13 27
2 20
5 27
4 16
12 22
8 23
11 17
11 23
0 25
7 18
0 16
0 17
10 18
9 19
1 14
2 24
9 23
7 14
13 24
8 28
4 25
9 18
2 28
12 27
6 17
6 25
8 20
3 17
5 26
13 15
8 26
4 19
13 25
2 18
3 25
1 26
5 23
3 26
9 26
13 20
6 18
3 14
0 28
8 25
8 18
10 17
5 17
12 26
10 23
3 18
8 15
13 23
6 16
13 26
1 23
0 19
10 24
0 27
5 15
12 25
5 20
1 27
5 24
1 16
10 20
3 19
4 23
12 23
10 21
0 18
12 24
4 21
2 22
11 24
10 27
11 20
1 28
2 23
3 23
6 27
14
