15 14 112
4 19
7 18
3 18
10 25
13 17
2 15
12 28
0 27
0 17
12 17
4 25
13 18
6 22
10 23
1 23
4 16
4 28
10 18
5 28
5 21
0 21
2 21
8 21
5 19
4 21
5 15
5 26
2 22
2 19
9 22
11 21
11 15
6 16
13 27
6 26
13 21
10 26
3 20
0 26
3 27
5 27
6 17
13 15
5 18
5 17
7 24
3 21
5 16
3 15
6 21
7 22
10 19
7 23
11 24
8 28
9 21
0 23
13 16
8 19
6 19
13 20
1 16
13 22
12 15
2 25
2 18
3 23
3 19
9 26
12 27
8 15
14 20
0 22
12 22
3 24
13 24
4 22
1 19
11 17
2 27
13 23
14 15
9 19
0 20
9 16
7 27
1 24
1 27
3 22
10 21
9 17
2 20
11 25
5 25
10 24
6 20
8 22
5 22
2 23
8 26
3 28
9 23
14 17
8 24
11 26
3 25
4 26
12 19
9 27
3 17
4 27
8 20
14
