14 16 93
1 17
11 25
8 14
6 23
2 19
13 19
2 24
10 29
12 29
5 14
5 20
6 21
8 23
1 16
2 17
12 27
9 28
7 19
9 16
6 29
12 22
7 26
2 20
13 25
9 21
9 24
13 20
0 28
1 18
5 29
7 22
10 16
10 14
9 17
1 24
4 27
13 16
9 22
10 15
1 22
3 18
8 17
7 15
9 15
6 20
10 21
2 14
13 15
0 29
13 21
2 25
5 28
6 17
10 27
7 16
13 28
1 29
7 17
13 29
5 26
3 20
2 21
11 17
2 22
3 19
7 18
6 18
6 24
13 14
5 24
13 27
6 28
8 15
4 26
4 25
3 23
13 23
10 17
12 18
0 17
9 29
10 26
6 15
7 27
5 23
5 22
0 19
3 28
3 17
7 20
0 20
1 27
11 27
14
