20 115
10 7
13 19
18 16
5 17
0 11
4 15
9 16
11 17
7 16
0 6
8 6
1 3
11 14
18 12
6 18
13 5
6 16
9 19
12 5
2 5
11 9
14 18
19 8
4 1
1 7
15 16
17 19
13 2
5 18
10 18
9 7
0 8
10 12
17 18
14 3
8 15
17 8
2 8
14 16
1 2
5 0
1 16
4 11
5 6
9 5
3 8
19 1
17 13
2 11
10 2
5 15
15 2
8 14
17 10
4 8
6 2
9 15
7 2
2 17
8 5
11 3
13 15
12 8
3 17
5 7
1 18
2 3
11 7
7 8
14 17
13 10
18 7
5 19
9 1
5 14
5 10
15 14
19 4
6 14
4 12
3 4
1 14
0 16
16 5
19 0
5 3
3 9
9 10
12 2
17 16
15 18
3 13
15 11
4 14
10 3
18 3
8 18
19 12
0 15
14 10
6 13
1 17
6 15
1 6
10 16
13 18
4 5
14 0
0 17
1 13
13 4
10 8
18 2
7 17
14 13
