20 132
2 18
4 1
18 11
0 12
18 17
14 15
12 17
2 16
5 9
5 4
16 6
14 2
3 2
6 15
16 18
11 10
8 16
15 8
3 7
8 14
11 17
1 6
8 9
12 16
8 18
4 16
17 16
0 15
2 7
8 2
11 14
19 10
3 10
10 0
14 6
11 12
1 0
1 3
9 15
16 5
5 0
10 4
1 9
11 9
5 14
10 6
0 8
12 4
6 8
11 2
0 2
12 14
4 8
11 4
9 13
2 5
18 9
6 4
13 7
7 11
17 7
3 12
11 1
11 0
3 9
12 15
1 18
4 18
3 4
13 0
11 15
18 15
0 3
3 16
0 7
5 15
2 6
11 3
2 1
14 3
6 9
8 13
14 19
18 14
6 17
19 2
10 14
1 13
10 16
12 9
13 18
19 1
13 5
1 16
0 19
1 14
13 6
0 9
10 17
19 11
4 7
9 17
17 1
4 15
5 8
3 8
12 7
10 2
17 5
8 11
9 19
12 8
12 13
19 5
7 15
1 7
11 13
17 19
13 17
7 10
13 19
15 2
19 6
7 5
14 16
5 11
12 10
17 14
6 12
16 13
10 15
15 1
