20 116
14 1
4 16
13 2
6 7
13 15
14 8
6 1
12 1
8 12
12 14
15 1
5 18
12 16
15 8
7 8
12 18
2 11
16 5
1 10
14 15
17 18
7 11
14 7
19 3
18 16
19 13
9 4
11 0
0 9
13 14
9 19
0 4
6 18
11 13
18 3
7 0
17 13
12 6
18 10
8 17
6 0
7 16
10 16
14 9
10 3
11 4
5 3
9 10
10 15
1 8
1 13
12 9
4 3
15 2
10 6
5 2
8 2
15 5
8 11
2 18
7 18
1 16
4 5
12 4
1 18
13 0
1 11
7 10
4 7
9 16
13 8
16 6
17 19
19 4
6 8
17 16
7 12
9 6
16 14
9 3
1 19
10 14
13 10
8 10
17 1
13 18
4 14
12 5
3 17
3 16
5 6
14 19
19 2
5 0
19 6
18 4
1 9
9 5
11 6
10 12
17 4
1 0
15 19
15 16
0 18
2 9
0 10
13 9
3 0
17 14
6 15
4 2
1 5
2 3
8 0
11 5
