18 107
14 16
15 13
10 5
10 13
4 7
15 0
4 14
9 5
10 9
4 10
1 7
5 14
11 17
5 6
16 4
12 4
11 9
7 8
11 13
16 3
9 7
0 14
12 10
15 12
8 2
17 14
15 16
11 16
6 7
11 1
1 8
1 17
0 5
5 2
2 14
13 3
8 15
17 4
8 17
6 2
13 12
17 5
16 12
5 16
13 4
1 15
0 7
9 16
0 4
1 13
0 1
13 2
8 9
6 3
15 9
4 6
12 0
8 16
2 4
10 8
9 13
6 13
12 7
17 3
2 12
15 11
12 5
15 4
10 0
11 6
15 2
4 11
6 10
1 9
11 3
3 10
7 15
12 3
7 14
10 1
15 3
13 17
2 7
6 14
9 2
10 2
0 11
8 13
2 1
3 5
10 7
2 11
4 1
17 16
0 3
14 13
5 7
3 8
12 11
14 10
17 2
3 14
5 4
6 8
6 15
0 8
8 11
