20 115
3 14
13 18
9 10
11 1
8 12
16 17
11 10
1 9
15 19
2 0
7 11
17 12
12 5
12 6
16 2
14 12
18 1
7 4
5 18
6 2
10 19
12 2
2 8
11 3
1 10
19 5
11 2
15 17
7 15
4 11
3 12
3 15
2 17
14 8
17 9
1 2
18 3
12 18
4 12
14 5
10 14
13 0
19 9
10 16
7 9
9 2
8 16
7 3
8 18
8 11
6 7
15 0
14 9
9 0
8 17
3 1
5 8
18 16
6 16
10 12
10 0
3 19
4 3
6 1
0 6
16 11
14 13
1 17
1 14
18 19
18 9
7 16
4 0
16 19
0 7
18 0
14 16
10 3
0 17
16 9
2 7
6 3
5 7
12 15
8 9
4 8
6 4
18 7
16 15
15 14
5 0
8 6
0 12
5 3
4 9
7 8
16 1
11 12
12 1
13 19
13 6
2 13
14 4
10 8
12 7
17 14
12 13
18 10
1 0
4 13
5 6
17 5
17 10
16 3
2 18
