18 105
14 15
1 13
1 17
13 4
9 14
12 11
13 11
7 17
17 4
8 16
16 17
0 1
16 0
15 11
10 1
17 3
8 11
9 11
2 6
17 11
17 12
15 2
4 2
15 10
13 16
3 1
8 7
2 8
2 17
15 0
14 11
9 17
4 1
7 6
10 9
4 11
3 9
17 0
12 3
1 2
3 6
11 16
7 11
1 5
16 15
9 1
13 8
14 5
10 7
6 12
9 16
8 12
16 10
9 2
10 11
4 3
13 15
5 13
12 5
2 0
14 10
2 7
5 6
12 16
13 12
10 4
14 3
16 4
8 9
3 11
15 1
6 10
7 5
6 11
9 7
17 6
7 4
10 13
16 6
14 2
8 17
7 1
0 12
8 3
6 4
2 3
15 7
8 4
0 5
12 7
13 7
9 15
13 2
5 9
2 12
13 0
17 5
4 14
2 5
0 4
13 9
0 14
0 10
12 14
5 11
